dataset,method,family,response,calibration,update,subject,seed,epoch,bank_epoch,epochs,N_proj,p,power_objective,rooted_objective,lew,relative_lew,lew_reduction_pct,raw_gradient_norm,applied_update_norm,beta_t,target_rho,ess,ess_over_N,realized_rho_error,weight_entropy,max_weight,top5_mass,top10_mass,solver_status,solver_iterations,bracket_steps,bank_seed,bank_hash,bank_hash_kind,h_hash_epoch0,initial_source_hash,target_hash,direction_sampling_ms,source_projection_ms,target_projection_ms,wasserstein_1d_ms,aggregation_ms,backward_ms,optimizer_update_ms,total_epoch_ms,evaluation_ms,cumulative_optimization_ms,cumulative_evaluation_ms,cumulative_diagnostic_ms,nan,diverged,solver_failure,status
BNCI2014_001,ebsw_full_bscale,ebsw,full,bscale,normalized,1,1788,0,0,500,500,2,0.012142279357284406,0.1101920113133634,7.00240537723237,1.0,0.0,,0.0,122.7769233819667,,141.23291169155152,0.28246582338310305,,5.677210778978087,0.03838954343394995,0.1264482160670822,0.19388966539301772,fixed_beta,0,0,1788,bd0f24e7dfc9db479257333acb1d1d140ca657db3c0a83593d373857e0f00737,full_tensor_sha256,8b31c5b8296f0ada881b4d914142c5ffe1911990dafa14756825ef9cdfaac6db,944f93c6fa033d604d9e90219484c40564bfebf4e3306a041f5ec522a76c0b9b,0f2cf9a67445117338a1c28f1312c232b1cbb8285fc218b4057ed38b092a75be,,,,,,,,,14.858260983601213,0.0,14.858260983601213,0.0,False,False,False,initial
BNCI2014_001,ebsw_full_bscale,ebsw,full,bscale,normalized,1,1788,1,0,500,500,2,0.012142279357284406,0.1101920113133634,,,,0.005011678839778889,2.793683898093503,122.7769233819667,,141.23291169155152,0.28246582338310305,,5.677210778978087,0.03838954343394995,0.1264482160670822,0.19388966539301772,fixed_beta,0,0,1788,bd0f24e7dfc9db479257333acb1d1d140ca657db3c0a83593d373857e0f00737,full_tensor_sha256,8b31c5b8296f0ada881b4d914142c5ffe1911990dafa14756825ef9cdfaac6db,944f93c6fa033d604d9e90219484c40564bfebf4e3306a041f5ec522a76c0b9b,0f2cf9a67445117338a1c28f1312c232b1cbb8285fc218b4057ed38b092a75be,0.37516793236136436,0.33440603874623775,0.3422279842197895,0.7775591220706701,0.4572090692818165,0.8923101704567671,0.38696592673659325,3.5658462438732386,0.0,3.5658462438732386,14.858260983601213,62.94836406596005,False,False,False,ok
BNCI2014_001,ebsw_full_bscale,ebsw,full,bscale,normalized,1,1788,2,1,500,500,2,0.016387625101854597,0.12801415977091987,,,,0.02328605385479217,2.7936838980935024,122.7769233819667,,23.72303234141164,0.04744606468282328,,5.161672039969304,0.19572637526860867,0.2748049093073421,0.32595587084522193,fixed_beta,0,0,1789,cf9799963330ced6cf275fc1e781231654a9dd0b2e6c754413ebc3b1d350bebd,three_row_sha256,,944f93c6fa033d604d9e90219484c40564bfebf4e3306a041f5ec522a76c0b9b,0f2cf9a67445117338a1c28f1312c232b1cbb8285fc218b4057ed38b092a75be,0.38483506068587303,0.3691141027957201,0.3816711250692606,2.3516330402344465,0.6091271061450243,0.8575220126658678,1.8854248337447643,6.839327281340957,0.0,10.405173525214195,14.858260983601213,62.94836406596005,False,False,False,ok
BNCI2014_001,ebsw_full_bscale,ebsw,full,bscale,normalized,1,1788,3,2,500,500,2,0.020644358707905215,0.1436814487256626,,,,0.025705908678992313,2.793683898093503,122.7769233819667,,18.14508795485904,0.03629017590971808,,4.836339480901941,0.21921464703206478,0.35111681179654397,0.411137664841131,fixed_beta,0,0,1791,01a6c3eccb6df756cd3f918ce0e071f04550ab7ee36b1680aa7df9337c9bf1db,three_row_sha256,,944f93c6fa033d604d9e90219484c40564bfebf4e3306a041f5ec522a76c0b9b,0f2cf9a67445117338a1c28f1312c232b1cbb8285fc218b4057ed38b092a75be,0.3835349343717098,0.3150780685245991,0.3224331885576248,1.1610400397330523,0.5492069758474827,2.877807943150401,0.45394711196422577,6.0630482621490955,0.0,16.46822178736329,14.858260983601213,62.94836406596005,False,False,False,ok
BNCI2014_001,ebsw_full_bscale,ebsw,full,bscale,normalized,1,1788,4,3,500,500,2,0.011362124422546633,0.10659326630958746,,,,0.007386338934878393,2.793683898093503,122.7769233819667,,98.56918547722601,0.19713837095445202,,5.616805785601468,0.0608984574652594,0.18158747642731138,0.24577951493901184,fixed_beta,0,0,1794,b3c22e97c8f20e8421a7cd64815bdcc39842869c7f4e16addfb2d61fc06df0ef,three_row_sha256,,944f93c6fa033d604d9e90219484c40564bfebf4e3306a041f5ec522a76c0b9b,0f2cf9a67445117338a1c28f1312c232b1cbb8285fc218b4057ed38b092a75be,0.5104669835418463,0.3510399255901575,0.31464104540646076,1.0760121513158083,0.5258671008050442,3.7917611189186573,0.34423801116645336,6.914026336744428,0.0,23.38224812410772,14.858260983601213,62.94836406596005,False,False,False,ok
BNCI2014_001,ebsw_full_bscale,ebsw,full,bscale,normalized,1,1788,5,4,500,500,2,0.005698864458523245,0.07549082367098166,,,,0.00234653314600292,2.793683898093503,122.7769233819667,,289.73349119608207,0.5794669823921641,,6.018043953998076,0.01940463229978878,0.07448161097505449,0.11493186494476083,fixed_beta,0,0,1798,cfb96e428a932652bea321911e5d8617a1a90b463be25eb92d98c623f96bd44e,three_row_sha256,,944f93c6fa033d604d9e90219484c40564bfebf4e3306a041f5ec522a76c0b9b,0f2cf9a67445117338a1c28f1312c232b1cbb8285fc218b4057ed38b092a75be,0.3715439233928919,0.31356699764728546,0.31928298994898796,0.9868389461189508,0.40261493995785713,0.8897988591343164,0.41578197851777077,3.6994286347180605,0.0,27.08167675882578,14.858260983601213,62.94836406596005,False,False,False,ok
BNCI2014_001,ebsw_full_bscale,ebsw,full,bscale,normalized,1,1788,6,5,500,500,2,0.004382654876001538,0.06620162291063217,,,,0.002153021818688672,2.7936838980935024,122.7769233819667,,324.41164547461113,0.6488232909492223,,6.079733418020815,0.026138161864764895,0.05907687833973079,0.08767044873576126,fixed_beta,0,0,1803,07e89665440ef652084ea9f85cf07bda839f7f0d3e14ebbd7b314a204bba31c6,three_row_sha256,,944f93c6fa033d604d9e90219484c40564bfebf4e3306a041f5ec522a76c0b9b,0f2cf9a67445117338a1c28f1312c232b1cbb8285fc218b4057ed38b092a75be,0.37356396205723286,0.3246818669140339,0.3126750234514475,1.067345030605793,0.43458491563796997,0.8678999729454517,0.3730740863829851,3.753824857994914,0.0,30.835501616820693,14.858260983601213,62.94836406596005,False,False,False,ok
BNCI2014_001,ebsw_full_bscale,ebsw,full,bscale,normalized,1,1788,7,6,500,500,2,0.002805831169081714,0.05297009693290842,,,,0.000970182516759196,2.793683898093503,122.7769233819667,,433.7906883374512,0.8675813766749023,,6.159623639787432,0.00988380435084292,0.03746923610055429,0.05936019829976334,fixed_beta,0,0,1809,c29d0b6a46d65402b9871e1fb92f2a077725b4a18474c533faafb0aaa63a83b5,three_row_sha256,,944f93c6fa033d604d9e90219484c40564bfebf4e3306a041f5ec522a76c0b9b,0f2cf9a67445117338a1c28f1312c232b1cbb8285fc218b4057ed38b092a75be,0.3959708847105503,0.3396058455109596,0.3102188929915428,2.0101419650018215,0.4095418844372034,0.8954259101301432,0.3422170411795378,4.703122423961759,0.0,35.53862404078245,14.858260983601213,62.94836406596005,False,False,False,ok
BNCI2014_001,ebsw_full_bscale,ebsw,full,bscale,normalized,1,1788,8,7,500,500,2,0.002314643085445471,0.0481107377354107,,,,0.0008725422127917927,2.793683898093503,122.7769233819667,,444.54547354262866,0.8890909470852574,,6.171033663044195,0.009740992146847673,0.03649438976249707,0.056403068784943444,fixed_beta,0,0,1816,c43374600ca6d91413d297ebbe8300803729b4f37fda11f268664766bb6f61a2,three_row_sha256,,944f93c6fa033d604d9e90219484c40564bfebf4e3306a041f5ec522a76c0b9b,0f2cf9a67445117338a1c28f1312c232b1cbb8285fc218b4057ed38b092a75be,0.37219515070319176,0.3118840977549553,0.3121390473097563,0.9905949700623751,0.40974095463752747,1.3743808958679438,0.37063099443912506,4.141566110774875,0.0,39.680190151557326,14.858260983601213,62.94836406596005,False,False,False,ok
BNCI2014_001,ebsw_full_bscale,ebsw,full,bscale,normalized,1,1788,9,8,500,500,2,0.0014415896529127103,0.03796827166085797,,,,0.00048610819095832496,2.793683898093503,122.7769233819667,,480.0668540623088,0.9601337081246176,,6.197070809481679,0.005000441155110179,0.02170244906966312,0.039576025415952155,fixed_beta,0,0,1824,8ea168199c9fac26db1a87cbc0fcc5b949b24598662a761f3628db904b5a51b8,three_row_sha256,,944f93c6fa033d604d9e90219484c40564bfebf4e3306a041f5ec522a76c0b9b,0f2cf9a67445117338a1c28f1312c232b1cbb8285fc218b4057ed38b092a75be,0.2982460428029299,0.35089696757495403,0.29053399339318275,0.6668081041425467,0.31259795650839806,0.8044799324125051,0.38113794289529324,3.1047009397298098,0.0,42.784891091287136,14.858260983601213,62.94836406596005,False,False,False,ok
BNCI2014_001,ebsw_full_bscale,ebsw,full,bscale,normalized,1,1788,10,9,500,500,2,0.0010041352330349088,0.031688092922025284,,,,0.00033519439995254664,2.793683898093503,122.7769233819667,,493.2983386589106,0.9865966773178212,,6.208424512578901,0.0036201476499733085,0.016605158600400207,0.030906441306676004,fixed_beta,0,0,1833,f3588469396c48de2c7ca8a56e61a5ea11ee2c46e0d6617cf9dc6c69f54b4ec3,three_row_sha256,,944f93c6fa033d604d9e90219484c40564bfebf4e3306a041f5ec522a76c0b9b,0f2cf9a67445117338a1c28f1312c232b1cbb8285fc218b4057ed38b092a75be,0.21477602422237396,0.20317104645073414,0.7811838295310736,0.6987790111452341,0.26658899150788784,2.76950397528708,0.3952991683036089,5.329302046447992,0.0,48.11419313773513,14.858260983601213,62.94836406596005,False,False,False,ok
BNCI2014_001,ebsw_full_bscale,ebsw,full,bscale,normalized,1,1788,11,10,500,500,2,0.0005877727533652383,0.024244025106513117,,,,0.00019965016868847232,2.793683898093503,122.7769233819667,,498.51213025283414,0.9970242605056683,,6.213181404109771,0.0027492479051379774,0.013070447127217855,0.024949337361066845,fixed_beta,0,0,1843,04535e52fe5b0cf7a1eb0d9f2ddea6498ab21876155f590c1d4a9b8db4c3fd30,three_row_sha256,,944f93c6fa033d604d9e90219484c40564bfebf4e3306a041f5ec522a76c0b9b,0f2cf9a67445117338a1c28f1312c232b1cbb8285fc218b4057ed38b092a75be,0.23983605206012726,0.3317049704492092,0.2916809171438217,0.629303976893425,0.4063090309500694,0.9092979598790407,0.37276698276400566,3.180899890139699,0.0,51.29509302787483,14.858260983601213,62.94836406596005,False,False,False,ok
BNCI2014_001,ebsw_full_bscale,ebsw,full,bscale,normalized,1,1788,12,11,500,500,2,0.0003857802285371749,0.01964128887158821,,,,0.00013421691064100514,2.793683898093503,122.7769233819667,,499.62848125560265,0.9992569625112053,,6.214241999964191,0.0023102860026216767,0.011228670191148288,0.022115173299967657,fixed_beta,0,0,1854,d0df539394424309e187fa7962f3ce5895c286a0fcda45838ef5c4c6fa05c217,three_row_sha256,,944f93c6fa033d604d9e90219484c40564bfebf4e3306a041f5ec522a76c0b9b,0f2cf9a67445117338a1c28f1312c232b1cbb8285fc218b4057ed38b092a75be,0.399608863517642,0.4524029791355133,0.2965880557894707,3.763577900826931,1.7078227829188108,4.0924029890447855,0.3523558843880892,11.064759455621243,0.0,62.35985248349607,14.858260983601213,62.94836406596005,False,False,False,ok
BNCI2014_001,ebsw_full_bscale,ebsw,full,bscale,normalized,1,1788,13,12,500,500,2,0.00031777720447495817,0.017826306529254963,,,,0.0001092147061457086,2.793683898093503,122.7769233819667,,499.73645378483945,0.9994729075696789,,6.214348314137683,0.002307467359385852,0.011087786068932778,0.021840172992767134,fixed_beta,0,0,1866,3fab17fe00688a2046e004405a2e25801fdedeffb44f5d066516b8f92e3ce635,three_row_sha256,,944f93c6fa033d604d9e90219484c40564bfebf4e3306a041f5ec522a76c0b9b,0f2cf9a67445117338a1c28f1312c232b1cbb8285fc218b4057ed38b092a75be,0.3603461664170027,0.3230879083275795,0.29731797985732555,0.8133659139275551,0.24849199689924717,0.8948929607868195,0.4878421314060688,3.4253450576215982,0.0,65.78519754111767,14.858260983601213,62.94836406596005,False,False,False,ok
BNCI2014_001,ebsw_full_bscale,ebsw,full,bscale,normalized,1,1788,14,13,500,500,2,0.00029133712414480893,0.017068600532697722,,,,9.961525972328922e-05,2.793683898093503,122.7769233819667,,499.81444118397803,0.9996288823679561,,6.214424740115458,0.0022432121003853594,0.010945506434592156,0.021529269410989076,fixed_beta,0,0,1879,1cd71443c1965b9a677d90c75207543e956c6eef4127107729da16f33fcc0d83,three_row_sha256,,944f93c6fa033d604d9e90219484c40564bfebf4e3306a041f5ec522a76c0b9b,0f2cf9a67445117338a1c28f1312c232b1cbb8285fc218b4057ed38b092a75be,0.22171391174197197,0.33995392732322216,0.29424484819173813,2.3587821051478386,0.43528596870601177,3.7563988007605076,0.376787967979908,7.783167529851198,0.0,73.56836507096887,14.858260983601213,62.94836406596005,False,False,False,ok
BNCI2014_001,ebsw_full_bscale,ebsw,full,bscale,normalized,1,1788,15,14,500,500,2,0.00026157945068161877,0.016173418027170965,,,,9.03482602972998e-05,2.793683898093503,122.7769233819667,,499.8768638063135,0.999753727612627,,6.214485686837441,0.002146386627380997,0.010609522223213829,0.021083850197347577,fixed_beta,0,0,1893,fd8092c838368f64accce01a123cb531f813f450520c1c6e06e92ce38eeb168f,three_row_sha256,,944f93c6fa033d604d9e90219484c40564bfebf4e3306a041f5ec522a76c0b9b,0f2cf9a67445117338a1c28f1312c232b1cbb8285fc218b4057ed38b092a75be,0.3702719695866108,0.32647582702338696,0.3078088629990816,0.5928589962422848,0.2561011351644993,0.7287580519914627,0.34828693605959415,2.9305617790669203,0.0,76.49892685003579,14.858260983601213,62.94836406596005,False,False,False,ok
BNCI2014_001,ebsw_full_bscale,ebsw,full,bscale,normalized,1,1788,16,15,500,500,2,0.0002736698900851839,0.016542971017480017,,,,9.26675122083023e-05,2.793683898093503,122.7769233819667,,499.8348669969954,0.9996697339939908,,6.2144445111215685,0.0021958057800658564,0.01084858971130904,0.021433045491862077,fixed_beta,0,0,1908,0a3122ec2ce1c90c6f7501dafa98b736c1dd0ad3a16f901b0e6db75ce842e126,three_row_sha256,,944f93c6fa033d604d9e90219484c40564bfebf4e3306a041f5ec522a76c0b9b,0f2cf9a67445117338a1c28f1312c232b1cbb8285fc218b4057ed38b092a75be,0.35361386835575104,0.30773086473345757,0.21519302390515804,0.5588370840996504,0.31137396581470966,0.6906718481332064,0.5104769952595234,2.9478976503014565,0.0,79.44682450033724,14.858260983601213,62.94836406596005,False,False,False,ok
BNCI2014_001,ebsw_full_bscale,ebsw,full,bscale,normalized,1,1788,17,16,500,500,2,0.0002564538210827142,0.016014175629195347,,,,8.836872063405837e-05,2.793683898093503,122.7769233819667,,499.8742391503782,0.9997484783007564,,6.214483202518357,0.0021435052793242326,0.010620031073287158,0.02110647344461229,fixed_beta,0,0,1924,097ab6cd0ec864951ac1c67d7274fa8cec6105ff2b694abf4421a6faa08b8504,three_row_sha256,,944f93c6fa033d604d9e90219484c40564bfebf4e3306a041f5ec522a76c0b9b,0f2cf9a67445117338a1c28f1312c232b1cbb8285fc218b4057ed38b092a75be,0.4174020141363144,1.8050710204988718,0.3256530035287142,0.998703995719552,0.4279960412532091,0.7629240863025188,0.32728188671171665,5.065032048150897,0.0,84.51185654848814,14.858260983601213,62.94836406596005,False,False,False,ok
BNCI2014_001,ebsw_full_bscale,ebsw,full,bscale,normalized,1,1788,18,17,500,500,2,0.0002515728064520877,0.01586104682711982,,,,8.711068408712076e-05,2.793683898093503,122.7769233819667,,499.8754076659743,0.9997508153319487,,6.214484361216289,0.0021544552999540707,0.010636362123023954,0.021085933725104398,fixed_beta,0,0,1941,f80f0272a4867315baaeaa2e3ed5cf61c8c6430e3f86f6e259a602a229a7f23a,three_row_sha256,,944f93c6fa033d604d9e90219484c40564bfebf4e3306a041f5ec522a76c0b9b,0f2cf9a67445117338a1c28f1312c232b1cbb8285fc218b4057ed38b092a75be,0.4061269573867321,0.38203783333301544,0.2900089602917433,0.5514959339052439,0.30305003747344017,0.9630301501601934,0.5496281664818525,3.445378039032221,0.0,87.95723458752036,14.858260983601213,62.94836406596005,False,False,False,ok
BNCI2014_001,ebsw_full_bscale,ebsw,full,bscale,normalized,1,1788,19,18,500,500,2,0.00024861950615810626,0.0157676728199854,,,,8.633103379476382e-05,2.793683898093503,122.7769233819667,,499.8859723764122,0.9997719447528245,,6.214494833556069,0.002184135266923142,0.010638482025556763,0.021026780675101015,fixed_beta,0,0,1959,163f4031c11c86a6f0d3f9b5a23f3037473b77af3abcd905dabe1c7e79bf2671,three_row_sha256,,944f93c6fa033d604d9e90219484c40564bfebf4e3306a041f5ec522a76c0b9b,0f2cf9a67445117338a1c28f1312c232b1cbb8285fc218b4057ed38b092a75be,0.4063611850142479,0.35695102997124195,0.2979331184178591,0.6789988838136196,0.344099011272192,3.512416034936905,0.6502310279756784,6.246990291401744,0.0,94.2042248789221,14.858260983601213,62.94836406596005,False,False,False,ok
BNCI2014_001,ebsw_full_bscale,ebsw,full,bscale,normalized,1,1788,20,19,500,500,2,0.00024373271941568819,0.015611941564574478,,,,8.544331663136673e-05,2.793683898093503,122.7769233819667,,499.8857799080321,0.9997715598160641,,6.2144946122870275,0.002130363731909659,0.010588423822419516,0.02105905075796373,fixed_beta,0,0,1978,82a8221ce957fd975f4080310b0e7cd587cb02ff367979a49c5bc743eb5f92ea,three_row_sha256,,944f93c6fa033d604d9e90219484c40564bfebf4e3306a041f5ec522a76c0b9b,0f2cf9a67445117338a1c28f1312c232b1cbb8285fc218b4057ed38b092a75be,0.37035299465060234,0.3350418992340565,0.2937719691544771,0.5945139564573765,0.25777192786335945,0.9027880150824785,0.3576281014829874,3.111868863925338,0.0,97.31609374284744,14.858260983601213,62.94836406596005,False,False,False,ok
BNCI2014_001,ebsw_full_bscale,ebsw,full,bscale,normalized,1,1788,21,20,500,500,2,0.000246766964418629,0.015708818046518618,,,,8.588779786607299e-05,2.793683898093503,122.7769233819667,,499.8533737074637,0.9997067474149274,,6.214463077982665,0.0022127759198329404,0.010849082269148696,0.0214090376632992,fixed_beta,0,0,1998,0cb2e6dd7c9589a659b8569432b0d31e5d81711180bfd0dbb4be16126e00062c,three_row_sha256,,944f93c6fa033d604d9e90219484c40564bfebf4e3306a041f5ec522a76c0b9b,0f2cf9a67445117338a1c28f1312c232b1cbb8285fc218b4057ed38b092a75be,0.30857999809086323,0.36255805753171444,0.28796098195016384,0.5779180210083723,0.44303410686552525,0.7803430780768394,0.4115481860935688,3.1719424296170473,0.0,100.48803617246449,14.858260983601213,62.94836406596005,False,False,False,ok
BNCI2014_001,ebsw_full_bscale,ebsw,full,bscale,normalized,1,1788,22,21,500,500,2,0.00024281560804088979,0.015582541770869405,,,,8.60533413191386e-05,2.793683898093503,122.7769233819667,,499.887948573065,0.99977589714613,,6.214496916035252,0.0021864355067569533,0.01067802750456023,0.021106645479920638,fixed_beta,0,0,2019,322f1369bf6b0434e59d8982e0ad0dc625b18d75e37dccd843379e7b456785ac,three_row_sha256,,944f93c6fa033d604d9e90219484c40564bfebf4e3306a041f5ec522a76c0b9b,0f2cf9a67445117338a1c28f1312c232b1cbb8285fc218b4057ed38b092a75be,0.3093401901423931,0.3327680751681328,1.752639887854457,0.6650991272181273,0.2536880783736706,1.4888069126755,0.359121011570096,5.161463283002377,0.0,105.64949945546687,14.858260983601213,62.94836406596005,False,False,False,ok
BNCI2014_001,ebsw_full_bscale,ebsw,full,bscale,normalized,1,1788,23,22,500,500,2,0.00022774008319669865,0.015091059710858567,,,,8.21253824948641e-05,2.793683898093503,122.7769233819667,,499.9025940511466,0.9998051881022932,,6.214511312474249,0.0021307895759246987,0.010548856204933354,0.020999936146519658,fixed_beta,0,0,2041,2c0bc27756b669dda899bdc33f44d754815534849df0cf691ce48966f3ff9896,three_row_sha256,,944f93c6fa033d604d9e90219484c40564bfebf4e3306a041f5ec522a76c0b9b,0f2cf9a67445117338a1c28f1312c232b1cbb8285fc218b4057ed38b092a75be,0.19607506692409515,0.3331960178911686,0.29812799766659737,0.5943109281361103,0.27220603078603745,1.3929600827395916,0.3505358472466469,3.4374119713902473,0.0,109.08691142685711,14.858260983601213,62.94836406596005,False,False,False,ok
BNCI2014_001,ebsw_full_bscale,ebsw,full,bscale,normalized,1,1788,24,23,500,500,2,0.00024047914439851296,0.01550738999311338,,,,8.517802966114534e-05,2.793683898093503,122.7769233819667,,499.880976952631,0.999761953905262,,6.214490213011702,0.0021956258427612025,0.010754264340866846,0.021211011170214136,fixed_beta,0,0,2064,1c18b32848187a2f196ba50e4dce8702e885f64267087ae0ea2340f0d2e7c6b4,three_row_sha256,,944f93c6fa033d604d9e90219484c40564bfebf4e3306a041f5ec522a76c0b9b,0f2cf9a67445117338a1c28f1312c232b1cbb8285fc218b4057ed38b092a75be,0.23204204626381397,0.5217839498072863,0.3173789009451866,0.6027959752827883,0.4966501146554947,0.9889600332826376,0.6594918668270111,3.8191028870642185,0.0,112.90601431392133,14.858260983601213,62.94836406596005,False,False,False,ok
BNCI2014_001,ebsw_full_bscale,ebsw,full,bscale,normalized,1,1788,25,24,500,500,2,0.0002448337145989369,0.01564716314860099,5.7193601904504,0.8167707926545263,18.32292073454737,8.553472701612331e-05,2.793683898093503,122.7769233819667,,499.89723057608256,0.9997944611521652,,6.214505838288011,0.0021060973092242364,0.010511129603876013,0.020938678586580793,fixed_beta,0,0,2088,d8b6eb9217cf5ec2b4704e6da9ab2d7e9cb3d82d7afbe30e073df4fc945e4d9a,three_row_sha256,,944f93c6fa033d604d9e90219484c40564bfebf4e3306a041f5ec522a76c0b9b,0f2cf9a67445117338a1c28f1312c232b1cbb8285fc218b4057ed38b092a75be,0.20215800032019615,0.3830702044069767,0.28724479489028454,0.5465878639370203,0.30563795007765293,0.9119661990553141,0.3700871020555496,3.0067521147429943,10.309721110388637,115.91276642866433,25.16798209398985,62.94836406596005,False,False,False,ok
BNCI2014_001,ebsw_full_bscale,ebsw,full,bscale,normalized,1,1788,26,25,500,500,2,0.00023040408350348646,0.015179067280418993,,,,8.334744507716166e-05,2.793683898093503,122.7769233819667,,499.89843692565483,0.9997968738513097,,6.214507318810155,0.002159918511634945,0.010677711301677023,0.021112385597679965,fixed_beta,0,0,2113,5df2e1802a297f5230b57ec5628c652c3a4d34270d9454b63beb6f4248ad2060,three_row_sha256,,944f93c6fa033d604d9e90219484c40564bfebf4e3306a041f5ec522a76c0b9b,0f2cf9a67445117338a1c28f1312c232b1cbb8285fc218b4057ed38b092a75be,0.35470305010676384,0.33083814196288586,0.30447100289165974,0.5982990842312574,0.2572180237621069,1.409343909472227,0.356112839654088,3.610986052080989,0.0,119.52375248074532,25.16798209398985,111.92373908124864,False,False,False,ok
BNCI2014_001,ebsw_full_bscale,ebsw,full,bscale,normalized,1,1788,27,26,500,500,2,0.0002287972442517261,0.015126045228404088,,,,8.277771599835782e-05,2.793683898093503,122.7769233819667,,499.90163085452934,0.9998032617090588,,6.214510421100505,0.002165045176318121,0.01062245085500467,0.021049071327756,fixed_beta,0,0,2139,79df6e2b80ea9145139c090f2c324d7e8b256117661b8d41eb0f4bee5d3b129d,three_row_sha256,,944f93c6fa033d604d9e90219484c40564bfebf4e3306a041f5ec522a76c0b9b,0f2cf9a67445117338a1c28f1312c232b1cbb8285fc218b4057ed38b092a75be,0.22341101430356503,0.32301689498126507,0.30698906630277634,0.7226110901683569,0.2359601203352213,0.8376969490200281,0.4982701502740383,3.147955285385251,0.0,122.67170776613057,25.16798209398985,111.92373908124864,False,False,False,ok
BNCI2014_001,ebsw_full_bscale,ebsw,full,bscale,normalized,1,1788,28,27,500,500,2,0.0002278034934852429,0.015093160486963719,,,,8.24971623348315e-05,2.793683898093503,122.7769233819667,,499.91126714622203,0.999822534292444,,6.214519828721121,0.002128737472819751,0.010528513854792929,0.020932087223938984,fixed_beta,0,0,2166,b7be5ac78eacab3ba8c3d61e3845c0abc744465b9cf74edde45ea9d315170b77,three_row_sha256,,944f93c6fa033d604d9e90219484c40564bfebf4e3306a041f5ec522a76c0b9b,0f2cf9a67445117338a1c28f1312c232b1cbb8285fc218b4057ed38b092a75be,0.22784387692809105,0.9815320372581482,0.30329893343150616,0.6787008605897427,0.23303297348320484,0.7476911414414644,0.3723560366779566,3.544455859810114,0.0,126.21616362594068,25.16798209398985,111.92373908124864,False,False,False,ok
BNCI2014_001,ebsw_full_bscale,ebsw,full,bscale,normalized,1,1788,29,28,500,500,2,0.00022414684170484378,0.014971534380444905,,,,8.169272768040408e-05,2.793683898093503,122.7769233819667,,499.911879832484,0.999823759664968,,6.214520527209535,0.0021321798817805094,0.010574110219172168,0.021012957995629848,fixed_beta,0,0,2194,df3e861d609f1bc6be3976563710ab98babfe9087b076afa49a446d191bd5b0c,three_row_sha256,,944f93c6fa033d604d9e90219484c40564bfebf4e3306a041f5ec522a76c0b9b,0f2cf9a67445117338a1c28f1312c232b1cbb8285fc218b4057ed38b092a75be,0.24569197557866573,0.3795279189944267,0.2861330285668373,0.5529948975890875,0.2983659505844116,0.7442329078912735,0.41449395939707756,2.92144063860178,0.0,129.13760426454246,25.16798209398985,111.92373908124864,False,False,False,ok
BNCI2014_001,ebsw_full_bscale,ebsw,full,bscale,normalized,1,1788,30,29,500,500,2,0.00022790044270583717,0.015096371839148543,,,,8.214114199714604e-05,2.793683898093503,122.7769233819667,,499.90481102908194,0.9998096220581639,,6.2145134575038385,0.0021366350440772245,0.010529013471300603,0.020947117449157424,fixed_beta,0,0,2223,cf87b3a52a30788aa409432b3dbf2b6e6b3130e97baae032cb0978a2afb4e00c,three_row_sha256,,944f93c6fa033d604d9e90219484c40564bfebf4e3306a041f5ec522a76c0b9b,0f2cf9a67445117338a1c28f1312c232b1cbb8285fc218b4057ed38b092a75be,0.1866789534687996,0.32639503479003906,0.33082510344684124,0.54212287068367,0.24780398234724998,0.73265191167593,0.4251122009009123,2.7915900573134422,0.0,131.9291943218559,25.16798209398985,111.92373908124864,False,False,False,ok
BNCI2014_001,ebsw_full_bscale,ebsw,full,bscale,normalized,1,1788,31,30,500,500,2,0.00021598061569886066,0.014696278974586072,,,,8.001762895091052e-05,2.793683898093503,122.7769233819667,,499.93261085588074,0.9998652217117615,,6.214540945603927,0.0020977647393614993,0.010410341997368212,0.02071028671555144,fixed_beta,0,0,2253,1901bc1ba4b16829e035923354ef6779542ca7fa4da7dd93507648593b9d2b11,three_row_sha256,,944f93c6fa033d604d9e90219484c40564bfebf4e3306a041f5ec522a76c0b9b,0f2cf9a67445117338a1c28f1312c232b1cbb8285fc218b4057ed38b092a75be,0.3646211698651314,0.40295603685081005,0.43543800711631775,2.044630004093051,0.30606496147811413,1.1695579160004854,0.42828312143683434,5.151551216840744,0.0,137.08074553869665,25.16798209398985,111.92373908124864,False,False,False,ok
BNCI2014_001,ebsw_full_bscale,ebsw,full,bscale,normalized,1,1788,32,31,500,500,2,0.0002280754926908387,0.015102168476442008,,,,8.250484400593428e-05,2.793683898093503,122.7769233819667,,499.9220493263782,0.9998440986527565,,6.214530450559025,0.0020995503098085204,0.010421661947221128,0.020777254666062055,fixed_beta,0,0,2284,b16ae258a359a3ba0fc3318eb85a1311e1f92d47211150fb4625adba7ea01c64,three_row_sha256,,944f93c6fa033d604d9e90219484c40564bfebf4e3306a041f5ec522a76c0b9b,0f2cf9a67445117338a1c28f1312c232b1cbb8285fc218b4057ed38b092a75be,0.1848139800131321,0.3655659966170788,0.28590415604412556,0.58743916451931,0.4927369300276041,1.2074499391019344,0.567510025575757,3.691420191898942,0.0,140.7721657305956,25.16798209398985,111.92373908124864,False,False,False,ok
BNCI2014_001,ebsw_full_bscale,ebsw,full,bscale,normalized,1,1788,33,32,500,500,2,0.0002293617385041471,0.015144693410701555,,,,8.270464758261337e-05,2.793683898093503,122.7769233819667,,499.91726103190166,0.9998345220638033,,6.214525691479871,0.0021218110034323836,0.010457580879475056,0.02080759222211541,fixed_beta,0,0,2316,0d05b33340dd98ec74a8425bee721a08c6c104654c0abdfa560877c6610a65e2,three_row_sha256,,944f93c6fa033d604d9e90219484c40564bfebf4e3306a041f5ec522a76c0b9b,0f2cf9a67445117338a1c28f1312c232b1cbb8285fc218b4057ed38b092a75be,0.34059910103678703,0.3978339955210686,0.5035130307078362,0.562816159799695,0.3801069688051939,1.2291369494050741,0.38623297587037086,3.8002391811460257,0.0,144.57240491174161,25.16798209398985,111.92373908124864,False,False,False,ok
BNCI2014_001,ebsw_full_bscale,ebsw,full,bscale,normalized,1,1788,34,33,500,500,2,0.00022768863611985726,0.015089355059771683,,,,8.233978136301551e-05,2.793683898093503,122.7769233819667,,499.919092582779,0.999838185165558,,6.2145276644726986,0.0021470674261004903,0.010532447766188347,0.020898870129784024,fixed_beta,0,0,2349,207bd8562650528cb5c2476bb9cc6ca3204ab984a5b8e8af8acdce919d35f407,three_row_sha256,,944f93c6fa033d604d9e90219484c40564bfebf4e3306a041f5ec522a76c0b9b,0f2cf9a67445117338a1c28f1312c232b1cbb8285fc218b4057ed38b092a75be,0.2157408744096756,0.3666849806904793,0.31858496367931366,0.7222990971058607,0.3189800772815943,0.7053159642964602,0.16479683108627796,2.8124027885496616,0.0,147.38480770029128,25.16798209398985,111.92373908124864,False,False,False,ok
BNCI2014_001,ebsw_full_bscale,ebsw,full,bscale,normalized,1,1788,35,34,500,500,2,0.00021995807410555017,0.014830983585236353,,,,8.046400623889534e-05,2.793683898093503,122.7769233819667,,499.91968385339834,0.9998393677067967,,6.214528163547676,0.0021139374901541167,0.010443719720300547,0.020801980483539935,fixed_beta,0,0,2383,15d6e030f98d641a87d1ba9023452c1cf491aa5922bad00283b8235784d345f8,three_row_sha256,,944f93c6fa033d604d9e90219484c40564bfebf4e3306a041f5ec522a76c0b9b,0f2cf9a67445117338a1c28f1312c232b1cbb8285fc218b4057ed38b092a75be,0.2015319187194109,0.3488010261207819,0.3295810893177986,0.6203160155564547,0.33038994297385216,0.9458970744162798,0.3517591394484043,3.1282762065529823,0.0,150.51308390684426,25.16798209398985,111.92373908124864,False,False,False,ok
BNCI2014_001,ebsw_full_bscale,ebsw,full,bscale,normalized,1,1788,36,35,500,500,2,0.00021162006106568995,0.014547166771082606,,,,7.917795406775125e-05,2.793683898093503,122.7769233819667,,499.9172808626893,0.9998345617253787,,6.214525994173735,0.0021599542566922312,0.010590035613625606,0.02101444228175139,fixed_beta,0,0,2418,736c9ca42809f6f62aa8010c8abcffbae0dbf35f3542ffa50586a73a5f48d9e1,three_row_sha256,,944f93c6fa033d604d9e90219484c40564bfebf4e3306a041f5ec522a76c0b9b,0f2cf9a67445117338a1c28f1312c232b1cbb8285fc218b4057ed38b092a75be,0.24068495258688927,0.3915450070053339,0.3374780062586069,0.742404954507947,0.48720906488597393,1.8325941637158394,0.3975830040872097,4.4294991530478,0.0,154.94258305989206,25.16798209398985,111.92373908124864,False,False,False,ok
BNCI2014_001,ebsw_full_bscale,ebsw,full,bscale,normalized,1,1788,37,36,500,500,2,0.0002145027250003734,0.014645911545560194,,,,7.978218511539986e-05,2.793683898093503,122.7769233819667,,499.92115508191824,0.9998423101638365,,6.21452963151963,0.0021054366169501433,0.010459242088346088,0.020864548303315834,fixed_beta,0,0,2454,fc17edcfc3929a1b3dcddbef327d9e1fc777b57f58465794e6d901f232ae1bcd,three_row_sha256,,944f93c6fa033d604d9e90219484c40564bfebf4e3306a041f5ec522a76c0b9b,0f2cf9a67445117338a1c28f1312c232b1cbb8285fc218b4057ed38b092a75be,0.20404811948537827,0.403739046305418,0.2923200372606516,0.609430018812418,0.34164078533649445,0.8936640806496143,0.5441959947347641,3.2890380825847387,0.0,158.2316211424768,25.16798209398985,111.92373908124864,False,False,False,ok
BNCI2014_001,ebsw_full_bscale,ebsw,full,bscale,normalized,1,1788,38,37,500,500,2,0.0002210825839388485,0.014868846086325882,,,,8.123096445758817e-05,2.793683898093503,122.7769233819667,,499.9111554352356,0.9998223108704712,,6.2145198028224,0.002143268355322786,0.010535302848237619,0.020959306027521524,fixed_beta,0,0,2491,0d89d595950a98a081921e644dc2c004fa7729d58efe57a3f5672851fddd628c,three_row_sha256,,944f93c6fa033d604d9e90219484c40564bfebf4e3306a041f5ec522a76c0b9b,0f2cf9a67445117338a1c28f1312c232b1cbb8285fc218b4057ed38b092a75be,0.22568879649043083,0.5314000882208347,0.29246904887259007,0.6087501533329487,0.486146891489625,1.3708260376006365,0.37325313314795494,3.8885341491550207,0.0,162.12015529163182,25.16798209398985,111.92373908124864,False,False,False,ok
BNCI2014_001,ebsw_full_bscale,ebsw,full,bscale,normalized,1,1788,39,38,500,500,2,0.00021980826356476774,0.01482593213139625,,,,8.109639227424825e-05,2.793683898093503,122.7769233819667,,499.925017485476,0.999850034970952,,6.214533449982076,0.0021206285738151016,0.010498039390926547,0.02082098660259451,fixed_beta,0,0,2529,afc4f64cb9fd4a60d4cbcdad84fdcd98558ae57c223b156c3e40823d692b15cf,three_row_sha256,,944f93c6fa033d604d9e90219484c40564bfebf4e3306a041f5ec522a76c0b9b,0f2cf9a67445117338a1c28f1312c232b1cbb8285fc218b4057ed38b092a75be,0.20910194143652916,0.40292786434292793,0.2958390396088362,0.6145080551505089,0.27012103237211704,0.8074459619820118,0.5452448967844248,3.1451887916773558,0.0,165.26534408330917,25.16798209398985,111.92373908124864,False,False,False,ok
BNCI2014_001,ebsw_full_bscale,ebsw,full,bscale,normalized,1,1788,40,39,500,500,2,0.00021569272861564597,0.014686481151577663,,,,7.969936332634211e-05,2.793683898093503,122.7769233819667,,499.92093661938515,0.9998418732387703,,6.2145294665265,0.002112112716485686,0.010500585404718736,0.020899126650226127,fixed_beta,0,0,2568,e2b7d86b1b23c36d09bdb056e241e6134790e59d9447cea71a5206093a6ab6bc,three_row_sha256,,944f93c6fa033d604d9e90219484c40564bfebf4e3306a041f5ec522a76c0b9b,0f2cf9a67445117338a1c28f1312c232b1cbb8285fc218b4057ed38b092a75be,0.22326991893351078,0.49506896175444126,0.29188115149736404,0.6230250000953674,1.7763799987733364,0.986733939498663,0.38356706500053406,4.779926035553217,0.0,170.0452701188624,25.16798209398985,111.92373908124864,False,False,False,ok
BNCI2014_001,ebsw_full_bscale,ebsw,full,bscale,normalized,1,1788,41,40,500,500,2,0.0002154571528889409,0.01467845880496113,,,,7.957814185073639e-05,2.793683898093503,122.7769233819667,,499.921042177555,0.99984208435511,,6.214529599008257,0.002145350088444993,0.010527397809867948,0.020908722075495954,fixed_beta,0,0,2608,65425b6a8353223e5ebe9a311ed8587d9ee50e9f03a3a3f5716c3ef16675c852,three_row_sha256,,944f93c6fa033d604d9e90219484c40564bfebf4e3306a041f5ec522a76c0b9b,0f2cf9a67445117338a1c28f1312c232b1cbb8285fc218b4057ed38b092a75be,0.21467497572302818,0.3083019983023405,0.21663610823452473,0.5372280720621347,0.24527381174266338,0.6719171069562435,0.5489860195666552,2.74301809258759,0.0,172.78828821144998,25.16798209398985,111.92373908124864,False,False,False,ok
BNCI2014_001,ebsw_full_bscale,ebsw,full,bscale,normalized,1,1788,42,41,500,500,2,0.00021896435014669445,0.014797444041005678,,,,8.034922820298156e-05,2.793683898093503,122.7769233819667,,499.9232685464034,0.9998465370928068,,6.214531737944669,0.002121464227031824,0.010515676206862213,0.020879231499003056,fixed_beta,0,0,2649,d857964a026facc2cf650e62a29f2897ddb87a84fc91213e3ba36d5129505bda,three_row_sha256,,944f93c6fa033d604d9e90219484c40564bfebf4e3306a041f5ec522a76c0b9b,0f2cf9a67445117338a1c28f1312c232b1cbb8285fc218b4057ed38b092a75be,0.24056900292634964,0.5292980931699276,0.29853195883333683,0.6083340849727392,1.4806068502366543,1.1641450691968203,0.379905104637146,4.701390163972974,0.0,177.48967837542295,25.16798209398985,111.92373908124864,False,False,False,ok
BNCI2014_001,ebsw_full_bscale,ebsw,full,bscale,normalized,1,1788,43,42,500,500,2,0.00021936459929408836,0.014810962132626239,,,,7.994501558078928e-05,2.793683898093503,122.7769233819667,,499.92613004609456,0.9998522600921891,,6.2145345205779385,0.0021046942003565836,0.010433419583815239,0.02077149278580049,fixed_beta,0,0,2691,167db1c77664b564e8654eea0807166bf171e5c24e4046ecee4571adf0b1bb3e,three_row_sha256,,944f93c6fa033d604d9e90219484c40564bfebf4e3306a041f5ec522a76c0b9b,0f2cf9a67445117338a1c28f1312c232b1cbb8285fc218b4057ed38b092a75be,0.2145669423043728,0.30772597528994083,0.2145608887076378,0.544863985851407,0.2377810887992382,0.7034970913082361,0.5694979336112738,2.7924939058721066,0.0,180.28217228129506,25.16798209398985,111.92373908124864,False,False,False,ok
BNCI2014_001,ebsw_full_bscale,ebsw,full,bscale,normalized,1,1788,44,43,500,500,2,0.0002130754016543229,0.014597102508865343,,,,7.930053507800979e-05,2.793683898093503,122.7769233819667,,499.92771930002255,0.9998554386000451,,6.2145361381859034,0.002119479357800954,0.010461649365406847,0.020799238546998118,fixed_beta,0,0,2734,7118c60796e20754bafc9766fc7ef38520e09baf8b818b957f48112b2eda718c,three_row_sha256,,944f93c6fa033d604d9e90219484c40564bfebf4e3306a041f5ec522a76c0b9b,0f2cf9a67445117338a1c28f1312c232b1cbb8285fc218b4057ed38b092a75be,0.33012405037879944,0.521648908033967,0.29470608569681644,2.0979910623282194,0.5997298285365105,0.8049642201513052,0.42395410127937794,5.073118256404996,0.0,185.35529053770006,25.16798209398985,111.92373908124864,False,False,False,ok
BNCI2014_001,ebsw_full_bscale,ebsw,full,bscale,normalized,1,1788,45,44,500,500,2,0.0002229026714938151,0.014929925367992135,,,,8.132980099005989e-05,2.793683898093503,122.7769233819667,,499.9268734447479,0.9998537468894958,,6.214535332642185,0.0021148439243124277,0.010492687584942682,0.020868667472172416,fixed_beta,0,0,2778,51ecca5e6627bccac51af31e8f165bf231a287f8265bce75e7f4b10e9887e95f,three_row_sha256,,944f93c6fa033d604d9e90219484c40564bfebf4e3306a041f5ec522a76c0b9b,0f2cf9a67445117338a1c28f1312c232b1cbb8285fc218b4057ed38b092a75be,0.23311516270041466,0.35640597343444824,0.2958569675683975,0.9684001561254263,0.2598580904304981,0.7183640263974667,0.4634831566363573,3.295483533293009,0.0,188.65077407099307,25.16798209398985,111.92373908124864,False,False,False,ok
BNCI2014_001,ebsw_full_bscale,ebsw,full,bscale,normalized,1,1788,46,45,500,500,2,0.00021364732003581975,0.014616679514712627,,,,7.928077552777365e-05,2.793683898093503,122.7769233819667,,499.9194350172429,0.9998388700344858,,6.214528044322499,0.002124637867555022,0.010586819503561962,0.020986039569054808,fixed_beta,0,0,2823,d62123e7e5183159889a495731eac104ee698f5abb5824751b608c2b540fe913,three_row_sha256,,944f93c6fa033d604d9e90219484c40564bfebf4e3306a041f5ec522a76c0b9b,0f2cf9a67445117338a1c28f1312c232b1cbb8285fc218b4057ed38b092a75be,0.2800298389047384,0.39696088060736656,0.29265997000038624,0.5561190191656351,0.3877650015056133,1.063740812242031,0.3648810088634491,3.34215653128922,0.0,191.99293060228229,25.16798209398985,111.92373908124864,False,False,False,ok
BNCI2014_001,ebsw_full_bscale,ebsw,full,bscale,normalized,1,1788,47,46,500,500,2,0.00020780358596666923,0.014415394062136117,,,,7.814180986785695e-05,2.793683898093503,122.7769233819667,,499.9376188799711,0.9998752377599422,,6.214545981729864,0.002110878907985095,0.010444320578825179,0.020752888862359237,fixed_beta,0,0,2869,e66cf3e36e5f557da3249ebafb108efb72edd4963ba45d71028b67785ae4a77f,three_row_sha256,,944f93c6fa033d604d9e90219484c40564bfebf4e3306a041f5ec522a76c0b9b,0f2cf9a67445117338a1c28f1312c232b1cbb8285fc218b4057ed38b092a75be,0.21517393179237843,0.5287460517138243,0.293124932795763,0.7124161347746849,0.38384622894227505,2.0616950932890177,0.41984114795923233,4.614843521267176,0.0,196.60777412354946,25.16798209398985,111.92373908124864,False,False,False,ok
BNCI2014_001,ebsw_full_bscale,ebsw,full,bscale,normalized,1,1788,48,47,500,500,2,0.0002160018232153231,0.01469700048361308,,,,8.004277636458535e-05,2.793683898093503,122.7769233819667,,499.9255587620199,0.9998511175240398,,6.214534042351217,0.0021226295040418924,0.010487926271784891,0.020865321876709392,fixed_beta,0,0,2916,436eefb41d56af35ae144a7b7cf2bc1529cbb886def13938d347fc020fb103ad,three_row_sha256,,944f93c6fa033d604d9e90219484c40564bfebf4e3306a041f5ec522a76c0b9b,0f2cf9a67445117338a1c28f1312c232b1cbb8285fc218b4057ed38b092a75be,0.20479108206927776,0.40182890370488167,0.29092608019709587,0.6130670662969351,0.3367210738360882,0.9405980817973614,0.38082501851022243,3.1687573064118624,0.0,199.77653142996132,25.16798209398985,111.92373908124864,False,False,False,ok
BNCI2014_001,ebsw_full_bscale,ebsw,full,bscale,normalized,1,1788,49,48,500,500,2,0.00021968324840497964,0.014821715433949596,,,,8.057278823292381e-05,2.793683898093503,122.7769233819667,,499.9267140205612,0.9998534280411224,,6.214535162964288,0.0020983552362272666,0.010474790581769308,0.020885119737561755,fixed_beta,0,0,2964,0bc67e929452522d394b0db239e7d0793190a0a13debd563364d53dfd0f642f0,three_row_sha256,,944f93c6fa033d604d9e90219484c40564bfebf4e3306a041f5ec522a76c0b9b,0f2cf9a67445117338a1c28f1312c232b1cbb8285fc218b4057ed38b092a75be,0.31906599178910255,0.5262370686978102,0.3018041606992483,0.9890261571854353,0.24554808624088764,0.8377889171242714,0.42228098027408123,3.6417513620108366,0.0,203.41828279197216,25.16798209398985,111.92373908124864,False,False,False,ok
BNCI2014_001,ebsw_full_bscale,ebsw,full,bscale,normalized,1,1788,50,49,500,500,2,0.00022551180529140123,0.01501705048574457,5.488220847333608,0.783762229073172,21.623777092682808,8.232757308441067e-05,2.793683898093503,122.7769233819667,,499.9178416196972,0.9998356832393944,,6.2145262820887694,0.0021049323409871243,0.010476814052970167,0.02083938065485773,fixed_beta,0,0,3013,599f2de8d8756dbb409a777f1d74783d031098c4872cb7ff5fa2b062d9d37e30,three_row_sha256,,944f93c6fa033d604d9e90219484c40564bfebf4e3306a041f5ec522a76c0b9b,0f2cf9a67445117338a1c28f1312c232b1cbb8285fc218b4057ed38b092a75be,0.19574887119233608,0.3471719101071358,0.32592308707535267,0.6209590937942266,0.25167595595121384,0.7017420139163733,0.5566049367189407,2.999825868755579,10.514432797208428,206.41810866072774,35.68241489119828,111.92373908124864,False,False,False,ok
BNCI2014_001,ebsw_full_bscale,ebsw,full,bscale,normalized,1,1788,51,50,500,500,2,0.00022433591322324945,0.014977847416209361,,,,8.118948970292087e-05,2.793683898093503,122.7769233819667,,499.9204907081106,0.9998409814162212,,6.214528993535969,0.002125010275750922,0.010514903920669765,0.020890853347887386,fixed_beta,0,0,3063,0072e7e6e518d75fb9fe53f0bd6a9fb8f0b1cadbbe76e1f45b3a34e62c0632ed,three_row_sha256,,944f93c6fa033d604d9e90219484c40564bfebf4e3306a041f5ec522a76c0b9b,0f2cf9a67445117338a1c28f1312c232b1cbb8285fc218b4057ed38b092a75be,0.22464594803750515,0.3869191277772188,0.3026300109922886,0.7354209665209055,0.311556039378047,3.701233072206378,0.4236518871039152,6.086057052016258,0.0,212.504165712744,35.68241489119828,168.1655349675566,False,False,False,ok
BNCI2014_001,ebsw_full_bscale,ebsw,full,bscale,normalized,1,1788,52,51,500,500,2,0.00020614990412750012,0.014357921302455315,,,,7.787454493355053e-05,2.793683898093503,122.7769233819667,,499.93234580241773,0.9998646916048355,,6.214540829466516,0.0021505505155411976,0.010507703160130163,0.020835514122599024,fixed_beta,0,0,3114,7e090e1408d019299d2fface0eef2c2802b6dcf4aefa97ecb7ebebf30d573bae,three_row_sha256,,944f93c6fa033d604d9e90219484c40564bfebf4e3306a041f5ec522a76c0b9b,0f2cf9a67445117338a1c28f1312c232b1cbb8285fc218b4057ed38b092a75be,0.4361341707408428,0.33400091342628,0.2340769860893488,0.7588069420307875,0.28603291139006615,3.8436029572039843,1.7411389853805304,7.63379386626184,0.0,220.13795957900584,35.68241489119828,168.1655349675566,False,False,False,ok
BNCI2014_001,ebsw_full_bscale,ebsw,full,bscale,normalized,1,1788,53,52,500,500,2,0.00021523073956235798,0.014670744342478264,,,,7.943079676401246e-05,2.793683898093503,122.7769233819667,,499.9245513661329,0.9998491027322658,,6.21453301312671,0.0021133070591169523,0.010504149925775799,0.02089174780220744,fixed_beta,0,0,3166,9921ae726d8c76b91371c37d41bdf97918297d64954593d846f331e9342fbf53,three_row_sha256,,944f93c6fa033d604d9e90219484c40564bfebf4e3306a041f5ec522a76c0b9b,0f2cf9a67445117338a1c28f1312c232b1cbb8285fc218b4057ed38b092a75be,0.22507784888148308,0.19601895473897457,0.22133789025247097,3.80704109556973,0.25037210434675217,0.7701590657234192,0.35556312650442123,5.825570086017251,0.0,225.9635296650231,35.68241489119828,168.1655349675566,False,False,False,ok
BNCI2014_001,ebsw_full_bscale,ebsw,full,bscale,normalized,1,1788,54,53,500,500,2,0.00021215755611940788,0.01456562927303204,,,,7.962605749797642e-05,2.793683898093503,122.7769233819667,,499.91995930393756,0.9998399186078751,,6.214528643018164,0.0021592338117763592,0.010594471976232834,0.021016849013231198,fixed_beta,0,0,3219,984929d506563880da9c4e595df003c40fe9bef809645dfae370d609c028de3e,three_row_sha256,,944f93c6fa033d604d9e90219484c40564bfebf4e3306a041f5ec522a76c0b9b,0f2cf9a67445117338a1c28f1312c232b1cbb8285fc218b4057ed38b092a75be,0.3251980524510145,0.4983730614185333,0.2920629922300577,0.5818640347570181,0.44317892752587795,0.5982769653201103,0.16747787594795227,2.906431909650564,0.0,228.86996157467365,35.68241489119828,168.1655349675566,False,False,False,ok
BNCI2014_001,ebsw_full_bscale,ebsw,full,bscale,normalized,1,1788,55,54,500,500,2,0.00021841815406397572,0.014778976759707544,,,,8.073596711023493e-05,2.793683898093503,122.7769233819667,,499.91336532792144,0.9998267306558429,,6.214521990691582,0.0021542914788764624,0.010515750547996337,0.020905603499480695,fixed_beta,0,0,3273,0a166790731c14a1a02a451c613d15012bce9bcdf43383eb637dd1c44cd762bd,three_row_sha256,,944f93c6fa033d604d9e90219484c40564bfebf4e3306a041f5ec522a76c0b9b,0f2cf9a67445117338a1c28f1312c232b1cbb8285fc218b4057ed38b092a75be,0.32510305754840374,0.4946610424667597,0.29158592224121094,0.5915828514844179,0.44136401265859604,0.7198979146778584,0.4148001316934824,3.278994932770729,0.0,232.14895650744438,35.68241489119828,168.1655349675566,False,False,False,ok
BNCI2014_001,ebsw_full_bscale,ebsw,full,bscale,normalized,1,1788,56,55,500,500,2,0.0002127956304051984,0.014587516252097147,,,,7.930824590309225e-05,2.793683898093503,122.7769233819667,,499.9324471487334,0.9998648942974668,,6.214540815839822,0.002088670306743068,0.010411130435518423,0.02075927450024191,fixed_beta,0,0,3328,fcdd182c051f30390ade86858d61048a1de73e2ea23f5df431f96507870458fe,three_row_sha256,,944f93c6fa033d604d9e90219484c40564bfebf4e3306a041f5ec522a76c0b9b,0f2cf9a67445117338a1c28f1312c232b1cbb8285fc218b4057ed38b092a75be,0.21179509349167347,0.3851919900625944,0.2873858902603388,0.5719780456274748,0.3087159711867571,0.732403015717864,0.5177580751478672,3.01522808149457,0.0,235.16418458893895,35.68241489119828,168.1655349675566,False,False,False,ok
BNCI2014_001,ebsw_full_bscale,ebsw,full,bscale,normalized,1,1788,57,56,500,500,2,0.00021085731880309116,0.014520926926442787,,,,7.898816755059708e-05,2.793683898093503,122.7769233819667,,499.9401325625029,0.9998802651250058,,6.214548454212032,0.002085050732618575,0.010390939118667331,0.020707483540386394,fixed_beta,0,0,3384,de614a5ac0143696602fd332cf46684e89512c4e90c029ad309e72898cf8e598,three_row_sha256,,944f93c6fa033d604d9e90219484c40564bfebf4e3306a041f5ec522a76c0b9b,0f2cf9a67445117338a1c28f1312c232b1cbb8285fc218b4057ed38b092a75be,0.22059096954762936,0.3621887881308794,0.4272228106856346,0.5879891104996204,0.4695311654359102,2.100431825965643,0.4091018345206976,4.577056504786015,0.0,239.74124109372497,35.68241489119828,168.1655349675566,False,False,False,ok
BNCI2014_001,ebsw_full_bscale,ebsw,full,bscale,normalized,1,1788,58,57,500,500,2,0.00020915137310958726,0.014462066695655475,,,,7.856745014170738e-05,2.793683898093503,122.7769233819667,,499.92871077922774,0.9998574215584555,,6.214537245260505,0.002159867556364614,0.010507382985959145,0.020874308969533375,fixed_beta,0,0,3441,0d177eb58f268ccf3c89192940f43345ce0eaa7ff399280f5ed6894f9e43d760,three_row_sha256,,944f93c6fa033d604d9e90219484c40564bfebf4e3306a041f5ec522a76c0b9b,0f2cf9a67445117338a1c28f1312c232b1cbb8285fc218b4057ed38b092a75be,0.21722796373069286,0.3920390736311674,0.2951610367745161,0.6060369778424501,0.24044886231422424,0.8458688389509916,0.18899794667959213,2.7857806999236345,0.0,242.5270217936486,35.68241489119828,168.1655349675566,False,False,False,ok
BNCI2014_001,ebsw_full_bscale,ebsw,full,bscale,normalized,1,1788,59,58,500,500,2,0.00021933381507799327,0.014809922858610483,,,,8.052959099787226e-05,2.793683898093503,122.7769233819667,,499.91906615468133,0.9998381323093627,,6.214527613354212,0.002118273428583047,0.010534748138914488,0.020937846307603404,fixed_beta,0,0,3499,b17ce36ff56f67042a35ddc27eaf3cc82831b97e79daebf0c9740892dac12f31,three_row_sha256,,944f93c6fa033d604d9e90219484c40564bfebf4e3306a041f5ec522a76c0b9b,0f2cf9a67445117338a1c28f1312c232b1cbb8285fc218b4057ed38b092a75be,0.42770104482769966,0.3772720228880644,0.29281992465257645,0.710819149389863,0.4308170173317194,0.8718129247426987,0.5272668786346912,3.638508962467313,0.0,246.1655307561159,35.68241489119828,168.1655349675566,False,False,False,ok
BNCI2014_001,ebsw_full_bscale,ebsw,full,bscale,normalized,1,1788,60,59,500,500,2,0.00021545168422241982,0.014678272521738374,,,,7.960790186095159e-05,2.793683898093503,122.7769233819667,,499.9217053417856,0.9998434106835712,,6.214530208384195,0.00212640456139339,0.010503140111464217,0.02089530084305121,fixed_beta,0,0,3558,521eb3b0f7c1d7a179903b30721ab4a4a41900547eb7de594c46ed2cc57f454d,three_row_sha256,,944f93c6fa033d604d9e90219484c40564bfebf4e3306a041f5ec522a76c0b9b,0f2cf9a67445117338a1c28f1312c232b1cbb8285fc218b4057ed38b092a75be,0.29875501058995724,0.6441448349505663,0.28878613375127316,0.6016900297254324,0.33071404322981834,0.7598400115966797,0.3740850370377302,3.2980151008814573,0.0,249.46354585699737,35.68241489119828,168.1655349675566,False,False,False,ok
BNCI2014_001,ebsw_full_bscale,ebsw,full,bscale,normalized,1,1788,61,60,500,500,2,0.00020784996754511046,0.014417002724044637,,,,7.833321871334901e-05,2.793683898093503,122.7769233819667,,499.9339227730621,0.9998678455461242,,6.214542313628998,0.002102845574323439,0.010445671492008519,0.02079042748612458,fixed_beta,0,0,3618,385d9f779dd6e78b83f6b7373ebb8c680e43579a4fdc921416c4a617ea3147a6,three_row_sha256,,944f93c6fa033d604d9e90219484c40564bfebf4e3306a041f5ec522a76c0b9b,0f2cf9a67445117338a1c28f1312c232b1cbb8285fc218b4057ed38b092a75be,0.23462087847292423,0.37218304350972176,0.2881509717553854,0.7118191570043564,0.33010891638696194,0.7358829025179148,0.3979010507464409,3.0706669203937054,0.0,252.53421277739108,35.68241489119828,168.1655349675566,False,False,False,ok
BNCI2014_001,ebsw_full_bscale,ebsw,full,bscale,normalized,1,1788,62,61,500,500,2,0.0002091961338524635,0.0144636141352175,,,,7.816757488189209e-05,2.793683898093503,122.7769233819667,,499.9292681034033,0.9998585362068065,,6.2145377033037805,0.0021277002314910496,0.01045608925585921,0.02079974634669389,fixed_beta,0,0,3679,9d38233072899f42df04fe3a6cab07690aed97f8dbba8e936f03e0d6eb4c4227,three_row_sha256,,944f93c6fa033d604d9e90219484c40564bfebf4e3306a041f5ec522a76c0b9b,0f2cf9a67445117338a1c28f1312c232b1cbb8285fc218b4057ed38b092a75be,0.3016311675310135,0.4957329947501421,0.2961049322038889,0.6082342006266117,1.7641629092395306,0.7633469067513943,0.41407905519008636,4.643292166292667,0.0,257.17750494368374,35.68241489119828,168.1655349675566,False,False,False,ok
BNCI2014_001,ebsw_full_bscale,ebsw,full,bscale,normalized,1,1788,63,62,500,500,2,0.00021070731835905112,0.014515761032720644,,,,7.889541760602617e-05,2.793683898093503,122.7769233819667,,499.9225212145986,0.9998450424291973,,6.21453106557671,0.002104060253659738,0.010506610940716378,0.02091941063597308,fixed_beta,0,0,3741,ccb07d182600e06779253e8354fd86e67071690ad7c9324176b58c8c5b505fb8,three_row_sha256,,944f93c6fa033d604d9e90219484c40564bfebf4e3306a041f5ec522a76c0b9b,0f2cf9a67445117338a1c28f1312c232b1cbb8285fc218b4057ed38b092a75be,0.41805789805948734,0.19734492525458336,0.28770091012120247,0.7654340006411076,0.2559178974479437,0.8833110332489014,0.5420760717242956,3.3498427364975214,0.0,260.52734768018126,35.68241489119828,168.1655349675566,False,False,False,ok
BNCI2014_001,ebsw_full_bscale,ebsw,full,bscale,normalized,1,1788,64,63,500,500,2,0.00020933957266604415,0.014468571894490629,,,,7.89057945632885e-05,2.793683898093503,122.7769233819667,,499.9216863456202,0.9998433726912404,,6.2145301982932555,0.00212598033739524,0.01051534115525557,0.020866883585565793,fixed_beta,0,0,3804,e14a1d1e4d736f0791e949664d87d902ffea1339e5e23b441e15ae6b84befe06,three_row_sha256,,944f93c6fa033d604d9e90219484c40564bfebf4e3306a041f5ec522a76c0b9b,0f2cf9a67445117338a1c28f1312c232b1cbb8285fc218b4057ed38b092a75be,0.3468759823590517,0.49921218305826187,0.2902641426771879,2.1106151398271322,0.2526831813156605,0.7581098470836878,0.4158918745815754,4.673652350902557,0.0,265.2010000310838,35.68241489119828,168.1655349675566,False,False,False,ok
BNCI2014_001,ebsw_full_bscale,ebsw,full,bscale,normalized,1,1788,65,64,500,500,2,0.00021419030625036074,0.01463524192660855,,,,7.96401609654661e-05,2.793683898093503,122.7769233819667,,499.93433955073687,0.9998686791014737,,6.214542650384656,0.0020903817013273795,0.010390011228265076,0.02068778059065711,fixed_beta,0,0,3868,1a2cf91e3cba1c14a58d766aab61947a5009b517290c90994308e5cd1b641d0e,three_row_sha256,,944f93c6fa033d604d9e90219484c40564bfebf4e3306a041f5ec522a76c0b9b,0f2cf9a67445117338a1c28f1312c232b1cbb8285fc218b4057ed38b092a75be,0.42698089964687824,0.19706482999026775,0.2872589975595474,0.7653147913515568,0.2565809991210699,0.6969110108911991,0.5304391961544752,3.1605507247149944,0.0,268.3615507557988,35.68241489119828,168.1655349675566,False,False,False,ok
BNCI2014_001,ebsw_full_bscale,ebsw,full,bscale,normalized,1,1788,66,65,500,500,2,0.00020903591601461466,0.014458074422778943,,,,7.915091540333004e-05,2.793683898093503,122.7769233819667,,499.9325021043024,0.9998650042086048,,6.214540937500802,0.0021222856908634556,0.01047793349539429,0.02082068418020834,fixed_beta,0,0,3933,227e666c7e6df7b0e3881749ac2aa468671dcb1324b97bb20a0dd55f47c8c135,three_row_sha256,,944f93c6fa033d604d9e90219484c40564bfebf4e3306a041f5ec522a76c0b9b,0f2cf9a67445117338a1c28f1312c232b1cbb8285fc218b4057ed38b092a75be,0.22271391935646534,0.38606789894402027,0.3827749751508236,2.095877891406417,0.42438716627657413,2.4354620836675167,0.4039469640702009,6.351230898872018,0.0,274.71278165467083,35.68241489119828,168.1655349675566,False,False,False,ok
BNCI2014_001,ebsw_full_bscale,ebsw,full,bscale,normalized,1,1788,67,66,500,500,2,0.00020693367974798283,0.014385189597220568,,,,7.783466405893725e-05,2.7936838980935024,122.7769233819667,,499.93022584627147,0.999860451692543,,6.214538657722248,0.0021116446923556595,0.010459501271302903,0.02080105340558382,fixed_beta,0,0,3999,6ab02a50f74ada9eea83dff9989d89e5edde94b2209ed87cb1d8ab4f4be9ef7e,three_row_sha256,,944f93c6fa033d604d9e90219484c40564bfebf4e3306a041f5ec522a76c0b9b,0f2cf9a67445117338a1c28f1312c232b1cbb8285fc218b4057ed38b092a75be,0.3867750056087971,0.30347611755132675,0.23724790662527084,0.799254048615694,0.360880047082901,3.446727991104126,0.38199801929295063,5.916359135881066,0.0,280.6291407905519,35.68241489119828,168.1655349675566,False,False,False,ok
BNCI2014_001,ebsw_full_bscale,ebsw,full,bscale,normalized,1,1788,68,67,500,500,2,0.00020572767702627142,0.01434321013672572,,,,7.784735889151061e-05,2.793683898093503,122.7769233819667,,499.9341717200312,0.9998683434400625,,6.214542589296924,0.002105197641474378,0.01046090135111074,0.020819258236487982,fixed_beta,0,0,4066,c8edecdb23996a482ece455847942c36361ee892f0cf30ed231e20a4187a8b5f,three_row_sha256,,944f93c6fa033d604d9e90219484c40564bfebf4e3306a041f5ec522a76c0b9b,0f2cf9a67445117338a1c28f1312c232b1cbb8285fc218b4057ed38b092a75be,0.3999900072813034,0.6324111018329859,0.31606992706656456,0.8038058876991272,0.2918650861829519,0.7633720524609089,0.2735608723014593,3.481074934825301,0.0,284.1102157253772,35.68241489119828,168.1655349675566,False,False,False,ok
BNCI2014_001,ebsw_full_bscale,ebsw,full,bscale,normalized,1,1788,69,68,500,500,2,0.0002046370637964367,0.01430514116660289,,,,7.726854275544869e-05,2.793683898093503,122.7769233819667,,499.93463497528245,0.9998692699505649,,6.214543055022784,0.0021565675425276923,0.010472238828200683,0.020776859935013832,fixed_beta,0,0,4134,21a7b2d05d0b9319b11aded13e55ed6bf7e3f815f19f5844b4a4551aa08cb0c4,three_row_sha256,,944f93c6fa033d604d9e90219484c40564bfebf4e3306a041f5ec522a76c0b9b,0f2cf9a67445117338a1c28f1312c232b1cbb8285fc218b4057ed38b092a75be,0.3938530571758747,0.390305882319808,0.41542015969753265,0.7223379798233509,0.4590528551489115,0.8785049431025982,0.7909389678388834,4.050413845106959,0.0,288.16062957048416,35.68241489119828,168.1655349675566,False,False,False,ok
BNCI2014_001,ebsw_full_bscale,ebsw,full,bscale,normalized,1,1788,70,69,500,500,2,0.00020135742802345348,0.014190046794265812,,,,7.713009626136395e-05,2.793683898093503,122.7769233819667,,499.93777811278426,0.9998755562255686,,6.214546113011393,0.0020881387332002182,0.010400692686704745,0.02073782996459677,fixed_beta,0,0,4203,deb258976a860fdc1998330ef4b8bacc0763af87d740811669e706021bd6374a,three_row_sha256,,944f93c6fa033d604d9e90219484c40564bfebf4e3306a041f5ec522a76c0b9b,0f2cf9a67445117338a1c28f1312c232b1cbb8285fc218b4057ed38b092a75be,0.4964310210198164,0.3890139050781727,0.31281006522476673,0.8234598208218813,0.2872140612453222,0.9644997771829367,0.4092608578503132,3.682689508423209,0.0,291.84331907890737,35.68241489119828,168.1655349675566,False,False,False,ok
BNCI2014_001,ebsw_full_bscale,ebsw,full,bscale,normalized,1,1788,71,70,500,500,2,0.00020888295717263092,0.01445278371707786,,,,7.836711619905906e-05,2.7936838980935024,122.7769233819667,,499.92078946329417,0.9998415789265883,,6.214529303334088,0.002120563980937269,0.010508987703259663,0.02089074152852181,fixed_beta,0,0,4273,daf1bf9c594daf10ee372552797d6afdb75391a72f7ec91955d7b5264d442719,three_row_sha256,,944f93c6fa033d604d9e90219484c40564bfebf4e3306a041f5ec522a76c0b9b,0f2cf9a67445117338a1c28f1312c232b1cbb8285fc218b4057ed38b092a75be,0.337403966113925,0.4053451120853424,0.3864311147481203,0.7043520454317331,0.3783479332923889,0.8811440784484148,0.34807692281901836,3.441101172938943,0.0,295.2844202518463,35.68241489119828,168.1655349675566,False,False,False,ok
BNCI2014_001,ebsw_full_bscale,ebsw,full,bscale,normalized,1,1788,72,71,500,500,2,0.0002014915055253797,0.014194770358317873,,,,7.738436625446339e-05,2.793683898093503,122.7769233819667,,499.9342033670428,0.9998684067340856,,6.2145425947810065,0.0021252806940429262,0.010484921559640752,0.02079053019982248,fixed_beta,0,0,4344,f50ffe74f8422fe5c8e51e59c36491c97ae9747d97f3705ede1855200e98464e,three_row_sha256,,944f93c6fa033d604d9e90219484c40564bfebf4e3306a041f5ec522a76c0b9b,0f2cf9a67445117338a1c28f1312c232b1cbb8285fc218b4057ed38b092a75be,0.2452721819281578,0.3433302044868469,0.3164098598062992,0.867852009832859,0.4071940202265978,4.033850040286779,0.2901561092585325,6.504064425826073,0.0,301.7884846776724,35.68241489119828,168.1655349675566,False,False,False,ok
BNCI2014_001,ebsw_full_bscale,ebsw,full,bscale,normalized,1,1788,73,72,500,500,2,0.00020806409567960973,0.014424427048573185,,,,7.778058837401195e-05,2.793683898093503,122.7769233819667,,499.9352035855587,0.9998704071711174,,6.214543510123049,0.0020945493964867087,0.010369264822398905,0.020676861174097574,fixed_beta,0,0,4416,a9eba3c8f36b5f52becbc262e4da0425a10f299c4d52c84dd6211ef52186475d,three_row_sha256,,944f93c6fa033d604d9e90219484c40564bfebf4e3306a041f5ec522a76c0b9b,0f2cf9a67445117338a1c28f1312c232b1cbb8285fc218b4057ed38b092a75be,0.34781801514327526,0.24141394533216953,0.23617595434188843,0.9813420474529266,0.43634395115077496,1.276911934837699,0.48994598910212517,4.009951837360859,0.0,305.79843651503325,35.68241489119828,168.1655349675566,False,False,False,ok
BNCI2014_001,ebsw_full_bscale,ebsw,full,bscale,normalized,1,1788,74,73,500,500,2,0.00021222815974836519,0.01456805270955474,,,,7.848258216973206e-05,2.793683898093503,122.7769233819667,,499.9395976836052,0.9998791953672104,,6.214547957016318,0.0020928501078306522,0.010427991615938428,0.020783484169371032,fixed_beta,0,0,4489,c2101b6d35298d9608202cd9ae171216116ec58b6b5d6927dfc54ff681e123ac,three_row_sha256,,944f93c6fa033d604d9e90219484c40564bfebf4e3306a041f5ec522a76c0b9b,0f2cf9a67445117338a1c28f1312c232b1cbb8285fc218b4057ed38b092a75be,0.29810587875545025,0.49552181735634804,0.2938928082585335,2.286582952365279,0.4141000099480152,0.936378026381135,0.3639119677245617,5.088493460789323,0.0,310.88692997582257,35.68241489119828,168.1655349675566,False,False,False,ok
BNCI2014_001,ebsw_full_bscale,ebsw,full,bscale,normalized,1,1788,75,74,500,500,2,0.00020810084564421195,0.014425700871854094,5.3851114540055836,0.7690373755730769,23.09626244269231,7.835505164037445e-05,2.793683898093503,122.7769233819667,,499.9373852856543,0.9998747705713086,,6.214545707732768,0.002107849399731784,0.010414149138926364,0.020713703296956675,fixed_beta,0,0,4563,6d92b907aa8e2094199017f4183c2bad53b1dd696fae30a19bacb6ae438c27b2,three_row_sha256,,944f93c6fa033d604d9e90219484c40564bfebf4e3306a041f5ec522a76c0b9b,0f2cf9a67445117338a1c28f1312c232b1cbb8285fc218b4057ed38b092a75be,0.376750947907567,0.3442589659243822,0.2997929695993662,0.649516936391592,0.4288819618523121,0.6735650822520256,0.515419989824295,3.28818685375154,11.59050315618515,314.1751168295741,47.27291804738343,168.1655349675566,False,False,False,ok
BNCI2014_001,ebsw_full_bscale,ebsw,full,bscale,normalized,1,1788,76,75,500,500,2,0.000204917798335996,0.014314950168826855,,,,7.746461981888571e-05,2.793683898093503,122.7769233819667,,499.9302348177476,0.9998604696354952,,6.214538634503698,0.0020965709678987107,0.010416981842004288,0.020745908311467737,fixed_beta,0,0,4638,2a387303b53f4a351b432249eac87da3f52eea943572aa600025ac734bf359d2,three_row_sha256,,944f93c6fa033d604d9e90219484c40564bfebf4e3306a041f5ec522a76c0b9b,0f2cf9a67445117338a1c28f1312c232b1cbb8285fc218b4057ed38b092a75be,0.395321985706687,0.3831498324871063,0.3054209519177675,0.7241331040859222,0.48940395936369896,2.0586310420185328,0.46573812142014503,4.82179899699986,0.0,318.99691582657397,47.27291804738343,168.1655349675566,False,False,False,ok
BNCI2014_001,ebsw_full_bscale,ebsw,full,bscale,normalized,1,1788,77,76,500,500,2,0.00020439369624830384,0.014296632339411398,,,,7.773478928806848e-05,2.793683898093503,122.7769233819667,,499.93203103816893,0.9998640620763379,,6.214540507867397,0.002154821386991202,0.010505717607058582,0.02082782086677049,fixed_beta,0,0,4714,b66e476f34c64579a0b8824fa1e3e2ea38df065155be491060ab5541f0aab3ce,three_row_sha256,,944f93c6fa033d604d9e90219484c40564bfebf4e3306a041f5ec522a76c0b9b,0f2cf9a67445117338a1c28f1312c232b1cbb8285fc218b4057ed38b092a75be,0.422030920162797,0.3416389226913452,0.31743687577545643,0.8750269189476967,0.39573200047016144,0.6493041291832924,0.5120709538459778,3.513240721076727,0.0,322.5101565476507,47.27291804738343,168.1655349675566,False,False,False,ok
BNCI2014_001,ebsw_full_bscale,ebsw,full,bscale,normalized,1,1788,78,77,500,500,2,0.0002049202082856959,0.014315034344551742,,,,7.725872859498427e-05,2.793683898093503,122.7769233819667,,499.9377115082381,0.9998754230164763,,6.214546026040096,0.002106141583504217,0.01038373607026976,0.020685404695478693,fixed_beta,0,0,4791,b45550099e7866e0ccb4a2e9a17eda2a5c25be095b8183776cb02c73556ccadd,three_row_sha256,,944f93c6fa033d604d9e90219484c40564bfebf4e3306a041f5ec522a76c0b9b,0f2cf9a67445117338a1c28f1312c232b1cbb8285fc218b4057ed38b092a75be,0.2468898892402649,0.4969928413629532,0.2924138680100441,0.9830649942159653,0.24988199584186077,1.9380929879844189,0.41790492832660675,4.625241504982114,0.0,327.1353980526328,47.27291804738343,168.1655349675566,False,False,False,ok
BNCI2014_001,ebsw_full_bscale,ebsw,full,bscale,normalized,1,1788,79,78,500,500,2,0.00019853166252275497,0.014090126419686764,,,,7.635001581999311e-05,2.793683898093503,122.7769233819667,,499.9426329374612,0.9998852658749224,,6.214550989601636,0.0021176700115496504,0.010441812127386894,0.020745205114199222,fixed_beta,0,0,4869,ed30519f815d5d5795395ee17733677d9c863a42c662b5ce9eb83c0fc390700c,three_row_sha256,,944f93c6fa033d604d9e90219484c40564bfebf4e3306a041f5ec522a76c0b9b,0f2cf9a67445117338a1c28f1312c232b1cbb8285fc218b4057ed38b092a75be,0.19280705600976944,0.40042796172201633,0.2909591421484947,0.6033908575773239,0.32993801869452,0.7214781362563372,0.5152230150997639,3.0542241875082254,0.0,330.18962224014103,47.27291804738343,168.1655349675566,False,False,False,ok
BNCI2014_001,ebsw_full_bscale,ebsw,full,bscale,normalized,1,1788,80,79,500,500,2,0.0002129513535230651,0.014592852823319541,,,,7.9019451263646e-05,2.793683898093503,122.7769233819667,,499.92102889491474,0.9998420577898295,,6.214529636443105,0.002146499876823743,0.010560205774190775,0.020945369462350295,fixed_beta,0,0,4948,1f1813a2374d3ff8959e2c7f25168bcfb8861a3726cb6e6092247b2f9df76b18,three_row_sha256,,944f93c6fa033d604d9e90219484c40564bfebf4e3306a041f5ec522a76c0b9b,0f2cf9a67445117338a1c28f1312c232b1cbb8285fc218b4057ed38b092a75be,0.22317003458738327,0.38435799069702625,0.44516101479530334,0.7493160665035248,0.5011579487472773,0.6611919961869717,0.5346161779016256,3.498971229419112,0.0,333.68859346956015,47.27291804738343,168.1655349675566,False,False,False,ok
BNCI2014_001,ebsw_full_bscale,ebsw,full,bscale,normalized,1,1788,81,80,500,500,2,0.00020783503786288217,0.014416484934368786,,,,7.852024711532386e-05,2.793683898093503,122.7769233819667,,499.92260532425706,0.9998452106485142,,6.214531209083358,0.002126572423318483,0.010538903510785009,0.020986073336809515,fixed_beta,0,0,5028,a2b1820c9222a368ab4e6f91b122d366c4860d9b782185119c79ae5ea75298c2,three_row_sha256,,944f93c6fa033d604d9e90219484c40564bfebf4e3306a041f5ec522a76c0b9b,0f2cf9a67445117338a1c28f1312c232b1cbb8285fc218b4057ed38b092a75be,0.3953869454562664,0.3437320701777935,0.29925303533673286,0.5920170806348324,0.2821579109877348,0.7120429072529078,0.35691610537469387,2.9815060552209616,0.0,336.6700995247811,47.27291804738343,168.1655349675566,False,False,False,ok
BNCI2014_001,ebsw_full_bscale,ebsw,full,bscale,normalized,1,1788,82,81,500,500,2,0.0002119611184278623,0.014558884518666337,,,,7.890488451614982e-05,2.7936838980935024,122.7769233819667,,499.9250676039674,0.9998501352079349,,6.214533596601686,0.002138283933007689,0.010526190551082042,0.02089458180175397,fixed_beta,0,0,5109,123f80cec81aae9bf499262b0accd87af28b5b4e87e709c2d830fecd629bbd84,three_row_sha256,,944f93c6fa033d604d9e90219484c40564bfebf4e3306a041f5ec522a76c0b9b,0f2cf9a67445117338a1c28f1312c232b1cbb8285fc218b4057ed38b092a75be,0.3840841818600893,0.3844450693577528,0.3109509125351906,0.9449671488255262,0.41750306263566017,0.77828299254179,0.45540579594671726,3.6756391637027264,0.0,340.34573868848383,47.27291804738343,168.1655349675566,False,False,False,ok
BNCI2014_001,ebsw_full_bscale,ebsw,full,bscale,normalized,1,1788,83,82,500,500,2,0.00021045565685311326,0.014507089882299387,,,,7.903086749749976e-05,2.793683898093503,122.7769233819667,,499.93674156836477,0.9998734831367295,,6.214545107042154,0.0020908963901356856,0.01041753668656727,0.020758762050890438,fixed_beta,0,0,5191,22dcd167654ed7cfcf644c10b2260fef1ee3d3c052e51bfcd1f49fae56fdff40,three_row_sha256,,944f93c6fa033d604d9e90219484c40564bfebf4e3306a041f5ec522a76c0b9b,0f2cf9a67445117338a1c28f1312c232b1cbb8285fc218b4057ed38b092a75be,0.23541506379842758,0.3639578353613615,0.9285269770771265,0.685397069901228,0.25210995227098465,0.7628370076417923,0.42425887659192085,3.6525027826428413,0.0,343.9982414711267,47.27291804738343,168.1655349675566,False,False,False,ok
BNCI2014_001,ebsw_full_bscale,ebsw,full,bscale,normalized,1,1788,84,83,500,500,2,0.00020909169343730878,0.0144600032308886,,,,7.823389372440341e-05,2.7936838980935024,122.7769233819667,,499.93439477887347,0.9998687895577469,,6.214542727895481,0.002093538721053056,0.010407811155087114,0.020734447825269516,fixed_beta,0,0,5274,4ff8bc7c0a8ba30d4823704d75aeb16ab2a43e1a9cdc39cefe5dc04a26e05749,three_row_sha256,,944f93c6fa033d604d9e90219484c40564bfebf4e3306a041f5ec522a76c0b9b,0f2cf9a67445117338a1c28f1312c232b1cbb8285fc218b4057ed38b092a75be,0.2440058160573244,0.3650560975074768,0.321592902764678,0.5246289074420929,0.2658779267221689,0.8997619152069092,0.5507029127329588,3.171626478433609,0.0,347.1698679495603,47.27291804738343,168.1655349675566,False,False,False,ok
BNCI2014_001,ebsw_full_bscale,ebsw,full,bscale,normalized,1,1788,85,84,500,500,2,0.00021513196431164282,0.01466737755400204,,,,8.031713397368734e-05,2.793683898093503,122.7769233819667,,499.9151962272002,0.9998303924544004,,6.214524191275267,0.002233013451086557,0.010680406171935556,0.021027098046599652,fixed_beta,0,0,5358,f9a8405da8177f102d649dd6219e4a282e2d3e209657d18e69b325955b5ead36,three_row_sha256,,944f93c6fa033d604d9e90219484c40564bfebf4e3306a041f5ec522a76c0b9b,0f2cf9a67445117338a1c28f1312c232b1cbb8285fc218b4057ed38b092a75be,0.3234599716961384,0.34198490902781487,1.7812978476285934,0.6318609230220318,0.5536649841815233,0.7582111284136772,0.4420990590006113,4.83257882297039,0.0,352.0024467725307,47.27291804738343,168.1655349675566,False,False,False,ok
BNCI2014_001,ebsw_full_bscale,ebsw,full,bscale,normalized,1,1788,86,85,500,500,2,0.00020621447574107577,0.014360169767139793,,,,7.715487586365821e-05,2.793683898093503,122.7769233819667,,499.93600290334484,0.9998720058066897,,6.2145444040481195,0.0021452412133413858,0.010475459751509581,0.02078914850037712,fixed_beta,0,0,5443,e514bc47c7f1ddbb548dc2c92b16115f133bd52b198ce0c84bd930a69f93cc32,three_row_sha256,,944f93c6fa033d604d9e90219484c40564bfebf4e3306a041f5ec522a76c0b9b,0f2cf9a67445117338a1c28f1312c232b1cbb8285fc218b4057ed38b092a75be,0.3748568706214428,0.34173810854554176,0.29158988036215305,0.7313492242246866,0.5072059575468302,0.9221530053764582,1.466661924496293,4.635554971173406,0.0,356.6380017437041,47.27291804738343,168.1655349675566,False,False,False,ok
BNCI2014_001,ebsw_full_bscale,ebsw,full,bscale,normalized,1,1788,87,86,500,500,2,0.00020188376197703592,0.014208580575730847,,,,7.709758541811032e-05,2.7936838980935033,122.7769233819667,,499.93240143774744,0.999864802875495,,6.214540833430089,0.002104199956518944,0.010456614677898102,0.020823639637564048,fixed_beta,0,0,5529,65a9a629cf2a7646d3f5f13e68e5bb5c6e3dd73c8d68adab40c00bd106f801b7,three_row_sha256,,944f93c6fa033d604d9e90219484c40564bfebf4e3306a041f5ec522a76c0b9b,0f2cf9a67445117338a1c28f1312c232b1cbb8285fc218b4057ed38b092a75be,0.26019918732345104,0.3883182071149349,0.28897402808070183,0.8335290476679802,0.2924678847193718,1.123224850744009,0.4484390374273062,3.635152243077755,0.0,360.27315398678184,47.27291804738343,168.1655349675566,False,False,False,ok
BNCI2014_001,ebsw_full_bscale,ebsw,full,bscale,normalized,1,1788,88,87,500,500,2,0.00021398753852302704,0.014628312907612656,,,,7.972465336953522e-05,2.793683898093503,122.7769233819667,,499.93379909142277,0.9998675981828455,,6.2145421788136925,0.0021098761415234836,0.010450578673787531,0.02077313819009081,fixed_beta,0,0,5616,a6a9be676c4b7fab284a268915c8874f46bb8147b13b0037357971e6767a7cac,three_row_sha256,,944f93c6fa033d604d9e90219484c40564bfebf4e3306a041f5ec522a76c0b9b,0f2cf9a67445117338a1c28f1312c232b1cbb8285fc218b4057ed38b092a75be,0.3370379563421011,0.4376110155135393,0.40594604797661304,0.7322321180254221,0.5045940633863211,0.9407869074493647,0.4193331114947796,3.777541220188141,0.0,364.05069520697,47.27291804738343,168.1655349675566,False,False,False,ok
BNCI2014_001,ebsw_full_bscale,ebsw,full,bscale,normalized,1,1788,89,88,500,500,2,0.00020708188061843954,0.014390339836794667,,,,7.856944328549238e-05,2.793683898093503,122.7769233819667,,499.93694290910474,0.9998738858182095,,6.214545307172389,0.0021038847290778743,0.010419560452700902,0.020747367627178076,fixed_beta,0,0,5704,46efc2344d7eb749752cead3b9ed582fde04c2fd5dcf5dcdb989f946a40e0369,three_row_sha256,,944f93c6fa033d604d9e90219484c40564bfebf4e3306a041f5ec522a76c0b9b,0f2cf9a67445117338a1c28f1312c232b1cbb8285fc218b4057ed38b092a75be,0.2096700482070446,0.355767086148262,0.32904883846640587,0.6237130146473646,0.34091202542185783,0.7085560355335474,0.4510660655796528,3.018733114004135,0.0,367.0694283209741,47.27291804738343,168.1655349675566,False,False,False,ok
BNCI2014_001,ebsw_full_bscale,ebsw,full,bscale,normalized,1,1788,90,89,500,500,2,0.00020461829512983647,0.014304485140327018,,,,7.75039986392486e-05,2.793683898093503,122.7769233819667,,499.938356705834,0.9998767134116681,,6.214546701395596,0.0021080363977261573,0.010430484839920491,0.02074065664211592,fixed_beta,0,0,5793,588b9eee0990b94b82a68e67cc05ae8e4c20b1c1dc45802685592dfc33612dcd,three_row_sha256,,944f93c6fa033d604d9e90219484c40564bfebf4e3306a041f5ec522a76c0b9b,0f2cf9a67445117338a1c28f1312c232b1cbb8285fc218b4057ed38b092a75be,0.3200049977749586,0.4110061563551426,0.40605594404041767,0.7500741630792618,0.5033889319747686,1.1197228450328112,0.42692292481660843,3.937175963073969,0.0,371.0066042840481,47.27291804738343,168.1655349675566,False,False,False,ok
BNCI2014_001,ebsw_full_bscale,ebsw,full,bscale,normalized,1,1788,91,90,500,500,2,0.00020506038544325643,0.01431992965915882,,,,7.776207726150361e-05,2.793683898093503,122.7769233819667,,499.9421099740676,0.9998842199481353,,6.214550380518562,0.0020835317229075216,0.010352339692618898,0.02066131288284819,fixed_beta,0,0,5883,18342f02bb3929d663a2fd701ab2f4c83813442fc13249db4207daa54c2f3ab0,three_row_sha256,,944f93c6fa033d604d9e90219484c40564bfebf4e3306a041f5ec522a76c0b9b,0f2cf9a67445117338a1c28f1312c232b1cbb8285fc218b4057ed38b092a75be,0.2569600474089384,0.30680117197334766,0.2166549675166607,0.550128985196352,0.27685705572366714,0.6621030624955893,0.5442439578473568,2.813749248161912,0.0,373.82035353221,47.27291804738343,168.1655349675566,False,False,False,ok
BNCI2014_001,ebsw_full_bscale,ebsw,full,bscale,normalized,1,1788,92,91,500,500,2,0.00021089849947617063,0.014522344833950564,,,,7.862140866478942e-05,2.793683898093503,122.7769233819667,,499.93892603168155,0.9998778520633631,,6.214547254342093,0.002098540338681348,0.01041273745701262,0.02073402010697562,fixed_beta,0,0,5974,bcfb20faf93e10e5eec4178fee22e5e1c7696115d03f3ed9c18cdc1c7928d7f9,three_row_sha256,,944f93c6fa033d604d9e90219484c40564bfebf4e3306a041f5ec522a76c0b9b,0f2cf9a67445117338a1c28f1312c232b1cbb8285fc218b4057ed38b092a75be,0.23341085761785507,1.8480108119547367,0.3046321216970682,1.0216289665549994,0.756649998947978,1.357967033982277,0.3974188584834337,5.919718649238348,0.0,379.74007218144834,47.27291804738343,168.1655349675566,False,False,False,ok
BNCI2014_001,ebsw_full_bscale,ebsw,full,bscale,normalized,1,1788,93,92,500,500,2,0.00020115673377912863,0.014182973375816815,,,,7.68829848649821e-05,2.793683898093503,122.7769233819667,,499.94287911641584,0.9998857582328317,,6.214551220181957,0.0021032892286765815,0.010434353596213844,0.02076240705197905,fixed_beta,0,0,6066,57147ce71bc38365a0a70a8a2594b912381453ef8a31545f52bc3e9f89f54488,three_row_sha256,,944f93c6fa033d604d9e90219484c40564bfebf4e3306a041f5ec522a76c0b9b,0f2cf9a67445117338a1c28f1312c232b1cbb8285fc218b4057ed38b092a75be,0.4413959104567766,0.23586279712617397,0.33063115552067757,1.1129130143672228,0.5705461371690035,0.6681198719888926,0.5399920046329498,3.899460891261697,0.0,383.63953307271004,47.27291804738343,168.1655349675566,False,False,False,ok
BNCI2014_001,ebsw_full_bscale,ebsw,full,bscale,normalized,1,1788,94,93,500,500,2,0.0002086114155422829,0.014443386567639976,,,,7.840147648728935e-05,2.793683898093503,122.7769233819667,,499.92614137470224,0.9998522827494045,,6.214534687017807,0.0021376088270194144,0.010561911535881196,0.020935706463786275,fixed_beta,0,0,6159,7d49c7b1ff57adfee910ff7572a049ba643dba22b77f3ca9927fd1162cfab3dd,three_row_sha256,,944f93c6fa033d604d9e90219484c40564bfebf4e3306a041f5ec522a76c0b9b,0f2cf9a67445117338a1c28f1312c232b1cbb8285fc218b4057ed38b092a75be,0.22192415781319141,1.8818890675902367,0.3069629892706871,1.1097351089119911,0.25836098939180374,1.1886688880622387,0.3085678908973932,5.276109091937542,0.0,388.9156421646476,47.27291804738343,168.1655349675566,False,False,False,ok
BNCI2014_001,ebsw_full_bscale,ebsw,full,bscale,normalized,1,1788,95,94,500,500,2,0.0002068213651493475,0.014381285239829835,,,,7.787440719452993e-05,2.793683898093503,122.7769233819667,,499.9248639373566,0.9998497278747132,,6.21453345171755,0.002133938191875006,0.010534567142012726,0.020952492514609664,fixed_beta,0,0,6253,1cd9dd21a322eb565f1dbaf0cc885ff40079e7b561acb96ef92c3154d74f9676,three_row_sha256,,944f93c6fa033d604d9e90219484c40564bfebf4e3306a041f5ec522a76c0b9b,0f2cf9a67445117338a1c28f1312c232b1cbb8285fc218b4057ed38b092a75be,0.36281999200582504,0.32404414378106594,0.3136671148240566,1.2963688932359219,0.4671539645642042,1.1284870561212301,0.16416283324360847,4.056703997775912,0.0,392.9723461624235,47.27291804738343,168.1655349675566,False,False,False,ok
BNCI2014_001,ebsw_full_bscale,ebsw,full,bscale,normalized,1,1788,96,95,500,500,2,0.00019824958093960204,0.014080112959049797,,,,7.630912317403418e-05,2.793683898093503,122.7769233819667,,499.9431500755068,0.9998863001510137,,6.214551422283797,0.002075215451073788,0.010357483596138247,0.020661342696147528,fixed_beta,0,0,6348,fc2a5d1084970b5913af0bde9e89fb772549af085e80124d35db7d31fabe2535,three_row_sha256,,944f93c6fa033d604d9e90219484c40564bfebf4e3306a041f5ec522a76c0b9b,0f2cf9a67445117338a1c28f1312c232b1cbb8285fc218b4057ed38b092a75be,0.41618593968451023,0.35418104380369186,0.31809299252927303,0.611885916441679,0.3408021293580532,1.063833013176918,0.3693110775202513,3.4742921125143766,0.0,396.44663827493787,47.27291804738343,168.1655349675566,False,False,False,ok
BNCI2014_001,ebsw_full_bscale,ebsw,full,bscale,normalized,1,1788,97,96,500,500,2,0.0002030088275343286,0.01424811663113159,,,,7.712756936152082e-05,2.7936838980935033,122.7769233819667,,499.9396367108931,0.9998792734217863,,6.214547958030656,0.0020904695548735184,0.010415625992920896,0.020715431469341978,fixed_beta,0,0,6444,f418cf0e031d164722555cfc6a4d18da3ff015bbbc9d126395525fbc1575e319,three_row_sha256,,944f93c6fa033d604d9e90219484c40564bfebf4e3306a041f5ec522a76c0b9b,0f2cf9a67445117338a1c28f1312c232b1cbb8285fc218b4057ed38b092a75be,0.3355899825692177,0.38055400364100933,0.3915661945939064,1.1062249541282654,0.5276459269225597,0.7857868913561106,0.41647301986813545,3.9438409730792046,0.0,400.3904792480171,47.27291804738343,168.1655349675566,False,False,False,ok
BNCI2014_001,ebsw_full_bscale,ebsw,full,bscale,normalized,1,1788,98,97,500,500,2,0.00021032550151214966,0.01450260326672938,,,,7.84674653210641e-05,2.793683898093503,122.7769233819667,,499.9313368120515,0.999862673624103,,6.214539793403801,0.0021275244390838778,0.010492800126708812,0.020856135190090774,fixed_beta,0,0,6541,d7d098bd45bd7bbb424068aa31229bb7ae038f6799627c51e0f2d67cf3d424a7,three_row_sha256,,944f93c6fa033d604d9e90219484c40564bfebf4e3306a041f5ec522a76c0b9b,0f2cf9a67445117338a1c28f1312c232b1cbb8285fc218b4057ed38b092a75be,0.19967183470726013,0.3628639969974756,0.33155595883727074,0.5350690335035324,0.2331240102648735,0.7175339851528406,0.5771161522716284,2.9569349717348814,0.0,403.34741421975195,47.27291804738343,168.1655349675566,False,False,False,ok
BNCI2014_001,ebsw_full_bscale,ebsw,full,bscale,normalized,1,1788,99,98,500,500,2,0.00019395639472850068,0.013926822851192611,,,,7.580478084977455e-05,2.793683898093503,122.7769233819667,,499.94579673246113,0.9998915934649223,,6.214554098906147,0.0020996986108967487,0.01038274368203394,0.02069457169808995,fixed_beta,0,0,6639,c04cf7507d4fb84c8149bf472971f949260b7a28c3ef447d142a3bcb24d1c808,three_row_sha256,,944f93c6fa033d604d9e90219484c40564bfebf4e3306a041f5ec522a76c0b9b,0f2cf9a67445117338a1c28f1312c232b1cbb8285fc218b4057ed38b092a75be,0.32772403210401535,0.3662658855319023,0.401902012526989,1.9970780704170465,0.4128019791096449,0.9599870536476374,0.4074070602655411,4.8731660936027765,0.0,408.22058031335473,47.27291804738343,168.1655349675566,False,False,False,ok
BNCI2014_001,ebsw_full_bscale,ebsw,full,bscale,normalized,1,1788,100,99,500,500,2,0.00020575467892582696,0.014344151383955308,5.303330402204162,0.7573583813709811,24.26416186290189,7.820109915672357e-05,2.793683898093503,122.7769233819667,,499.9248560152295,0.999849712030459,,6.214533456785946,0.0021410733778280014,0.010570097457309776,0.020962045692641054,fixed_beta,0,0,6738,d47a1e0aefc38fe54fe36d93718822aa72c6fadcf39a196d8decbcb6f72b8c9d,three_row_sha256,,944f93c6fa033d604d9e90219484c40564bfebf4e3306a041f5ec522a76c0b9b,0f2cf9a67445117338a1c28f1312c232b1cbb8285fc218b4057ed38b092a75be,0.38065388798713684,0.3096361178904772,0.2899831160902977,0.5329989362508059,0.26663695462048054,0.7427670061588287,0.5524400621652603,3.075116081163287,13.096192851662636,411.295696394518,60.36911089904606,168.1655349675566,False,False,False,ok
BNCI2014_001,ebsw_full_bscale,ebsw,full,bscale,normalized,1,1788,101,100,500,500,2,0.00019565343592819882,0.013987617235547976,,,,7.563317365636824e-05,2.7936838980935033,122.7769233819667,,499.94895314021846,0.999897906280437,,6.214557203297402,0.0020799110346087116,0.01032608508994326,0.02060678914831129,fixed_beta,0,0,6838,e6855f361350fa477f6ac3b1e57e6a3fa84b70533c217669d08452241da95361,three_row_sha256,,944f93c6fa033d604d9e90219484c40564bfebf4e3306a041f5ec522a76c0b9b,0f2cf9a67445117338a1c28f1312c232b1cbb8285fc218b4057ed38b092a75be,0.22910605184733868,0.390324043110013,0.29560900293290615,0.7436319720000029,0.48303185030817986,0.8762269280850887,0.3802659921348095,3.3981958404183388,0.0,414.69389223493636,60.36911089904606,212.72004512138665,False,False,False,ok
BNCI2014_001,ebsw_full_bscale,ebsw,full,bscale,normalized,1,1788,102,101,500,500,2,0.0002011897379717518,0.014184136842675757,,,,7.67819678315235e-05,2.7936838980935033,122.7769233819667,,499.9428017925727,0.9998856035851454,,6.214551118411375,0.0020932086084591373,0.010417084272578852,0.020728802831379935,fixed_beta,0,0,6939,92c218004acb996e31f4d4d61efc70680a8a566dade846c855c142ef0f1ead53,three_row_sha256,,944f93c6fa033d604d9e90219484c40564bfebf4e3306a041f5ec522a76c0b9b,0f2cf9a67445117338a1c28f1312c232b1cbb8285fc218b4057ed38b092a75be,0.39048888720571995,0.39038597606122494,0.3167309332638979,0.7381162140518427,0.5103449802845716,2.0202980376780033,0.31772092916071415,4.684085957705975,0.0,419.37797819264233,60.36911089904606,212.72004512138665,False,False,False,ok
BNCI2014_001,ebsw_full_bscale,ebsw,full,bscale,normalized,1,1788,103,102,500,500,2,0.00020713205948791482,0.014392083222658033,,,,7.813279786915333e-05,2.793683898093503,122.7769233819667,,499.93021397360656,0.9998604279472131,,6.214538683502125,0.002109102851014585,0.010480989453179301,0.020854210133381318,fixed_beta,0,0,7041,b06e0cf6f59266645a103eddde23ae68bbbe27aae676afef4e742da0a0fd52ef,three_row_sha256,,944f93c6fa033d604d9e90219484c40564bfebf4e3306a041f5ec522a76c0b9b,0f2cf9a67445117338a1c28f1312c232b1cbb8285fc218b4057ed38b092a75be,0.3949578385800123,0.34430320374667645,0.30777393840253353,0.8185361512005329,0.247664051130414,0.8370049763470888,0.45417784713208675,3.404418006539345,0.0,422.7823961991817,60.36911089904606,212.72004512138665,False,False,False,ok
BNCI2014_001,ebsw_full_bscale,ebsw,full,bscale,normalized,1,1788,104,103,500,500,2,0.00020425786707747406,0.014291881159507101,,,,7.738875497494564e-05,2.793683898093503,122.7769233819667,,499.93431227706634,0.9998686245541327,,6.21454278690912,0.00212793470323537,0.010500862081568672,0.02086109239111734,fixed_beta,0,0,7144,6b6bd4f0d96d89a557cb34cd72bb3c74fed6d94de0aca7aa58cff036949aabbe,three_row_sha256,,944f93c6fa033d604d9e90219484c40564bfebf4e3306a041f5ec522a76c0b9b,0f2cf9a67445117338a1c28f1312c232b1cbb8285fc218b4057ed38b092a75be,0.2529399935156107,0.4288798663765192,0.30399998649954796,0.9219241328537464,0.2728619147092104,0.726969912648201,0.19835284911096096,3.1059286557137966,0.0,425.8883248548955,60.36911089904606,212.72004512138665,False,False,False,ok
BNCI2014_001,ebsw_full_bscale,ebsw,full,bscale,normalized,1,1788,105,104,500,500,2,0.00019420821575839145,0.013935860782829006,,,,7.599385221099835e-05,2.793683898093503,122.7769233819667,,499.94637417883683,0.9998927483576737,,6.214554652663907,0.0020767777658037695,0.010351378690506648,0.02064480491697453,fixed_beta,0,0,7248,1ba77f4057f414739ec772121e0a08d9b4c6fa19b8662acbd343d5dccfce188c,three_row_sha256,,944f93c6fa033d604d9e90219484c40564bfebf4e3306a041f5ec522a76c0b9b,0f2cf9a67445117338a1c28f1312c232b1cbb8285fc218b4057ed38b092a75be,0.3006129991263151,0.19923504441976547,0.2263961359858513,0.9996448643505573,0.29923883266747,0.589379109442234,0.4095600452274084,3.0240670312196016,0.0,428.9123918861151,60.36911089904606,212.72004512138665,False,False,False,ok
BNCI2014_001,ebsw_full_bscale,ebsw,full,bscale,normalized,1,1788,106,105,500,500,2,0.0002097116730630728,0.01448142510470129,,,,7.82993027553226e-05,2.793683898093503,122.7769233819667,,499.9264024341084,0.9998528048682168,,6.214534960916682,0.0021480668639608305,0.010538482248703943,0.020873710694305436,fixed_beta,0,0,7353,5ec9a44cefe3be921c41d40e31e21aa2caa4a12214411ff824ad70f624b8dae4,three_row_sha256,,944f93c6fa033d604d9e90219484c40564bfebf4e3306a041f5ec522a76c0b9b,0f2cf9a67445117338a1c28f1312c232b1cbb8285fc218b4057ed38b092a75be,0.30709500424563885,0.3937699366360903,0.2976609393954277,0.7286209147423506,0.4705397877842188,0.6790959741920233,0.5313819274306297,3.408164484426379,0.0,432.32055637054145,60.36911089904606,212.72004512138665,False,False,False,ok
BNCI2014_001,ebsw_full_bscale,ebsw,full,bscale,normalized,1,1788,107,106,500,500,2,0.00020628593186969342,0.014362657548994665,,,,7.774477793671203e-05,2.793683898093503,122.7769233819667,,499.93398297424466,0.9998679659484894,,6.214542374594529,0.002105702855654452,0.01045928610611901,0.02078857529967393,fixed_beta,0,0,7459,6eebc9c8b7f5b2dfbcffafcdb2503b6c811f18cecb623301d8734052a1488f26,three_row_sha256,,944f93c6fa033d604d9e90219484c40564bfebf4e3306a041f5ec522a76c0b9b,0f2cf9a67445117338a1c28f1312c232b1cbb8285fc218b4057ed38b092a75be,0.416765920817852,0.34021888859570026,0.2405899576842785,1.0458710603415966,0.28797099366784096,0.769399106502533,0.3748219460248947,3.475637873634696,0.0,435.79619424417615,60.36911089904606,212.72004512138665,False,False,False,ok
BNCI2014_001,ebsw_full_bscale,ebsw,full,bscale,normalized,1,1788,108,107,500,500,2,0.00020421389748378173,0.014290342804977834,,,,7.733093770681074e-05,2.793683898093503,122.7769233819667,,499.94197968896816,0.9998839593779364,,6.214550287416088,0.002102732701451702,0.010418818883054511,0.020702763587262592,fixed_beta,0,0,7566,335ed526497ffa7703ff2ab1c2872e4debd6107654635a6fab14c5bee5f941a4,three_row_sha256,,944f93c6fa033d604d9e90219484c40564bfebf4e3306a041f5ec522a76c0b9b,0f2cf9a67445117338a1c28f1312c232b1cbb8285fc218b4057ed38b092a75be,0.23496407084167004,0.32722787000238895,0.3364379517734051,0.9897151030600071,0.42988103814423084,1.69818801805377,0.3881801385432482,4.40459419041872,0.0,440.20078843459487,60.36911089904606,212.72004512138665,False,False,False,ok
BNCI2014_001,ebsw_full_bscale,ebsw,full,bscale,normalized,1,1788,109,108,500,500,2,0.0002025276257166007,0.01423122010639287,,,,7.73187924818691e-05,2.793683898093503,122.7769233819667,,499.93994551322606,0.9998798910264521,,6.214548298067431,0.002118148066091469,0.010471228930482888,0.02075061694469705,fixed_beta,0,0,7674,09ef256621d24bd89d27c3b15a4b0fe845ac1a6414e03892fa6a0aefc62b3fe4,three_row_sha256,,944f93c6fa033d604d9e90219484c40564bfebf4e3306a041f5ec522a76c0b9b,0f2cf9a67445117338a1c28f1312c232b1cbb8285fc218b4057ed38b092a75be,1.691507874056697,0.33327401615679264,0.23438595235347748,1.0320828296244144,0.28785993345081806,0.7905440870672464,0.19050505943596363,4.56015975214541,0.0,444.7609481867403,60.36911089904606,212.72004512138665,False,False,False,ok
BNCI2014_001,ebsw_full_bscale,ebsw,full,bscale,normalized,1,1788,110,109,500,500,2,0.0001971563394158229,0.014041237104180775,,,,7.561264110722858e-05,2.7936838980935033,122.7769233819667,,499.94591279009126,0.9998918255801825,,6.2145541800718025,0.002086336333175876,0.010364050915359123,0.020664343173393614,fixed_beta,0,0,7783,efb5584c503929662fa794d146b0aba513874c611617ca1eaff2ea27dc0881d8,three_row_sha256,,944f93c6fa033d604d9e90219484c40564bfebf4e3306a041f5ec522a76c0b9b,0f2cf9a67445117338a1c28f1312c232b1cbb8285fc218b4057ed38b092a75be,0.2313640434294939,0.1973800826817751,0.2261619083583355,0.7726908661425114,0.46690297313034534,0.7707728073000908,0.37224008701741695,3.037512768059969,0.0,447.79846095480025,60.36911089904606,212.72004512138665,False,False,False,ok
BNCI2014_001,ebsw_full_bscale,ebsw,full,bscale,normalized,1,1788,111,110,500,500,2,0.00020117318679727252,0.014183553391067857,,,,7.647986975945264e-05,2.793683898093503,122.7769233819667,,499.9414852464809,0.9998829704929618,,6.214549825934862,0.002110563770188303,0.010439242167444698,0.020746505741855176,fixed_beta,0,0,7893,a26e08e4df4bb2bc5e66f54bc478ebf96d5233f684bc5d6be943e332efaf850d,three_row_sha256,,944f93c6fa033d604d9e90219484c40564bfebf4e3306a041f5ec522a76c0b9b,0f2cf9a67445117338a1c28f1312c232b1cbb8285fc218b4057ed38b092a75be,0.3320099785923958,0.3538168966770172,0.3060968592762947,0.9524221532046795,0.4411239642649889,0.8381830994039774,0.3921820316463709,3.6158349830657244,0.0,451.414295937866,60.36911089904606,212.72004512138665,False,False,False,ok
BNCI2014_001,ebsw_full_bscale,ebsw,full,bscale,normalized,1,1788,112,111,500,500,2,0.00021187427684373676,0.014555901787376032,,,,7.890718414671371e-05,2.793683898093503,122.7769233819667,,499.92469689042247,0.9998493937808449,,6.2145332116919425,0.0021461273894533587,0.01048022536835052,0.02085409989447684,fixed_beta,0,0,8004,5e2aa045eb2c57485fcd6f6a33e674959354ec8d090f0441e2fadffa420c6a04,three_row_sha256,,944f93c6fa033d604d9e90219484c40564bfebf4e3306a041f5ec522a76c0b9b,0f2cf9a67445117338a1c28f1312c232b1cbb8285fc218b4057ed38b092a75be,0.5461468826979399,0.8188681676983833,1.2853310909122229,0.6618411280214787,0.2671710681170225,0.7634090725332499,0.3635010216385126,4.70626843161881,0.0,456.1205643694848,60.36911089904606,212.72004512138665,False,False,False,ok
BNCI2014_001,ebsw_full_bscale,ebsw,full,bscale,normalized,1,1788,113,112,500,500,2,0.0002002575712355018,0.014151239212009024,,,,7.68860361967562e-05,2.793683898093503,122.7769233819667,,499.93444046899623,0.9998688809379925,,6.214542860174813,0.0021091300862628483,0.010466947214440673,0.020810237471876186,fixed_beta,0,0,8116,25815d159b2828d4139b079dbbe6695e49116720ae79e452286951e2034ab614,three_row_sha256,,944f93c6fa033d604d9e90219484c40564bfebf4e3306a041f5ec522a76c0b9b,0f2cf9a67445117338a1c28f1312c232b1cbb8285fc218b4057ed38b092a75be,0.38679991848766804,0.306054949760437,0.22494513541460037,0.8274680003523827,0.3785479348152876,1.0274469386786222,0.5111959762871265,3.6624588537961245,0.0,459.7830232232809,60.36911089904606,212.72004512138665,False,False,False,ok
BNCI2014_001,ebsw_full_bscale,ebsw,full,bscale,normalized,1,1788,114,113,500,500,2,0.0002063888272132441,0.01436623914645876,,,,7.805824829976033e-05,2.793683898093503,122.7769233819667,,499.93119378805346,0.9998623875761069,,6.214539577709495,0.0020900299728295263,0.010431944571282391,0.02078825584756561,fixed_beta,0,0,8229,d941aca12a653ab413308c3361ef33e268ce02564f4824d063940f44c808af35,three_row_sha256,,944f93c6fa033d604d9e90219484c40564bfebf4e3306a041f5ec522a76c0b9b,0f2cf9a67445117338a1c28f1312c232b1cbb8285fc218b4057ed38b092a75be,1.415706006810069,0.19692815840244293,0.22613699547946453,0.5853739567101002,0.5584079772233963,1.1014810297638178,0.42027514427900314,4.504309268668294,0.0,464.2873324919492,60.36911089904606,212.72004512138665,False,False,False,ok
BNCI2014_001,ebsw_full_bscale,ebsw,full,bscale,normalized,1,1788,115,114,500,500,2,0.00020452548070209412,0.014301240530181083,,,,7.764678746641031e-05,2.793683898093503,122.7769233819667,,499.93414967685015,0.9998682993537004,,6.214542533931768,0.0021294481546383845,0.01044218459474601,0.020759990271312534,fixed_beta,0,0,8343,b92d1672793f8d76ce8e519c70b3f831f9f06755ea0b89d041534f4d26c0bc4c,three_row_sha256,,944f93c6fa033d604d9e90219484c40564bfebf4e3306a041f5ec522a76c0b9b,0f2cf9a67445117338a1c28f1312c232b1cbb8285fc218b4057ed38b092a75be,0.31007383950054646,0.3774759825319052,0.302343163639307,0.6787420716136694,0.38637989200651646,0.8984329178929329,0.5229809321463108,3.476428799331188,0.0,467.7637612912804,60.36911089904606,212.72004512138665,False,False,False,ok
BNCI2014_001,ebsw_full_bscale,ebsw,full,bscale,normalized,1,1788,116,115,500,500,2,0.00019720142920091215,0.014042842632491193,,,,7.635297400394422e-05,2.793683898093503,122.7769233819667,,499.9476525706199,0.9998953051412398,,6.214555934343524,0.002093063201741137,0.010387700856515875,0.020698852043765467,fixed_beta,0,0,8458,4a32a0a9d3b046c9eb54cf07ea491e11a2fe7163253f96c7dd9b6ffb6c3bfd47,three_row_sha256,,944f93c6fa033d604d9e90219484c40564bfebf4e3306a041f5ec522a76c0b9b,0f2cf9a67445117338a1c28f1312c232b1cbb8285fc218b4057ed38b092a75be,0.24622399359941483,0.37170201539993286,0.21798210218548775,0.8507310412824154,0.3154389560222626,1.1608488857746124,0.39145094342529774,3.5543779376894236,0.0,471.3181392289698,60.36911089904606,212.72004512138665,False,False,False,ok
BNCI2014_001,ebsw_full_bscale,ebsw,full,bscale,normalized,1,1788,117,116,500,500,2,0.00020731518014867068,0.014398443671059406,,,,7.84666117978585e-05,2.793683898093503,122.7769233819667,,499.93342243929055,0.9998668448785811,,6.214541854382528,0.0021312326941712017,0.010450790612501246,0.020790053312452757,fixed_beta,0,0,8574,912f0028f5544bdebe2ac3191a60b9272f7873c1aa197c6a32849c5c3584c64c,three_row_sha256,,944f93c6fa033d604d9e90219484c40564bfebf4e3306a041f5ec522a76c0b9b,0f2cf9a67445117338a1c28f1312c232b1cbb8285fc218b4057ed38b092a75be,0.3561330959200859,0.3728950396180153,0.29367697425186634,0.7388240192085505,0.48132590018212795,1.024927943944931,0.5501050036400557,3.8178879767656326,0.0,475.13602720573545,60.36911089904606,212.72004512138665,False,False,False,ok
BNCI2014_001,ebsw_full_bscale,ebsw,full,bscale,normalized,1,1788,118,117,500,500,2,0.00020195975088470149,0.014211254374076256,,,,7.684940670976176e-05,2.7936838980935033,122.7769233819667,,499.94041178230333,0.9998808235646067,,6.214548739817985,0.0020989293258364176,0.010430269608669867,0.020741209913209026,fixed_beta,0,0,8691,67fe19379f4e5b9e7726f26dcc537a22f59c1427d746651c01b7f4d24c8ef067,three_row_sha256,,944f93c6fa033d604d9e90219484c40564bfebf4e3306a041f5ec522a76c0b9b,0f2cf9a67445117338a1c28f1312c232b1cbb8285fc218b4057ed38b092a75be,0.6806640885770321,0.38049020804464817,0.2976271789520979,0.8387160487473011,0.29143900610506535,1.3191699981689453,0.4085940308868885,4.216700559481978,0.0,479.3527277652174,60.36911089904606,212.72004512138665,False,False,False,ok
BNCI2014_001,ebsw_full_bscale,ebsw,full,bscale,normalized,1,1788,119,118,500,500,2,0.00019977920053604933,0.01413432702805653,,,,7.645263162505805e-05,2.793683898093503,122.7769233819667,,499.9396175179975,0.999879235035995,,6.214548004251445,0.0021161216446956067,0.01045550063896118,0.020779616043270527,fixed_beta,0,0,8809,3a92f33dff71243995b6d8879a059e4115760e50cd586dbbdec9bfc8870a25f3,three_row_sha256,,944f93c6fa033d604d9e90219484c40564bfebf4e3306a041f5ec522a76c0b9b,0f2cf9a67445117338a1c28f1312c232b1cbb8285fc218b4057ed38b092a75be,0.265688868239522,0.4000889603048563,0.3075520507991314,0.7319219876080751,0.501641072332859,0.7248790934681892,0.4085409455001354,3.3403129782527685,0.0,482.6930407434702,60.36911089904606,212.72004512138665,False,False,False,ok
BNCI2014_001,ebsw_full_bscale,ebsw,full,bscale,normalized,1,1788,120,119,500,500,2,0.00019972112142121006,0.01413227233749796,,,,7.594665195387594e-05,2.793683898093503,122.7769233819667,,499.943664298887,0.999887328597774,,6.214551944151195,0.002082985547863448,0.010373176914240168,0.020673268215675254,fixed_beta,0,0,8928,db2c0b78de457eabd05c702a0f330f1c7ec28d58124d99cbce2894e61bf62d82,three_row_sha256,,944f93c6fa033d604d9e90219484c40564bfebf4e3306a041f5ec522a76c0b9b,0f2cf9a67445117338a1c28f1312c232b1cbb8285fc218b4057ed38b092a75be,0.44002593494951725,0.37457910366356373,0.3272651229053736,1.0154431220144033,0.4530840087682009,1.0459099430590868,0.537363113835454,4.1936703491956,0.0,486.8867110926658,60.36911089904606,212.72004512138665,False,False,False,ok
BNCI2014_001,ebsw_full_bscale,ebsw,full,bscale,normalized,1,1788,121,120,500,500,2,0.0001977419842105223,0.01406207609887396,,,,7.627996254792576e-05,2.793683898093503,122.7769233819667,,499.9406966936309,0.9998813933872619,,6.214549076236294,0.00213365487837773,0.010459482272289752,0.020763617026524434,fixed_beta,0,0,9048,99712a3439b78b5944b4e0b3f20c8def05075db6544565bac2afd0c5c7f522b2,three_row_sha256,,944f93c6fa033d604d9e90219484c40564bfebf4e3306a041f5ec522a76c0b9b,0f2cf9a67445117338a1c28f1312c232b1cbb8285fc218b4057ed38b092a75be,0.5555490497499704,0.4007010720670223,0.4073150921612978,2.523313043639064,0.42894319631159306,3.874154994264245,0.3794902004301548,8.569466648623347,0.0,495.45617774128914,60.36911089904606,212.72004512138665,False,False,False,ok
BNCI2014_001,ebsw_full_bscale,ebsw,full,bscale,normalized,1,1788,122,121,500,500,2,0.00019486121076905532,0.013959269707583391,,,,7.586374229110802e-05,2.793683898093503,122.7769233819667,,499.9482603836129,0.9998965207672258,,6.214556559069935,0.002097319912456179,0.010412648567108131,0.020694409584874167,fixed_beta,0,0,9169,936eb60f359670d72e650e6a264bc91c256337be6673f86c8ad71e0c4776173a,three_row_sha256,,944f93c6fa033d604d9e90219484c40564bfebf4e3306a041f5ec522a76c0b9b,0f2cf9a67445117338a1c28f1312c232b1cbb8285fc218b4057ed38b092a75be,0.41111791506409645,0.36822608672082424,0.30926591716706753,0.7780618034303188,0.30104489997029305,2.806571079418063,0.39979605935513973,5.374083761125803,0.0,500.83026150241494,60.36911089904606,212.72004512138665,False,False,False,ok
BNCI2014_001,ebsw_full_bscale,ebsw,full,bscale,normalized,1,1788,123,122,500,500,2,0.00019772052642384763,0.014061313111649553,,,,7.637880004610522e-05,2.793683898093503,122.7769233819667,,499.93629395934886,0.9998725879186977,,6.2145446749462465,0.0021131420888787205,0.010435726112856111,0.020807290965091842,fixed_beta,0,0,9291,560a8a361e229d0af0dd5787f4b298cb5af2a5a4a2b09b3bd6f88bce6d9c3179,three_row_sha256,,944f93c6fa033d604d9e90219484c40564bfebf4e3306a041f5ec522a76c0b9b,0f2cf9a67445117338a1c28f1312c232b1cbb8285fc218b4057ed38b092a75be,0.5304808728396893,0.3149260301142931,1.766027882695198,1.3173730112612247,0.39165886119008064,0.7738850545138121,0.40511717088520527,5.499468883499503,0.0,506.32973038591444,60.36911089904606,212.72004512138665,False,False,False,ok
BNCI2014_001,ebsw_full_bscale,ebsw,full,bscale,normalized,1,1788,124,123,500,500,2,0.00020045164177888092,0.014158094567380207,,,,7.710792077268902e-05,2.793683898093503,122.7769233819667,,499.9470417082908,0.9998940834165816,,6.21455533612569,0.002090196581613688,0.010381977072847572,0.020705845664639077,fixed_beta,0,0,9414,c0ba0b201bdbd8df605193d38c107b95a127da3dab5d16dd08d8d570bddfae43,three_row_sha256,,944f93c6fa033d604d9e90219484c40564bfebf4e3306a041f5ec522a76c0b9b,0f2cf9a67445117338a1c28f1312c232b1cbb8285fc218b4057ed38b092a75be,0.3616008907556534,0.3026921767741442,0.2231108956038952,0.7743129972368479,0.27167494408786297,1.004233956336975,0.17911591567099094,3.1167417764663696,0.0,509.4464721623808,60.36911089904606,212.72004512138665,False,False,False,ok
BNCI2014_001,ebsw_full_bscale,ebsw,full,bscale,normalized,1,1788,125,124,500,500,2,0.00019599059830184025,0.013999664221039026,5.26724423202788,0.7522049850403983,24.779501495960158,7.572465435179078e-05,2.793683898093503,122.7769233819667,,499.9437141942666,0.9998874283885332,,6.214552033286514,0.0021112939384384977,0.010406177167115917,0.020694221181982303,fixed_beta,0,0,9538,b8852fb539f2993a19d815d2b004f4155ce987cdb40288a936af2855e382a007,three_row_sha256,,944f93c6fa033d604d9e90219484c40564bfebf4e3306a041f5ec522a76c0b9b,0f2cf9a67445117338a1c28f1312c232b1cbb8285fc218b4057ed38b092a75be,0.23926794528961182,0.4720070865005255,0.29504415579140186,0.9621540084481239,0.2665340434759855,0.8870349265635014,0.37367409095168114,3.495716257020831,12.325270799919963,512.9421884194016,72.69438169896603,212.72004512138665,False,False,False,ok
BNCI2014_001,ebsw_full_bscale,ebsw,full,bscale,normalized,1,1788,126,125,500,500,2,0.0002023428361762591,0.01422472622500198,,,,7.707652906003373e-05,2.793683898093503,122.7769233819667,,499.9414165454292,0.9998828330908585,,6.2145497495928215,0.002130080028638673,0.010407430236813097,0.020704273396015292,fixed_beta,0,0,9663,e70f80b215ffd2b69d006021c1d708bb5f978632fa174a357f0c6acc682ec51e,three_row_sha256,,944f93c6fa033d604d9e90219484c40564bfebf4e3306a041f5ec522a76c0b9b,0f2cf9a67445117338a1c28f1312c232b1cbb8285fc218b4057ed38b092a75be,0.4975181072950363,0.32521807588636875,0.5487098824232817,0.8529480546712875,0.41529699228703976,0.9620811324566603,0.34661288373172283,3.948385128751397,0.0,516.890573548153,72.69438169896603,212.72004512138665,False,False,False,ok
BNCI2014_001,ebsw_full_bscale,ebsw,full,bscale,normalized,1,1788,127,126,500,500,2,0.00020341428319366122,0.014262337928743003,,,,7.742849987542463e-05,2.793683898093503,122.7769233819667,,499.93163359482617,0.9998632671896523,,6.214540248287929,0.0021913517368325587,0.01052020692122832,0.02085513280024834,fixed_beta,0,0,9789,c3c8cc82e6118df5f2d6a300cd7de0b2fe0cf234974c962dfccc8b4c6af116fa,three_row_sha256,,944f93c6fa033d604d9e90219484c40564bfebf4e3306a041f5ec522a76c0b9b,0f2cf9a67445117338a1c28f1312c232b1cbb8285fc218b4057ed38b092a75be,0.4149510059505701,0.34215813502669334,0.3166389651596546,0.7439649198204279,0.3773139324039221,1.0776100680232048,0.4793810658156872,3.75201809220016,0.0,520.6425916403532,72.69438169896603,212.72004512138665,False,False,False,ok
BNCI2014_001,ebsw_full_bscale,ebsw,full,bscale,normalized,1,1788,128,127,500,500,2,0.0001980535896798795,0.014073151376997247,,,,7.61018363474578e-05,2.793683898093503,122.7769233819667,,499.9433310958025,0.9998866621916049,,6.21455166242618,0.002117236862257075,0.010408118859505489,0.02070392898119617,fixed_beta,0,0,9916,33a10714d7c51134425aa33d382563f987dc1781315994c84ef12eb47cb98175,three_row_sha256,,944f93c6fa033d604d9e90219484c40564bfebf4e3306a041f5ec522a76c0b9b,0f2cf9a67445117338a1c28f1312c232b1cbb8285fc218b4057ed38b092a75be,0.3754689823836088,0.35372190177440643,0.35202596336603165,0.7736128754913807,0.5136390682309866,0.7978631183505058,0.3894958645105362,3.555827774107456,0.0,524.1984194144607,72.69438169896603,212.72004512138665,False,False,False,ok
BNCI2014_001,ebsw_full_bscale,ebsw,full,bscale,normalized,1,1788,129,128,500,500,2,0.0002090561798278291,0.01445877518422045,,,,7.806147079993708e-05,2.793683898093503,122.7769233819667,,499.93095108325497,0.9998619021665099,,6.214539410918698,0.0021375607699199166,0.010504881406594078,0.020866041654993478,fixed_beta,0,0,10044,fabed8d5b07dbcf67d9f5475dcebebda385630995099452f3065a72a406f95b3,three_row_sha256,,944f93c6fa033d604d9e90219484c40564bfebf4e3306a041f5ec522a76c0b9b,0f2cf9a67445117338a1c28f1312c232b1cbb8285fc218b4057ed38b092a75be,0.2586038317531347,0.32723089680075645,0.3131928388029337,0.8498551324009895,0.30486006289720535,0.956693897023797,0.3681308589875698,3.3785675186663866,0.0,527.576986933127,72.69438169896603,212.72004512138665,False,False,False,ok
BNCI2014_001,ebsw_full_bscale,ebsw,full,bscale,normalized,1,1788,130,129,500,500,2,0.00019577999898407985,0.013992140614790857,,,,7.660255196515171e-05,2.793683898093503,122.7769233819667,,499.94683204592303,0.9998936640918461,,6.214555127751527,0.002093490840113305,0.010397855679391967,0.02072947522485072,fixed_beta,0,0,10173,2905be1e395bdfb2138d5e4422f21a99ae2784ab6bbed11d8cfcaa024908fa8e,three_row_sha256,,944f93c6fa033d604d9e90219484c40564bfebf4e3306a041f5ec522a76c0b9b,0f2cf9a67445117338a1c28f1312c232b1cbb8285fc218b4057ed38b092a75be,0.27023395523428917,0.3068610094487667,0.23458502255380154,0.7102580275386572,0.42710197158157825,0.8936519734561443,0.486230943351984,3.328922903165221,0.0,530.9059098362923,72.69438169896603,212.72004512138665,False,False,False,ok
BNCI2014_001,ebsw_full_bscale,ebsw,full,bscale,normalized,1,1788,131,130,500,500,2,0.00020180411729341997,0.014205777602560867,,,,7.689968593722976e-05,2.793683898093503,122.7769233819667,,499.94675610845746,0.9998935122169149,,6.214555012495364,0.002085269868260449,0.010354440067924256,0.020634085149936292,fixed_beta,0,0,10303,3e817464fc573e524a50dc082e5b8c4fd98ee1f2273e5519ceafc04ee3a80d9b,three_row_sha256,,944f93c6fa033d604d9e90219484c40564bfebf4e3306a041f5ec522a76c0b9b,0f2cf9a67445117338a1c28f1312c232b1cbb8285fc218b4057ed38b092a75be,0.38544507697224617,0.3482832107692957,0.3634409513324499,0.7618030067533255,0.5302380304783583,0.7650300394743681,0.2080090343952179,3.3622493501752615,0.0,534.2681591864675,72.69438169896603,212.72004512138665,False,False,False,ok
BNCI2014_001,ebsw_full_bscale,ebsw,full,bscale,normalized,1,1788,132,131,500,500,2,0.0002026241217554216,0.014234609996604107,,,,7.71644275483643e-05,2.793683898093503,122.7769233819667,,499.9390392113406,0.9998780784226813,,6.214547338899509,0.002079978284943999,0.010369829281634668,0.02068523293711556,fixed_beta,0,0,10434,5849b10c1570017877127d7ff48281e7ba9a4e9df2084f075fff82682af7f418,three_row_sha256,,944f93c6fa033d604d9e90219484c40564bfebf4e3306a041f5ec522a76c0b9b,0f2cf9a67445117338a1c28f1312c232b1cbb8285fc218b4057ed38b092a75be,0.6996451411396265,0.3430119249969721,0.31387503258883953,0.8841119706630707,0.4570488817989826,1.3277200050652027,0.37117605097591877,4.396589007228613,0.0,538.6647481936961,72.69438169896603,212.72004512138665,False,False,False,ok
BNCI2014_001,ebsw_full_bscale,ebsw,full,bscale,normalized,1,1788,133,132,500,500,2,0.00020115914164806976,0.014183058261463561,,,,7.714594329823841e-05,2.793683898093503,122.7769233819667,,499.9359972410579,0.9998719944821158,,6.214544347904837,0.0020990315656030625,0.010425994411534148,0.020751655000968382,fixed_beta,0,0,10566,1ac9b539217b31c6041ef35cb8e50c989b7d9b74c342d3da396059b9d15bc766,three_row_sha256,,944f93c6fa033d604d9e90219484c40564bfebf4e3306a041f5ec522a76c0b9b,0f2cf9a67445117338a1c28f1312c232b1cbb8285fc218b4057ed38b092a75be,0.38459012284874916,0.47876988537609577,0.3194620367139578,0.7593189366161823,0.38897804915905,1.192993950098753,0.37559401243925095,3.899706993252039,0.0,542.5644551869482,72.69438169896603,212.72004512138665,False,False,False,ok
BNCI2014_001,ebsw_full_bscale,ebsw,full,bscale,normalized,1,1788,134,133,500,500,2,0.00019585958802878712,0.013994984388300944,,,,7.554136696538023e-05,2.793683898093503,122.7769233819667,,499.9425490841859,0.9998850981683718,,6.214550892840079,0.0020878788463679506,0.010414793292601175,0.020723935380319455,fixed_beta,0,0,10699,b0065cccd9231998fb54791ba46bbeed3e1410a664816f20038994a5b453c94f,three_row_sha256,,944f93c6fa033d604d9e90219484c40564bfebf4e3306a041f5ec522a76c0b9b,0f2cf9a67445117338a1c28f1312c232b1cbb8285fc218b4057ed38b092a75be,0.3799621481448412,0.8277029264718294,1.279342919588089,1.0667750611901283,0.2825809642672539,1.059497008100152,0.3510778769850731,5.246938904747367,0.0,547.8113940916955,72.69438169896603,212.72004512138665,False,False,False,ok
BNCI2014_001,ebsw_full_bscale,ebsw,full,bscale,normalized,1,1788,135,134,500,500,2,0.0001980831158569814,0.014074200362968456,,,,7.611324205581767e-05,2.793683898093503,122.7769233819667,,499.9420619204523,0.9998841238409046,,6.2145504192721335,0.0021018881855244718,0.010429726664844126,0.020744862762196375,fixed_beta,0,0,10833,f185875a657c3d75d308163db4f310bae23b5707921aec910fbf716c4c200e66,three_row_sha256,,944f93c6fa033d604d9e90219484c40564bfebf4e3306a041f5ec522a76c0b9b,0f2cf9a67445117338a1c28f1312c232b1cbb8285fc218b4057ed38b092a75be,0.37500704638659954,0.303689856082201,0.31061889603734016,0.7081341464072466,0.42368611320853233,0.7212432101368904,0.36083185113966465,3.2032111193984747,0.0,551.014605211094,72.69438169896603,212.72004512138665,False,False,False,ok
BNCI2014_001,ebsw_full_bscale,ebsw,full,bscale,normalized,1,1788,136,135,500,500,2,0.00020062605773945295,0.01416425281260727,,,,7.700760153419431e-05,2.7936838980935024,122.7769233819667,,499.9320726299485,0.999864145259897,,6.214540468109002,0.0021006159109096204,0.010462383943855073,0.020802431308065916,fixed_beta,0,0,10968,bdffdfbb0e2018a8876f8e9e1039457e43d5f4b14fd75a77520a1fa943f09e5f,three_row_sha256,,944f93c6fa033d604d9e90219484c40564bfebf4e3306a041f5ec522a76c0b9b,0f2cf9a67445117338a1c28f1312c232b1cbb8285fc218b4057ed38b092a75be,0.40039094164967537,0.36155199632048607,0.3111229743808508,0.9249118156731129,0.4256200045347214,1.236506039276719,1.384626142680645,5.044729914516211,0.0,556.0593351256102,72.69438169896603,212.72004512138665,False,False,False,ok
BNCI2014_001,ebsw_full_bscale,ebsw,full,bscale,normalized,1,1788,137,136,500,500,2,0.00020596446042856858,0.014351461961367162,,,,7.807743513394262e-05,2.793683898093503,122.7769233819667,,499.9374239327979,0.9998748478655959,,6.214545774686913,0.0021214689188087813,0.010419573511921586,0.02072482245811027,fixed_beta,0,0,11104,1fc61a41279bdab8a3ba3bfda79770b01e4760c85c120414115e8117ac67fdc1,three_row_sha256,,944f93c6fa033d604d9e90219484c40564bfebf4e3306a041f5ec522a76c0b9b,0f2cf9a67445117338a1c28f1312c232b1cbb8285fc218b4057ed38b092a75be,0.38681295700371265,0.49466616474092007,0.33323303796350956,0.7450289558619261,0.43880706652998924,0.9459999855607748,0.3827719483524561,3.7273201160132885,0.0,559.7866552416235,72.69438169896603,212.72004512138665,False,False,False,ok
BNCI2014_001,ebsw_full_bscale,ebsw,full,bscale,normalized,1,1788,138,137,500,500,2,0.0001991273102450649,0.014111247650192555,,,,7.655442073529411e-05,2.793683898093503,122.7769233819667,,499.9353862326369,0.9998707724652739,,6.214543825643373,0.0021172043676060963,0.010461745628862783,0.020826983206520946,fixed_beta,0,0,11241,73572d84d1b4a46b5a975f935cf97160a1c28597cd9bcc0c1c40164b51d36fcc,three_row_sha256,,944f93c6fa033d604d9e90219484c40564bfebf4e3306a041f5ec522a76c0b9b,0f2cf9a67445117338a1c28f1312c232b1cbb8285fc218b4057ed38b092a75be,0.2696709707379341,0.312252901494503,0.31687598675489426,0.7300949655473232,0.4243080038577318,0.9941719472408295,0.36722305230796337,3.4145978279411793,0.0,563.2012530695647,72.69438169896603,212.72004512138665,False,False,False,ok
BNCI2014_001,ebsw_full_bscale,ebsw,full,bscale,normalized,1,1788,139,138,500,500,2,0.00020710411187127537,0.01439111225275084,,,,7.808192614732575e-05,2.793683898093503,122.7769233819667,,499.9362803490554,0.9998725606981108,,6.214544619648377,0.0020891884226290013,0.010398711524669564,0.020719146342711464,fixed_beta,0,0,11379,b570168dfe679c36edbfed4df72c71d8ea80c99b7ae24a0aee65bd6e660fec0e,three_row_sha256,,944f93c6fa033d604d9e90219484c40564bfebf4e3306a041f5ec522a76c0b9b,0f2cf9a67445117338a1c28f1312c232b1cbb8285fc218b4057ed38b092a75be,0.366484047845006,0.4242309369146824,0.3087809309363365,0.7795668207108974,0.3374791704118252,0.8928980678319931,0.22213510237634182,3.3315750770270824,0.0,566.5328281465918,72.69438169896603,212.72004512138665,False,False,False,ok
BNCI2014_001,ebsw_full_bscale,ebsw,full,bscale,normalized,1,1788,140,139,500,500,2,0.00020395925543529504,0.014281430440796014,,,,7.748784397143488e-05,2.793683898093503,122.7769233819667,,499.9234457794236,0.9998468915588472,,6.214532223675514,0.002203781847481455,0.010606709331804819,0.021014565115933703,fixed_beta,0,0,11518,76f0cc99341bd330d375290942fd6285e34d681d4b60124f222cecd123e89d34,three_row_sha256,,944f93c6fa033d604d9e90219484c40564bfebf4e3306a041f5ec522a76c0b9b,0f2cf9a67445117338a1c28f1312c232b1cbb8285fc218b4057ed38b092a75be,0.4142750985920429,0.3626369871199131,0.23985491134226322,0.6984628271311522,0.28976984322071075,1.6826721839606762,0.36055687814950943,4.048228729516268,0.0,570.581056876108,72.69438169896603,212.72004512138665,False,False,False,ok
BNCI2014_001,ebsw_full_bscale,ebsw,full,bscale,normalized,1,1788,141,140,500,500,2,0.00019936099721951447,0.014119525389315126,,,,7.658401862719967e-05,2.793683898093503,122.7769233819667,,499.93814119813874,0.9998762823962775,,6.214546547746068,0.002111071605080599,0.010478994614606872,0.020820498864966012,fixed_beta,0,0,11658,f2dfa74c967d4a8c09d8b974c8eeeb372dd7157e0676a0c14624ad80e0cfcd59,three_row_sha256,,944f93c6fa033d604d9e90219484c40564bfebf4e3306a041f5ec522a76c0b9b,0f2cf9a67445117338a1c28f1312c232b1cbb8285fc218b4057ed38b092a75be,0.3814289811998606,0.20151911303400993,0.23343786597251892,0.8978699333965778,0.4285220056772232,1.3684809673577547,0.3568821121007204,3.8681409787386656,0.0,574.4491978548467,72.69438169896603,212.72004512138665,False,False,False,ok
BNCI2014_001,ebsw_full_bscale,ebsw,full,bscale,normalized,1,1788,142,141,500,500,2,0.00019573779352653357,0.013990632349058908,,,,7.571723805983399e-05,2.793683898093503,122.7769233819667,,499.94289556913435,0.9998857911382687,,6.214551281835883,0.002147197402922815,0.010436751498001513,0.02074839899727649,fixed_beta,0,0,11799,48bdf7053611ad731f27213f4184e3ab94f4bf73aad2640adbc4e1a2d203a5f4,three_row_sha256,,944f93c6fa033d604d9e90219484c40564bfebf4e3306a041f5ec522a76c0b9b,0f2cf9a67445117338a1c28f1312c232b1cbb8285fc218b4057ed38b092a75be,0.39168307557702065,0.34697400406003,0.3104601055383682,0.8899068925529718,0.4059099592268467,4.226741846650839,0.4119959194213152,6.983671803027391,0.0,581.4328696578741,72.69438169896603,212.72004512138665,False,False,False,ok
BNCI2014_001,ebsw_full_bscale,ebsw,full,bscale,normalized,1,1788,143,142,500,500,2,0.00020398710767880574,0.01428240552843973,,,,7.744139640326829e-05,2.793683898093503,122.7769233819667,,499.94030620482954,0.9998806124096591,,6.214548683455427,0.0021012266586063985,0.010442862460491248,0.020814537683337415,fixed_beta,0,0,11941,ad1d663aeb6f62a5fbdca0630f04827412d5e4054c1600267c241e3858c53d44,three_row_sha256,,944f93c6fa033d604d9e90219484c40564bfebf4e3306a041f5ec522a76c0b9b,0f2cf9a67445117338a1c28f1312c232b1cbb8285fc218b4057ed38b092a75be,0.4173929337412119,0.34065707586705685,0.35404087975621223,0.8261359762400389,5.097877001389861,1.0374190751463175,0.3724589478224516,8.44598188996315,0.0,589.8788515478373,72.69438169896603,212.72004512138665,False,False,False,ok
BNCI2014_001,ebsw_full_bscale,ebsw,full,bscale,normalized,1,1788,144,143,500,500,2,0.00019838835791081413,0.014085040216868894,,,,7.599738008384333e-05,2.793683898093503,122.7769233819667,,499.94236048990336,0.9998847209798067,,6.2145507869471395,0.0021596275116534873,0.01049130051199734,0.020773468663315448,fixed_beta,0,0,12084,eda296470caf1e10f651f63728ad2633f0a170dcd09507eed4d2e323f4cf3366,three_row_sha256,,944f93c6fa033d604d9e90219484c40564bfebf4e3306a041f5ec522a76c0b9b,0f2cf9a67445117338a1c28f1312c232b1cbb8285fc218b4057ed38b092a75be,0.39448216557502747,0.3322712145745754,0.31825294718146324,1.565634971484542,0.7339289877563715,0.7518569473177195,0.4283089656382799,4.524736199527979,0.0,594.4035877473652,72.69438169896603,212.72004512138665,False,False,False,ok
BNCI2014_001,ebsw_full_bscale,ebsw,full,bscale,normalized,1,1788,145,144,500,500,2,0.00020060244616749631,0.014163419296465678,,,,7.705139008971856e-05,2.793683898093503,122.7769233819667,,499.93450384888695,0.9998690076977739,,6.2145429299327875,0.0021421691755271932,0.010474869133917196,0.020799722475664587,fixed_beta,0,0,12228,0277494b86ef4b3a856779524c45a72a2ba7e1601fb7d1dadf307f8b4ed7ccb5,three_row_sha256,,944f93c6fa033d604d9e90219484c40564bfebf4e3306a041f5ec522a76c0b9b,0f2cf9a67445117338a1c28f1312c232b1cbb8285fc218b4057ed38b092a75be,0.3795248921960592,0.40098000317811966,0.2986809704452753,0.5693209823220968,0.38301805034279823,0.8334689773619175,0.3687830176204443,3.233776893466711,0.0,597.637364640832,72.69438169896603,212.72004512138665,False,False,False,ok
BNCI2014_001,ebsw_full_bscale,ebsw,full,bscale,normalized,1,1788,146,145,500,500,2,0.00020525043949880435,0.014326564120500224,,,,7.784133256255542e-05,2.7936838980935024,122.7769233819667,,499.93680731612875,0.9998736146322575,,6.2145451296570755,0.002093926960206526,0.010415794509990297,0.02072299985937396,fixed_beta,0,0,12373,56b4eca86d240d1c1cea44e85555218d08cb981b2fcf5482c4ef5111945aaeac,three_row_sha256,,944f93c6fa033d604d9e90219484c40564bfebf4e3306a041f5ec522a76c0b9b,0f2cf9a67445117338a1c28f1312c232b1cbb8285fc218b4057ed38b092a75be,0.2062318380922079,0.37420797161757946,0.3850411158055067,0.5826570559293032,0.4027099348604679,0.7284882012754679,0.5080979317426682,3.187434049323201,0.0,600.8247986901551,72.69438169896603,212.72004512138665,False,False,False,ok
BNCI2014_001,ebsw_full_bscale,ebsw,full,bscale,normalized,1,1788,147,146,500,500,2,0.00020252283628346027,0.014231051833348801,,,,7.767872222667524e-05,2.793683898093503,122.7769233819667,,499.9407028183872,0.9998814056367744,,6.214549014463614,0.0021043108706435493,0.01039233874039298,0.02071015499666736,fixed_beta,0,0,12519,c08f7ed0a64e6741e8f6cf7809ae662bf5defd834dca055fa46988136c31712e,three_row_sha256,,944f93c6fa033d604d9e90219484c40564bfebf4e3306a041f5ec522a76c0b9b,0f2cf9a67445117338a1c28f1312c232b1cbb8285fc218b4057ed38b092a75be,0.23831892758607864,0.19395304843783379,0.21384097635746002,0.5893611814826727,0.5613090470433235,0.986970029771328,0.43484498746693134,3.218598198145628,0.0,604.0433968883008,72.69438169896603,212.72004512138665,False,False,False,ok
BNCI2014_001,ebsw_full_bscale,ebsw,full,bscale,normalized,1,1788,148,147,500,500,2,0.00019821479602366902,0.014078877654971969,,,,7.620897904134959e-05,2.7936838980935024,122.7769233819667,,499.94083650229294,0.9998816730045859,,6.214549162651237,0.0020950433243413255,0.01040575041698039,0.020730810954776052,fixed_beta,0,0,12666,27eec89d94b456b1a32d753aa4b9b061287455b9c5ab806808a393779fb7aaa6,three_row_sha256,,944f93c6fa033d604d9e90219484c40564bfebf4e3306a041f5ec522a76c0b9b,0f2cf9a67445117338a1c28f1312c232b1cbb8285fc218b4057ed38b092a75be,0.2600620500743389,0.35154586657881737,0.28561893850564957,0.563096022233367,0.40060305036604404,0.7137740030884743,0.5500810220837593,3.1247809529304504,0.0,607.1681778412312,72.69438169896603,212.72004512138665,False,False,False,ok
BNCI2014_001,ebsw_full_bscale,ebsw,full,bscale,normalized,1,1788,149,148,500,500,2,0.00020269969503111166,0.014237264309940715,,,,7.70650544082697e-05,2.7936838980935024,122.7769233819667,,499.94846160316155,0.9998969232063231,,6.214556717423249,0.002084713342839333,0.010360547558916727,0.02063652236982531,fixed_beta,0,0,12814,a34c2a47d7ef759a9ef7fb160863fc7e2b77e06ac2023d111e8ece02ef24e749,three_row_sha256,,944f93c6fa033d604d9e90219484c40564bfebf4e3306a041f5ec522a76c0b9b,0f2cf9a67445117338a1c28f1312c232b1cbb8285fc218b4057ed38b092a75be,0.22785807959735394,1.8643708899617195,0.287200091406703,0.5562328733503819,0.5831490270793438,1.1701409239321947,0.3953289706259966,5.084280855953693,0.0,612.2524586971849,72.69438169896603,212.72004512138665,False,False,False,ok
BNCI2014_001,ebsw_full_bscale,ebsw,full,bscale,normalized,1,1788,150,149,500,500,2,0.0001977809877662896,0.014063462865393062,5.1825650532449865,0.7401121149163379,25.98878850836621,7.636178276829228e-05,2.793683898093503,122.7769233819667,,499.9445610735723,0.9998891221471446,,6.214552934967534,0.002097746523883058,0.010426537988418888,0.02076247773352666,fixed_beta,0,0,12963,7a4cd729ce8f3288d205be86ae3fd823129aa359f8e682716652ce35875d3218,three_row_sha256,,944f93c6fa033d604d9e90219484c40564bfebf4e3306a041f5ec522a76c0b9b,0f2cf9a67445117338a1c28f1312c232b1cbb8285fc218b4057ed38b092a75be,0.20380900241434574,0.3419069107621908,0.2913221251219511,0.6895191036164761,0.2776810433715582,1.0322830639779568,0.38858293555676937,3.225104184821248,11.28962798975408,615.4775628820062,83.9840096887201,212.72004512138665,False,False,False,ok
BNCI2014_001,ebsw_full_bscale,ebsw,full,bscale,normalized,1,1788,151,150,500,500,2,0.00019406361739619885,0.01393067182142336,,,,7.550170303391553e-05,2.793683898093503,122.7769233819667,,499.94614570929343,0.9998922914185869,,6.214554499125858,0.0021399875347241364,0.010418704520386658,0.020709075906651365,fixed_beta,0,0,13113,0ae070ba5febdb7a2c3911bced069b615b90e025e6e27de9da74cde000ec7a45,three_row_sha256,,944f93c6fa033d604d9e90219484c40564bfebf4e3306a041f5ec522a76c0b9b,0f2cf9a67445117338a1c28f1312c232b1cbb8285fc218b4057ed38b092a75be,0.24838000535964966,0.3498159348964691,0.3047019708901644,0.7074440363794565,0.3075757995247841,0.7997839711606503,0.36543491296470165,3.0831366311758757,0.0,618.560699513182,83.9840096887201,212.72004512138665,False,False,False,ok
BNCI2014_001,ebsw_full_bscale,ebsw,full,bscale,normalized,1,1788,152,151,500,500,2,0.00020051567577725348,0.014160355778625532,,,,7.670541931822194e-05,2.7936838980935024,122.7769233819667,,499.93167119716287,0.9998633423943257,,6.214540146481437,0.0021153624700500713,0.01047585470297904,0.02084084986318458,fixed_beta,0,0,13264,0cf65368d71b65c0b0df9790f9b11c2b55acdf2e29710c411f052e221ed32224,three_row_sha256,,944f93c6fa033d604d9e90219484c40564bfebf4e3306a041f5ec522a76c0b9b,0f2cf9a67445117338a1c28f1312c232b1cbb8285fc218b4057ed38b092a75be,0.20563905127346516,0.3730959724634886,0.40104007348418236,0.5574270617216825,0.28202892281115055,0.6895000115036964,0.6698728539049625,3.178603947162628,0.0,621.7393034603447,83.9840096887201,212.72004512138665,False,False,False,ok
BNCI2014_001,ebsw_full_bscale,ebsw,full,bscale,normalized,1,1788,153,152,500,500,2,0.00020027746948863672,0.014151942251459222,,,,7.664077759895945e-05,2.793683898093503,122.7769233819667,,499.94591280125815,0.9998918256025163,,6.214554222226926,0.0021019266095642732,0.01038770431873677,0.0206872705599046,fixed_beta,0,0,13416,ee8433954a591f7d6143bd7c29dd8d8ce3fb091d884ed4555b0bb15bab845ed8,three_row_sha256,,944f93c6fa033d604d9e90219484c40564bfebf4e3306a041f5ec522a76c0b9b,0f2cf9a67445117338a1c28f1312c232b1cbb8285fc218b4057ed38b092a75be,0.24242093786597252,0.3548101522028446,0.3174911253154278,0.6012378726154566,0.3255039919167757,0.7095409091562033,0.35367696546018124,2.9046819545328617,0.0,624.6439854148775,83.9840096887201,212.72004512138665,False,False,False,ok
BNCI2014_001,ebsw_full_bscale,ebsw,full,bscale,normalized,1,1788,154,153,500,500,2,0.0002077380509986754,0.014413120793175757,,,,7.867402641581435e-05,2.793683898093503,122.7769233819667,,499.9331292042352,0.9998662584084703,,6.214541518886378,0.0021251193651953574,0.010441962525004483,0.02077075070486882,fixed_beta,0,0,13569,4c250bcc5ed0e85201dc70b25b1bd3e7f16af1a25037d33a03bfd36eaf225d32,three_row_sha256,,944f93c6fa033d604d9e90219484c40564bfebf4e3306a041f5ec522a76c0b9b,0f2cf9a67445117338a1c28f1312c232b1cbb8285fc218b4057ed38b092a75be,0.32119196839630604,0.3368088509887457,0.2872471231967211,0.5587080959230661,0.4086319822818041,0.7163248956203461,0.3610430285334587,2.989955944940448,0.0,627.633941359818,83.9840096887201,212.72004512138665,False,False,False,ok
BNCI2014_001,ebsw_full_bscale,ebsw,full,bscale,normalized,1,1788,155,154,500,500,2,0.00019044427269107638,0.013800154806779394,,,,7.453609394877108e-05,2.793683898093503,122.7769233819667,,499.9476371113155,0.999895274222631,,6.214555916695474,0.0021040627999631373,0.010382553649551794,0.020667154348854508,fixed_beta,0,0,13723,230deb36f30f7d11baed855bd6c5be9d100a09f5b20c50f7ac66c6128a9b45c9,three_row_sha256,,944f93c6fa033d604d9e90219484c40564bfebf4e3306a041f5ec522a76c0b9b,0f2cf9a67445117338a1c28f1312c232b1cbb8285fc218b4057ed38b092a75be,0.20545604638755322,0.4583008121699095,0.2863439731299877,0.5626359488815069,0.274003017693758,1.0027489624917507,0.36998908035457134,3.1594778411090374,0.0,630.793419200927,83.9840096887201,212.72004512138665,False,False,False,ok
BNCI2014_001,ebsw_full_bscale,ebsw,full,bscale,normalized,1,1788,156,155,500,500,2,0.00020658103043007988,0.014372926995921182,,,,7.809695426267334e-05,2.7936838980935024,122.7769233819667,,499.9339658407712,0.9998679316815424,,6.214542397615581,0.0021172292825952627,0.010474799237194328,0.020812469959490387,fixed_beta,0,0,13878,9981782343d85ef3307a987b4f83999d7bf6064d1a3399531b76c4bc06633767,three_row_sha256,,944f93c6fa033d604d9e90219484c40564bfebf4e3306a041f5ec522a76c0b9b,0f2cf9a67445117338a1c28f1312c232b1cbb8285fc218b4057ed38b092a75be,0.2576520200818777,0.34544896334409714,0.3243249375373125,0.6170379929244518,0.3281589597463608,0.736285001039505,0.3957659937441349,3.00467386841774,0.0,633.7980930693448,83.9840096887201,212.72004512138665,False,False,False,ok
BNCI2014_001,ebsw_full_bscale,ebsw,full,bscale,normalized,1,1788,157,156,500,500,2,0.00020186241063730945,0.01420782920214448,,,,7.684004933074484e-05,2.793683898093503,122.7769233819667,,499.93713064186886,0.9998742612837378,,6.2145457115107146,0.0021748508503927864,0.010571802995602685,0.020889691534257765,fixed_beta,0,0,14034,88d5301aa3998d7ce3ade450c8edb07fd6745621330e0d3b0264a71889f47cfb,three_row_sha256,,944f93c6fa033d604d9e90219484c40564bfebf4e3306a041f5ec522a76c0b9b,0f2cf9a67445117338a1c28f1312c232b1cbb8285fc218b4057ed38b092a75be,0.2138789277523756,0.3514799755066633,0.3054961562156677,0.5802179221063852,0.43966900557279587,0.650458037853241,0.5012250039726496,3.0424250289797783,0.0,636.8405180983245,83.9840096887201,212.72004512138665,False,False,False,ok
BNCI2014_001,ebsw_full_bscale,ebsw,full,bscale,normalized,1,1788,158,157,500,500,2,0.00019936479760374482,0.014119659967709733,,,,7.638461874372908e-05,2.793683898093503,122.7769233819667,,499.9436651124993,0.9998873302249985,,6.214551987330633,0.00210360071974467,0.010419101375080033,0.02072234152395895,fixed_beta,0,0,14191,e8b3736767aac8f38c679d0987fc7182631980a7e715f57dfcbd29893573c2ed,three_row_sha256,,944f93c6fa033d604d9e90219484c40564bfebf4e3306a041f5ec522a76c0b9b,0f2cf9a67445117338a1c28f1312c232b1cbb8285fc218b4057ed38b092a75be,1.7316639423370361,0.40331901982426643,0.2856359351426363,0.6013170350342989,0.35087205469608307,0.7450650446116924,0.3546781372278929,4.472551168873906,0.0,641.3130692671984,83.9840096887201,212.72004512138665,False,False,False,ok
BNCI2014_001,ebsw_full_bscale,ebsw,full,bscale,normalized,1,1788,159,158,500,500,2,0.00019484943431097786,0.013958847886232513,,,,7.603034575133544e-05,2.793683898093503,122.7769233819667,,499.9490155926803,0.9998980311853607,,6.214557296805676,0.002091044902380507,0.010393099553642253,0.02067994810094321,fixed_beta,0,0,14349,90db45e1dfc0625c7e7314668f3f1f03c043e191218ece20c6c702887e12b013,three_row_sha256,,944f93c6fa033d604d9e90219484c40564bfebf4e3306a041f5ec522a76c0b9b,0f2cf9a67445117338a1c28f1312c232b1cbb8285fc218b4057ed38b092a75be,0.20894804038107395,0.3467351198196411,0.4058070480823517,0.5590571090579033,0.27573597617447376,1.0077760089188814,0.36721699871122837,3.1712763011455536,0.0,644.484345568344,83.9840096887201,212.72004512138665,False,False,False,ok
BNCI2014_001,ebsw_full_bscale,ebsw,full,bscale,normalized,1,1788,160,159,500,500,2,0.00019978784223227585,0.01413463272364287,,,,7.671754363699026e-05,2.793683898093503,122.7769233819667,,499.94517450168496,0.9998903490033699,,6.214553482002527,0.0021011949518789834,0.010400821327750796,0.020709530829354103,fixed_beta,0,0,14508,eafdac4ab2dbdca8771fe4dd573707d2790daf9438301c163cdae25323e2b456,three_row_sha256,,944f93c6fa033d604d9e90219484c40564bfebf4e3306a041f5ec522a76c0b9b,0f2cf9a67445117338a1c28f1312c232b1cbb8285fc218b4057ed38b092a75be,0.20936504006385803,0.3425369504839182,0.2947270404547453,0.6713340990245342,0.28202589601278305,2.214709995314479,0.3938560839742422,4.40855510532856,0.0,648.8929006736726,83.9840096887201,212.72004512138665,False,False,False,ok
BNCI2014_001,ebsw_full_bscale,ebsw,full,bscale,normalized,1,1788,161,160,500,500,2,0.00019761160272220427,0.01405743940844862,,,,7.566855927842578e-05,2.793683898093503,122.7769233819667,,499.94279506915103,0.9998855901383021,,6.214551128661212,0.0021075409859427773,0.010425095080318355,0.020731846492889144,fixed_beta,0,0,14668,a7001b4cecb5eb09fcb5440e694a79589548fe741ef484675e171af12e70531e,three_row_sha256,,944f93c6fa033d604d9e90219484c40564bfebf4e3306a041f5ec522a76c0b9b,0f2cf9a67445117338a1c28f1312c232b1cbb8285fc218b4057ed38b092a75be,0.20672311075031757,0.4033050499856472,0.28816796839237213,0.6098998710513115,0.33279089257121086,1.465852139517665,0.4816330038011074,3.7883720360696316,0.0,652.6812727097422,83.9840096887201,212.72004512138665,False,False,False,ok
BNCI2014_001,ebsw_full_bscale,ebsw,full,bscale,normalized,1,1788,162,161,500,500,2,0.00019944903810741678,0.014122642745159873,,,,7.626543207094795e-05,2.7936838980935033,122.7769233819667,,499.9400466638019,0.9998800933276039,,6.21454838888604,0.0021152462670223945,0.010431592567458403,0.020735113520074074,fixed_beta,0,0,14829,279c547e6b988712eb84c9c9161faa496f0b89309762bbf310179c6be4cf1288,three_row_sha256,,944f93c6fa033d604d9e90219484c40564bfebf4e3306a041f5ec522a76c0b9b,0f2cf9a67445117338a1c28f1312c232b1cbb8285fc218b4057ed38b092a75be,0.21183514036238194,0.35636196844279766,0.4037001635879278,0.5517890676856041,0.2809308934956789,0.8311411365866661,0.3591559361666441,2.9949143063277006,0.0,655.6761870160699,83.9840096887201,212.72004512138665,False,False,False,ok
BNCI2014_001,ebsw_full_bscale,ebsw,full,bscale,normalized,1,1788,163,162,500,500,2,0.000205000051816437,0.01431782287278471,,,,7.749857571641055e-05,2.793683898093503,122.7769233819667,,499.93695958940935,0.9998739191788187,,6.214545392114017,0.002122359913140617,0.01051674880922603,0.02086838423307379,fixed_beta,0,0,14991,40af2f23ab16b0b0348953b5d75012a89527b498567fad2a408f4d31100cb8c3,three_row_sha256,,944f93c6fa033d604d9e90219484c40564bfebf4e3306a041f5ec522a76c0b9b,0f2cf9a67445117338a1c28f1312c232b1cbb8285fc218b4057ed38b092a75be,0.20987517200410366,0.34838682040572166,0.2877209335565567,0.6661391817033291,0.29506394639611244,0.9869530331343412,0.5843520630151033,3.378491150215268,0.0,659.0546781662852,83.9840096887201,212.72004512138665,False,False,False,ok
BNCI2014_001,ebsw_full_bscale,ebsw,full,bscale,normalized,1,1788,164,163,500,500,2,0.0002020889647493438,0.01421579982798519,,,,7.715514056504706e-05,2.793683898093503,122.7769233819667,,499.93751396418463,0.9998750279283692,,6.214545906979092,0.002117995864823441,0.010479561578108308,0.02078777197050854,fixed_beta,0,0,15154,7977498b8a15587660505a6d3c24aef50915319f01ec0ebb66603a9de4ca20cd,three_row_sha256,,944f93c6fa033d604d9e90219484c40564bfebf4e3306a041f5ec522a76c0b9b,0f2cf9a67445117338a1c28f1312c232b1cbb8285fc218b4057ed38b092a75be,0.2591449301689863,0.34219701774418354,0.3247878048568964,0.6113480776548386,0.32191001810133457,0.9425340685993433,0.35842694342136383,3.1603488605469465,0.0,662.2150270268321,83.9840096887201,212.72004512138665,False,False,False,ok
BNCI2014_001,ebsw_full_bscale,ebsw,full,bscale,normalized,1,1788,165,164,500,500,2,0.00019993603916211805,0.01413987408579433,,,,7.653447819135427e-05,2.793683898093503,122.7769233819667,,499.93543256767174,0.9998708651353435,,6.214543797934839,0.0020891254530997993,0.01041740045341379,0.020752979762408308,fixed_beta,0,0,15318,18e850d7cbd91ee2585dd3bc31361b25bca70c315dacc154f36bef20c694d943,three_row_sha256,,944f93c6fa033d604d9e90219484c40564bfebf4e3306a041f5ec522a76c0b9b,0f2cf9a67445117338a1c28f1312c232b1cbb8285fc218b4057ed38b092a75be,0.21228613331913948,0.3512180410325527,0.2852189354598522,0.5580938886851072,0.3861389122903347,0.8762360084801912,0.48544188030064106,3.1546337995678186,0.0,665.3696608263999,83.9840096887201,212.72004512138665,False,False,False,ok
BNCI2014_001,ebsw_full_bscale,ebsw,full,bscale,normalized,1,1788,166,165,500,500,2,0.00020233391026809437,0.014224412475321937,,,,7.731598708995888e-05,2.793683898093503,122.7769233819667,,499.93835561798994,0.9998767112359799,,6.2145467764930515,0.0021451684330244555,0.010492349288458543,0.020807500675482767,fixed_beta,0,0,15483,adbf196319692e8b8f3312e5cefe17629dbcd29393e2872900279a1fc1164cc6,three_row_sha256,,944f93c6fa033d604d9e90219484c40564bfebf4e3306a041f5ec522a76c0b9b,0f2cf9a67445117338a1c28f1312c232b1cbb8285fc218b4057ed38b092a75be,0.21369592286646366,0.3451989032328129,0.39744703099131584,0.5615679547190666,0.2783841919153929,0.7548208814114332,0.4178290255367756,2.9689439106732607,0.0,668.3386047370732,83.9840096887201,212.72004512138665,False,False,False,ok
BNCI2014_001,ebsw_full_bscale,ebsw,full,bscale,normalized,1,1788,167,166,500,500,2,0.00019429977558092337,0.013939145439406369,,,,7.510200407274965e-05,2.7936838980935033,122.7769233819667,,499.94818981242213,0.9998963796248442,,6.214556435185878,0.002090080461518407,0.01035372493671093,0.020621339613673934,fixed_beta,0,0,15649,2cc4e4f39548f1b1f216280230300c10a2118052dde391e8d7374b3cfcb4e5b8,three_row_sha256,,944f93c6fa033d604d9e90219484c40564bfebf4e3306a041f5ec522a76c0b9b,0f2cf9a67445117338a1c28f1312c232b1cbb8285fc218b4057ed38b092a75be,0.25100400671362877,0.3520590253174305,0.33338298089802265,0.6222610827535391,0.3495460841804743,0.8610899094492197,0.4768341314047575,3.2461772207170725,0.0,671.5847819577903,83.9840096887201,212.72004512138665,False,False,False,ok
BNCI2014_001,ebsw_full_bscale,ebsw,full,bscale,normalized,1,1788,168,167,500,500,2,0.00019652090344080808,0.01401859135008964,,,,7.613552972786548e-05,2.793683898093503,122.7769233819667,,499.94854102878156,0.9998970820575631,,6.214556833531066,0.0021000278700766023,0.010399728741645697,0.020692858170710763,fixed_beta,0,0,15816,6afe3bc5d4c3a3e316bec7ecd39e01656e9d52b4a1ad57f17155d43d9b1f9bb8,three_row_sha256,,944f93c6fa033d604d9e90219484c40564bfebf4e3306a041f5ec522a76c0b9b,0f2cf9a67445117338a1c28f1312c232b1cbb8285fc218b4057ed38b092a75be,0.2104670275002718,0.4734140820801258,0.28347200714051723,0.5576049443334341,0.2743538934737444,0.7954780012369156,0.35879993811249733,2.9535898938775063,0.0,674.5383718516678,83.9840096887201,212.72004512138665,False,False,False,ok
BNCI2014_001,ebsw_full_bscale,ebsw,full,bscale,normalized,1,1788,169,168,500,500,2,0.00019581711484259955,0.01399346686288282,,,,7.5851678645594e-05,2.793683898093503,122.7769233819667,,499.9445792598994,0.9998891585197989,,6.214552917396771,0.0020958567320922164,0.010408556991115444,0.020737019592397984,fixed_beta,0,0,15984,c327e03500398f81533c6ffc40836c5732e79d8d4aa43d0bd7883e8eed527e23,three_row_sha256,,944f93c6fa033d604d9e90219484c40564bfebf4e3306a041f5ec522a76c0b9b,0f2cf9a67445117338a1c28f1312c232b1cbb8285fc218b4057ed38b092a75be,0.20819786004722118,0.3363511059433222,0.28947601094841957,0.5573760718107224,0.40505616925656796,1.2469689827412367,0.3825861494988203,3.4260123502463102,0.0,677.9643842019141,83.9840096887201,212.72004512138665,False,False,False,ok
BNCI2014_001,ebsw_full_bscale,ebsw,full,bscale,normalized,1,1788,170,169,500,500,2,0.0002061422576127649,0.0143576550178908,,,,7.774927399935428e-05,2.793683898093503,122.7769233819667,,499.9377626368842,0.9998755252737684,,6.21454611407335,0.0020905549794744864,0.010417405276308233,0.0207566644244219,fixed_beta,0,0,16153,354ef3c3ef68ffcec245e9f474dec695477b2836ce726f0355c12740ec12c6c7,three_row_sha256,,944f93c6fa033d604d9e90219484c40564bfebf4e3306a041f5ec522a76c0b9b,0f2cf9a67445117338a1c28f1312c232b1cbb8285fc218b4057ed38b092a75be,0.214375089854002,0.3965741489082575,0.28962898068130016,0.6093450356274843,0.2897018566727638,0.8898922242224216,0.5563679151237011,3.2458852510899305,0.0,681.210269453004,83.9840096887201,212.72004512138665,False,False,False,ok
BNCI2014_001,ebsw_full_bscale,ebsw,full,bscale,normalized,1,1788,171,170,500,500,2,0.0001992708102090653,0.014116331329671505,,,,7.65295079630973e-05,2.793683898093503,122.7769233819667,,499.94020069117516,0.9998804013823503,,6.214548539184447,0.002088112383635982,0.01041415698277006,0.02075004786327206,fixed_beta,0,0,16323,1e536e0d4b07b5986e7b5a2fe2ee830e3500c41c075ebf2496503fa24d7a8f06,three_row_sha256,,944f93c6fa033d604d9e90219484c40564bfebf4e3306a041f5ec522a76c0b9b,0f2cf9a67445117338a1c28f1312c232b1cbb8285fc218b4057ed38b092a75be,0.22779498249292374,0.5247439257800579,0.31587621197104454,2.116760006174445,0.2766931429505348,0.7581799291074276,0.4215179942548275,4.641566192731261,0.0,685.8518356457353,83.9840096887201,212.72004512138665,False,False,False,ok
BNCI2014_001,ebsw_full_bscale,ebsw,full,bscale,normalized,1,1788,172,171,500,500,2,0.00020413498842360855,0.014287581615641205,,,,7.77566312179435e-05,2.793683898093503,122.7769233819667,,499.9435084470231,0.9998870168940461,,6.2145518017258095,0.002087293197840003,0.010400519479907644,0.020706688227950576,fixed_beta,0,0,16494,0b08eb1946d6f9c517d21bda69007c27f614b80eead6978d0730f7ee362026b3,three_row_sha256,,944f93c6fa033d604d9e90219484c40564bfebf4e3306a041f5ec522a76c0b9b,0f2cf9a67445117338a1c28f1312c232b1cbb8285fc218b4057ed38b092a75be,0.2137219998985529,0.31104101799428463,0.2883109264075756,0.7351827807724476,0.2337878104299307,0.7019778713583946,0.56498683989048,3.049009246751666,0.0,688.9008448924869,83.9840096887201,212.72004512138665,False,False,False,ok
BNCI2014_001,ebsw_full_bscale,ebsw,full,bscale,normalized,1,1788,173,172,500,500,2,0.00019867613112386468,0.014095252077343799,,,,7.634786819375467e-05,2.793683898093503,122.7769233819667,,499.9415290420227,0.9998830580840454,,6.214549837166298,0.002109245725453905,0.01040924574851527,0.02069327501535643,fixed_beta,0,0,16666,57cf03425c0d00a9173d020d9a1dd0ef397b0e1e7aeca468b77462fc41208fba,three_row_sha256,,944f93c6fa033d604d9e90219484c40564bfebf4e3306a041f5ec522a76c0b9b,0f2cf9a67445117338a1c28f1312c232b1cbb8285fc218b4057ed38b092a75be,0.3276239149272442,0.2114390954375267,1.7723310738801956,0.5882270634174347,0.5442460533231497,0.7637110538780689,0.4213978536427021,4.628976108506322,0.0,693.5298210009933,83.9840096887201,212.72004512138665,False,False,False,ok
BNCI2014_001,ebsw_full_bscale,ebsw,full,bscale,normalized,1,1788,174,173,500,500,2,0.00019299428189702213,0.013892238188896061,,,,7.585016363915998e-05,2.793683898093503,122.7769233819667,,499.9427985197097,0.9998855970394194,,6.214551138054841,0.0021088042988533567,0.01041662155944885,0.02072812055595894,fixed_beta,0,0,16839,3d8ee78d31042989ed4a88debbe8fb0914af1742dc8d580b54d951ef08cd0876,three_row_sha256,,944f93c6fa033d604d9e90219484c40564bfebf4e3306a041f5ec522a76c0b9b,0f2cf9a67445117338a1c28f1312c232b1cbb8285fc218b4057ed38b092a75be,0.260224100202322,0.3273431211709976,0.28708716854453087,0.5454879719763994,0.4923539236187935,0.7116710767149925,0.5662050098180771,3.190372372046113,0.0,696.7201933730394,83.9840096887201,212.72004512138665,False,False,False,ok
BNCI2014_001,ebsw_full_bscale,ebsw,full,bscale,normalized,1,1788,175,174,500,500,2,0.0001857596119855929,0.013629365795428373,5.129238192608056,0.732496608848906,26.750339115109398,7.33798013996139e-05,2.793683898093503,122.7769233819667,,499.9446080507687,0.9998892161015374,,6.214552953590122,0.0021051298585563977,0.010441545570104491,0.02075357113687088,fixed_beta,0,0,17013,0baeaad36c340f76cbeb95f2f2a86d93271c4cb6c1304158863cf437d6a1c266,three_row_sha256,,944f93c6fa033d604d9e90219484c40564bfebf4e3306a041f5ec522a76c0b9b,0f2cf9a67445117338a1c28f1312c232b1cbb8285fc218b4057ed38b092a75be,1.7226419877260923,0.3668549470603466,0.211640028283,0.7266208995133638,0.28668995946645737,0.7648258469998837,0.4030531272292137,4.4823267962783575,11.586566921323538,701.2025201693177,95.57057661004364,212.72004512138665,False,False,False,ok
BNCI2014_001,ebsw_full_bscale,ebsw,full,bscale,normalized,1,1788,176,175,500,500,2,0.00019662001388978667,0.014022125869132207,,,,7.610487074153896e-05,2.793683898093503,122.7769233819667,,499.941448846599,0.9998828976931979,,6.214549840379954,0.0021442528269087677,0.010449058305529939,0.020756982797763758,fixed_beta,0,0,17188,141d3c904eb0cc56a499eac7f2bc13fd8108aba8c4f85ff73b57e2e093e3d751,three_row_sha256,,944f93c6fa033d604d9e90219484c40564bfebf4e3306a041f5ec522a76c0b9b,0f2cf9a67445117338a1c28f1312c232b1cbb8285fc218b4057ed38b092a75be,0.36914111115038395,0.39772503077983856,0.313641969114542,0.8805058896541595,0.24172011762857437,0.8584319148212671,0.5514540243893862,3.6126200575381517,0.0,704.8151402268559,95.57057661004364,212.72004512138665,False,False,False,ok
BNCI2014_001,ebsw_full_bscale,ebsw,full,bscale,normalized,1,1788,177,176,500,500,2,0.00019555481909273439,0.013984091643461665,,,,7.57709587099267e-05,2.793683898093503,122.7769233819667,,499.94041496727175,0.9998808299345435,,6.214548742059248,0.002085746519968015,0.010388977580815303,0.020724705340612992,fixed_beta,0,0,17364,387588d7dc61ce4ae67f0d4af6b4613933c016102ce90a9f2ef84e203049d426,three_row_sha256,,944f93c6fa033d604d9e90219484c40564bfebf4e3306a041f5ec522a76c0b9b,0f2cf9a67445117338a1c28f1312c232b1cbb8285fc218b4057ed38b092a75be,0.21672598086297512,0.5146940238773823,0.3161760978400707,0.6091140676289797,0.5013030022382736,0.8204230107367039,0.42981700971722603,3.4082531929016113,0.0,708.2233934197575,95.57057661004364,212.72004512138665,False,False,False,ok
BNCI2014_001,ebsw_full_bscale,ebsw,full,bscale,normalized,1,1788,178,177,500,500,2,0.00020035269122172482,0.01415459964893832,,,,7.657966430191461e-05,2.793683898093503,122.7769233819667,,499.9421935735025,0.999884387147005,,6.214550517334635,0.002084305534270212,0.010385505845080275,0.020713052681300154,fixed_beta,0,0,17541,7d43d048ac1334505d8c25c1d102182a24224e652165b862fa37e7bda126976c,three_row_sha256,,944f93c6fa033d604d9e90219484c40564bfebf4e3306a041f5ec522a76c0b9b,0f2cf9a67445117338a1c28f1312c232b1cbb8285fc218b4057ed38b092a75be,0.25665387511253357,0.3522168844938278,0.2940359991043806,0.601339153945446,0.2475918736308813,0.7048661354929209,0.4244591109454632,2.8811630327254534,0.0,711.1045564524829,95.57057661004364,212.72004512138665,False,False,False,ok
BNCI2014_001,ebsw_full_bscale,ebsw,full,bscale,normalized,1,1788,179,178,500,500,2,0.00019521981411823794,0.013972108434958481,,,,7.593507349074054e-05,2.793683898093503,122.7769233819667,,499.9406193450807,0.9998812386901613,,6.214549099202707,0.002169705616743036,0.010490934236732294,0.020796720980925436,fixed_beta,0,0,17719,7a347173108731f125c20a514f9894549408a369d4942d9d9ff3d6df408dfc6c,three_row_sha256,,944f93c6fa033d604d9e90219484c40564bfebf4e3306a041f5ec522a76c0b9b,0f2cf9a67445117338a1c28f1312c232b1cbb8285fc218b4057ed38b092a75be,0.24624704383313656,1.3786258641630411,0.44559501111507416,1.071031903848052,0.57752407155931,0.7640409749001265,0.4248619079589844,4.907926777377725,0.0,716.0124832298607,95.57057661004364,212.72004512138665,False,False,False,ok
BNCI2014_001,ebsw_full_bscale,ebsw,full,bscale,normalized,1,1788,180,179,500,500,2,0.0001942928338815677,0.013938896437005611,,,,7.551017824114003e-05,2.793683898093503,122.7769233819667,,499.9368082144015,0.999873616428803,,6.214545245660311,0.0021299429837290103,0.01048864903110872,0.020812298815021217,fixed_beta,0,0,17898,69e9e37d56e71cb8a9141541ef5d0c0f51cad74926cbbdd903cfedab65887571,three_row_sha256,,944f93c6fa033d604d9e90219484c40564bfebf4e3306a041f5ec522a76c0b9b,0f2cf9a67445117338a1c28f1312c232b1cbb8285fc218b4057ed38b092a75be,0.2572431694716215,0.3261929377913475,0.2910441253334284,0.6000190041959286,0.5025190766900778,0.8150909561663866,0.5481888074427843,3.3402980770915747,0.0,719.3527813069522,95.57057661004364,212.72004512138665,False,False,False,ok
BNCI2014_001,ebsw_full_bscale,ebsw,full,bscale,normalized,1,1788,181,180,500,500,2,0.0002006286244981405,0.014164343419239047,,,,7.651935449730802e-05,2.793683898093503,122.7769233819667,,499.94041506351795,0.9998808301270359,,6.214548718396329,0.002091346290396388,0.010383098976330003,0.02068928321360436,fixed_beta,0,0,18078,4b0ef7b3bcc2a4cf522bb9cee968d6bb969088b2dcd38d16556b20fbd1526c2c,three_row_sha256,,944f93c6fa033d604d9e90219484c40564bfebf4e3306a041f5ec522a76c0b9b,0f2cf9a67445117338a1c28f1312c232b1cbb8285fc218b4057ed38b092a75be,0.24606403894722462,0.4011150449514389,0.2944751176983118,0.6015840917825699,0.34112296998500824,0.7252679206430912,0.3476471174508333,2.957276301458478,0.0,722.3100576084107,95.57057661004364,212.72004512138665,False,False,False,ok
BNCI2014_001,ebsw_full_bscale,ebsw,full,bscale,normalized,1,1788,182,181,500,500,2,0.0001894648535694789,0.013764623262896769,,,,7.431092243238904e-05,2.793683898093503,122.7769233819667,,499.9487430974398,0.9998974861948796,,6.214557054117922,0.0021049911931883773,0.01041588454237795,0.020736342449207277,fixed_beta,0,0,18259,7b6ff334d06e3b12e5d1e5c305fbf855f8c7a5281754dffeecf0dc119acdebe2,three_row_sha256,,944f93c6fa033d604d9e90219484c40564bfebf4e3306a041f5ec522a76c0b9b,0f2cf9a67445117338a1c28f1312c232b1cbb8285fc218b4057ed38b092a75be,0.37165102548897266,0.4016500897705555,0.4304340109229088,0.7379020098596811,0.49736606888473034,1.9041849300265312,0.6754309870302677,5.018619121983647,0.0,727.3286767303944,95.57057661004364,212.72004512138665,False,False,False,ok
BNCI2014_001,ebsw_full_bscale,ebsw,full,bscale,normalized,1,1788,183,182,500,500,2,0.0001970288922851032,0.014036698054923857,,,,7.5953203219251e-05,2.793683898093503,122.7769233819667,,499.9344053280882,0.9998688106561764,,6.214542918697131,0.0021450319283178353,0.01052227058593011,0.02084727559202225,fixed_beta,0,0,18441,3818f2c02a81bd22c0cf026e928fbaf25570be18e0a9e7e51768e0c0bed292c7,three_row_sha256,,944f93c6fa033d604d9e90219484c40564bfebf4e3306a041f5ec522a76c0b9b,0f2cf9a67445117338a1c28f1312c232b1cbb8285fc218b4057ed38b092a75be,0.25156280025839806,0.3448610659688711,0.3367199096828699,0.6262720562517643,0.32990286126732826,0.844969879835844,0.41053490713238716,3.144823480397463,0.0,730.4735002107918,95.57057661004364,212.72004512138665,False,False,False,ok
BNCI2014_001,ebsw_full_bscale,ebsw,full,bscale,normalized,1,1788,184,183,500,500,2,0.00019346258551734526,0.01390908284242154,,,,7.52517922594051e-05,2.793683898093503,122.7769233819667,,499.9474305895561,0.9998948611791123,,6.214555690404363,0.002078908116268399,0.010362174208420715,0.02065755710487384,fixed_beta,0,0,18624,777a076f69ba7d39e9bc5b1a98fc529e2a6076af67f3bb76e11bd0ff11b8c679,three_row_sha256,,944f93c6fa033d604d9e90219484c40564bfebf4e3306a041f5ec522a76c0b9b,0f2cf9a67445117338a1c28f1312c232b1cbb8285fc218b4057ed38b092a75be,0.24994602426886559,0.3821870777755976,0.4496411420404911,0.7474061567336321,0.5042480770498514,0.726090045645833,0.4079339560121298,3.4674524795264006,0.0,733.9409526903182,95.57057661004364,212.72004512138665,False,False,False,ok
BNCI2014_001,ebsw_full_bscale,ebsw,full,bscale,normalized,1,1788,185,184,500,500,2,0.0001943543317540754,0.013941102243154068,,,,7.616425177917597e-05,2.793683898093503,122.7769233819667,,499.94583253828847,0.999891665076577,,6.214554207747806,0.0021456144333290585,0.010470778046510542,0.020758386828060235,fixed_beta,0,0,18808,e85f9902257ea9cbfc73328c62f6f1240592cd11ae2ce2a8608138f4bfde7404,three_row_sha256,,944f93c6fa033d604d9e90219484c40564bfebf4e3306a041f5ec522a76c0b9b,0f2cf9a67445117338a1c28f1312c232b1cbb8285fc218b4057ed38b092a75be,0.20437105558812618,0.35561108961701393,0.3338470123708248,0.6162018980830908,0.3389851190149784,1.0442989878356457,0.5717040039598942,3.465019166469574,0.0,737.4059718567878,95.57057661004364,212.72004512138665,False,False,False,ok
BNCI2014_001,ebsw_full_bscale,ebsw,full,bscale,normalized,1,1788,186,185,500,500,2,0.00020551473553411382,0.014335785138391054,,,,7.720264939242786e-05,2.7936838980935033,122.7769233819667,,499.9443606027019,0.9998887212054038,,6.214552654485046,0.0021065277923061243,0.010401546967996386,0.020684709427130132,fixed_beta,0,0,18993,c0a163e8d23a2dc8a4069a5240e38d8a5ca57816b793bda38c849020c02045b9,three_row_sha256,,944f93c6fa033d604d9e90219484c40564bfebf4e3306a041f5ec522a76c0b9b,0f2cf9a67445117338a1c28f1312c232b1cbb8285fc218b4057ed38b092a75be,0.24284794926643372,0.5288769025355577,0.31299213878810406,0.6006390321999788,0.5043998826295137,0.7732210215181112,0.42549590580165386,3.388472832739353,0.0,740.7944446895272,95.57057661004364,212.72004512138665,False,False,False,ok
BNCI2014_001,ebsw_full_bscale,ebsw,full,bscale,normalized,1,1788,187,186,500,500,2,0.00019709172691235923,0.014038936103293554,,,,7.646953804970021e-05,2.793683898093503,122.7769233819667,,499.94074751203203,0.9998814950240641,,6.214549081544872,0.0021133048649679526,0.010422478515531422,0.02073238577069303,fixed_beta,0,0,19179,76d8c72579904a424c1c984899e1081a470ee78b6381a96abdadf1d33818dc30,three_row_sha256,,944f93c6fa033d604d9e90219484c40564bfebf4e3306a041f5ec522a76c0b9b,0f2cf9a67445117338a1c28f1312c232b1cbb8285fc218b4057ed38b092a75be,0.20313402637839317,0.3639089409261942,0.3262599930167198,0.5350860301405191,0.24126097559928894,0.9352341294288635,0.5421079695224762,3.146992065012455,0.0,743.9414367545396,95.57057661004364,212.72004512138665,False,False,False,ok
BNCI2014_001,ebsw_full_bscale,ebsw,full,bscale,normalized,1,1788,188,187,500,500,2,0.00020190079351349057,0.014209179902918062,,,,7.693620461996408e-05,2.7936838980935024,122.7769233819667,,499.9398641269638,0.9998797282539277,,6.21454812266026,0.0020933599975781745,0.010339915922818695,0.02061716813133032,fixed_beta,0,0,19366,9b9bea2c94a02e415002f9cfc42969a62e301c7e4cc7bcec3b503446a6269e48,three_row_sha256,,944f93c6fa033d604d9e90219484c40564bfebf4e3306a041f5ec522a76c0b9b,0f2cf9a67445117338a1c28f1312c232b1cbb8285fc218b4057ed38b092a75be,0.22905017249286175,0.519205117598176,0.3016139380633831,2.2750128991901875,0.31142192892730236,0.9721680544316769,0.42356294579803944,5.032035056501627,0.0,748.9734718110412,95.57057661004364,212.72004512138665,False,False,False,ok
BNCI2014_001,ebsw_full_bscale,ebsw,full,bscale,normalized,1,1788,189,188,500,500,2,0.00019508274761025426,0.013967202569242498,,,,7.567606051621773e-05,2.7936838980935024,122.7769233819667,,499.93887378061686,0.9998777475612337,,6.21454722590644,0.002100310826857125,0.010403100259862273,0.020722420154115677,fixed_beta,0,0,19554,b5e79a861febd627b5c66b34457733cdeaf4f1dafe4a3fc8576957474cbd122e,three_row_sha256,,944f93c6fa033d604d9e90219484c40564bfebf4e3306a041f5ec522a76c0b9b,0f2cf9a67445117338a1c28f1312c232b1cbb8285fc218b4057ed38b092a75be,0.26770192198455334,0.30715204775333405,0.2117999829351902,0.5453547928482294,0.3018109127879143,0.7075469475239515,0.418161042034626,2.759527647867799,0.0,751.732999458909,95.57057661004364,212.72004512138665,False,False,False,ok
BNCI2014_001,ebsw_full_bscale,ebsw,full,bscale,normalized,1,1788,190,189,500,500,2,0.00019239417148624678,0.013870622606294455,,,,7.453637418551991e-05,2.793683898093503,122.7769233819667,,499.95170178958944,0.9999034035791788,,6.214559951481082,0.0020875490472497555,0.010373214524476107,0.020644556662087518,fixed_beta,0,0,19743,cdb4a8622658a0c71cc637c7326c1fde4ca34765488fa33935b21dcab0eef9d4,three_row_sha256,,944f93c6fa033d604d9e90219484c40564bfebf4e3306a041f5ec522a76c0b9b,0f2cf9a67445117338a1c28f1312c232b1cbb8285fc218b4057ed38b092a75be,0.3614171873778105,0.4193501081317663,0.2959640696644783,0.7850348483771086,0.3242290113121271,0.7628030143678188,0.2704930957406759,3.2192913349717855,0.0,754.9522907938808,95.57057661004364,212.72004512138665,False,False,False,ok
BNCI2014_001,ebsw_full_bscale,ebsw,full,bscale,normalized,1,1788,191,190,500,500,2,0.00020134374152043608,0.014189564528921813,,,,7.662991447720238e-05,2.793683898093503,122.7769233819667,,499.9374079534903,0.9998748159069807,,6.214545875169385,0.002127529306419801,0.010518882027324265,0.02086433495988142,fixed_beta,0,0,19933,86015dccf5effd2f01a7ec1ae7bde7a365b788f331e793d05dd4ebb386d0f1bc,three_row_sha256,,944f93c6fa033d604d9e90219484c40564bfebf4e3306a041f5ec522a76c0b9b,0f2cf9a67445117338a1c28f1312c232b1cbb8285fc218b4057ed38b092a75be,0.19520497880876064,0.32889097929000854,0.28488412499427795,0.5965079180896282,0.498324166983366,0.9088288061320782,0.5479850806295872,3.3606260549277067,0.0,758.3129168488085,95.57057661004364,212.72004512138665,False,False,False,ok
BNCI2014_001,ebsw_full_bscale,ebsw,full,bscale,normalized,1,1788,192,191,500,500,2,0.0001961852005234778,0.014006612742682572,,,,7.562233273476554e-05,2.793683898093503,122.7769233819667,,499.95237900063125,0.9999047580012626,,6.214560601454568,0.0020727648436728928,0.01031884858649288,0.020593322984441463,fixed_beta,0,0,20124,b351f8d07719df0dd4b89f31648b23524778a4557df04f4811b788dfecc4acb4,three_row_sha256,,944f93c6fa033d604d9e90219484c40564bfebf4e3306a041f5ec522a76c0b9b,0f2cf9a67445117338a1c28f1312c232b1cbb8285fc218b4057ed38b092a75be,0.511248130351305,0.39499811828136444,0.2869248855859041,0.5697379820048809,0.3379969857633114,0.8550540078431368,0.3506760112941265,3.306636121124029,0.0,761.6195529699326,95.57057661004364,212.72004512138665,False,False,False,ok
BNCI2014_001,ebsw_full_bscale,ebsw,full,bscale,normalized,1,1788,193,192,500,500,2,0.0002024785011003083,0.014229494056371375,,,,7.713737385705763e-05,2.793683898093503,122.7769233819667,,499.9369945248567,0.9998739890497134,,6.214545432249519,0.002106651372688039,0.010485744605192065,0.020868856913730895,fixed_beta,0,0,20316,c6e56adee05f025ee49a17eb9fd9580326302c5f7d42eed5ebc4e47c65f33a7b,three_row_sha256,,944f93c6fa033d604d9e90219484c40564bfebf4e3306a041f5ec522a76c0b9b,0f2cf9a67445117338a1c28f1312c232b1cbb8285fc218b4057ed38b092a75be,0.24015503004193306,0.5107410252094269,0.3143979702144861,0.6163078360259533,0.5035451613366604,0.7024328224360943,0.40899100713431835,3.2965708523988724,0.0,764.9161238223314,95.57057661004364,212.72004512138665,False,False,False,ok
BNCI2014_001,ebsw_full_bscale,ebsw,full,bscale,normalized,1,1788,194,193,500,500,2,0.00019370606599254555,0.01391783266146513,,,,7.538858359285247e-05,2.793683898093503,122.7769233819667,,499.941024052028,0.999882048104056,,6.214549411163676,0.002121475934733752,0.010450578033704033,0.02078380172012484,fixed_beta,0,0,20509,9230c6984d1820538b6554ccc4e237135f1150f42432b88816bb6e9c18e1e718,three_row_sha256,,944f93c6fa033d604d9e90219484c40564bfebf4e3306a041f5ec522a76c0b9b,0f2cf9a67445117338a1c28f1312c232b1cbb8285fc218b4057ed38b092a75be,0.21110917441546917,0.31951582059264183,0.29399385675787926,0.6191160064190626,0.33301510848104954,0.6957228761166334,0.4108510911464691,2.883323933929205,0.0,767.7994477562606,95.57057661004364,212.72004512138665,False,False,False,ok
BNCI2014_001,ebsw_full_bscale,ebsw,full,bscale,normalized,1,1788,195,194,500,500,2,0.00019551940796474427,0.01398282546428812,,,,7.582506186535703e-05,2.7936838980935033,122.7769233819667,,499.94480694752707,0.9998896138950542,,6.2145531143235235,0.0020908218493318393,0.0103860953928444,0.020706642103348643,fixed_beta,0,0,20703,0b1a6d64948d74de7526f2148027521f3b144272a004676462af4c8b9fab2271,three_row_sha256,,944f93c6fa033d604d9e90219484c40564bfebf4e3306a041f5ec522a76c0b9b,0f2cf9a67445117338a1c28f1312c232b1cbb8285fc218b4057ed38b092a75be,0.26238197460770607,0.3805470187216997,0.3093911800533533,0.7393599953502417,0.48949592746794224,0.7437700405716896,0.34283893182873726,3.26778506860137,0.0,771.067232824862,95.57057661004364,212.72004512138665,False,False,False,ok
BNCI2014_001,ebsw_full_bscale,ebsw,full,bscale,normalized,1,1788,196,195,500,500,2,0.00019933007822475066,0.014118430444803369,,,,7.645309661306082e-05,2.7936838980935033,122.7769233819667,,499.94330804206777,0.9998866160841355,,6.214551602273973,0.0020898768015759394,0.01037504028742675,0.020670531487558985,fixed_beta,0,0,20898,4e95fca9da91e746cde20ae2fe520fc98d12b4a47878508ce064a1fbdeb6783e,three_row_sha256,,944f93c6fa033d604d9e90219484c40564bfebf4e3306a041f5ec522a76c0b9b,0f2cf9a67445117338a1c28f1312c232b1cbb8285fc218b4057ed38b092a75be,0.2506040036678314,0.3392838407307863,0.3054740373045206,0.8593201637268066,0.412448076531291,0.6721350364387035,0.5119910929352045,3.351256251335144,0.0,774.4184890761971,95.57057661004364,212.72004512138665,False,False,False,ok
BNCI2014_001,ebsw_full_bscale,ebsw,full,bscale,normalized,1,1788,197,196,500,500,2,0.00020423022165997275,0.014290913954676684,,,,7.72587505591944e-05,2.793683898093503,122.7769233819667,,499.9323731972149,0.9998647463944298,,6.214540957805866,0.0021384735297961996,0.010576671306617522,0.020954941403152343,fixed_beta,0,0,21094,81dbc8c28d6b93f5bbaf36c2312d42cbdceedc2656bfd34cded0e4c913c8e14b,three_row_sha256,,944f93c6fa033d604d9e90219484c40564bfebf4e3306a041f5ec522a76c0b9b,0f2cf9a67445117338a1c28f1312c232b1cbb8285fc218b4057ed38b092a75be,0.23469305597245693,0.3883540630340576,0.3258739598095417,0.7427558302879333,0.5047740414738655,0.72496198117733,0.34723407588899136,3.2686470076441765,0.0,777.6871360838413,95.57057661004364,212.72004512138665,False,False,False,ok
BNCI2014_001,ebsw_full_bscale,ebsw,full,bscale,normalized,1,1788,198,197,500,500,2,0.0001997321899139596,0.014132663935506272,,,,7.701566157048277e-05,2.793683898093503,122.7769233819667,,499.9418836834613,0.9998837673669226,,6.214550241791391,0.002100762632837914,0.010414422717818008,0.020733369906007115,fixed_beta,0,0,21291,385f55ae96c8d1766318608a6fb389a440b9671179b6877a6db14315e05fd8ed,three_row_sha256,,944f93c6fa033d604d9e90219484c40564bfebf4e3306a041f5ec522a76c0b9b,0f2cf9a67445117338a1c28f1312c232b1cbb8285fc218b4057ed38b092a75be,0.38558198139071465,0.3825558815151453,0.29444508254528046,0.8257050067186356,0.27568708173930645,0.7802119944244623,0.5529420450329781,3.497129073366523,0.0,781.1842651572078,95.57057661004364,212.72004512138665,False,False,False,ok
BNCI2014_001,ebsw_full_bscale,ebsw,full,bscale,normalized,1,1788,199,198,500,500,2,0.00019552396916268933,0.01398298856334687,,,,7.54470377075801e-05,2.793683898093503,122.7769233819667,,499.94845395693307,0.9998969079138661,,6.214556737153409,0.0021134763202051397,0.010380298729400581,0.02065520968475178,fixed_beta,0,0,21489,51f9ae2dd8c22d3a8df2af105d34ad23e3f7b14ddc8449c478abaf437e9b64f2,three_row_sha256,,944f93c6fa033d604d9e90219484c40564bfebf4e3306a041f5ec522a76c0b9b,0f2cf9a67445117338a1c28f1312c232b1cbb8285fc218b4057ed38b092a75be,0.22544106468558311,0.5219990853220224,0.29916479252278805,0.6340749096125364,0.4578519146889448,0.6657030899077654,0.35150209441781044,3.1557369511574507,0.0,784.3400021083653,95.57057661004364,212.72004512138665,False,False,False,ok
BNCI2014_001,ebsw_full_bscale,ebsw,full,bscale,normalized,1,1788,200,199,500,500,2,0.0002006904437112297,0.014166525463614207,5.0550275599792105,0.7218987316008773,27.810126839912275,7.684608087329889e-05,2.793683898093503,122.7769233819667,,499.93826903986485,0.9998765380797298,,6.214546642333234,0.0020906110474662168,0.01041258415618839,0.020783311512478815,fixed_beta,0,0,21688,afc24703e3bebe052ed86269c00abc7a51eda64d1e57228cfb73421c2b07fd18,three_row_sha256,,944f93c6fa033d604d9e90219484c40564bfebf4e3306a041f5ec522a76c0b9b,0f2cf9a67445117338a1c28f1312c232b1cbb8285fc218b4057ed38b092a75be,0.42610103264451027,0.3811412025243044,0.31214416958391666,0.8186979684978724,0.45509799383580685,0.8268358651548624,0.5071531049907207,3.7271713372319937,12.277978006750345,788.0671734455973,107.84855461679399,212.72004512138665,False,False,False,ok
BNCI2014_001,ebsw_full_bscale,ebsw,full,bscale,normalized,1,1788,201,200,500,500,2,0.0001921309971810595,0.013861132608162274,,,,7.492409536955086e-05,2.7936838980935033,122.7769233819667,,499.94619242423107,0.9998923848484622,,6.214554512975461,0.0020976646778857857,0.010402141819902394,0.02070063223735035,fixed_beta,0,0,21888,0464f2c2ee4e5555c04dbc1130dc2aff0e36ad7b218200ee1fab11a130ecfddc,three_row_sha256,,944f93c6fa033d604d9e90219484c40564bfebf4e3306a041f5ec522a76c0b9b,0f2cf9a67445117338a1c28f1312c232b1cbb8285fc218b4057ed38b092a75be,0.3810699563473463,0.30388799495995045,0.2574159298092127,0.9110879618674517,0.4032428842037916,0.9620820637792349,0.352528877556324,3.5713156685233116,0.0,791.6384891141206,107.84855461679399,271.4044190943241,False,False,False,ok
BNCI2014_001,ebsw_full_bscale,ebsw,full,bscale,normalized,1,1788,202,201,500,500,2,0.0001999437701635488,0.014140147459045425,,,,7.626381979225053e-05,2.793683898093503,122.7769233819667,,499.94114646284726,0.9998822929256945,,6.214549452510448,0.0020910835908037836,0.010390268229966344,0.020684299462877958,fixed_beta,0,0,22089,5d890e842c10197e79599fb6ef3bc1a734a564040aa9abc3c0a7db265337975c,three_row_sha256,,944f93c6fa033d604d9e90219484c40564bfebf4e3306a041f5ec522a76c0b9b,0f2cf9a67445117338a1c28f1312c232b1cbb8285fc218b4057ed38b092a75be,0.4128140863031149,0.37240213714540005,0.2604229375720024,1.1962419375777245,0.4842879716306925,3.6316439509391785,0.30110892839729786,6.658921949565411,0.0,798.297411063686,107.84855461679399,271.4044190943241,False,False,False,ok
BNCI2014_001,ebsw_full_bscale,ebsw,full,bscale,normalized,1,1788,203,202,500,500,2,0.00019044924006743352,0.01380033478099113,,,,7.478060899172517e-05,2.793683898093503,122.7769233819667,,499.95454753455215,0.9999090950691043,,6.214562767699227,0.002072268721299443,0.01030837900367473,0.020563801534553058,fixed_beta,0,0,22291,cafbeb05890ebc59164dc088d82ac3d7a6075d1e938dd7bb561387ddf7660896,three_row_sha256,,944f93c6fa033d604d9e90219484c40564bfebf4e3306a041f5ec522a76c0b9b,0f2cf9a67445117338a1c28f1312c232b1cbb8285fc218b4057ed38b092a75be,0.4033581353724003,0.34835701808333397,0.3195099998265505,1.0454868897795677,0.40838494896888733,2.1142649929970503,0.4655569791793823,5.104918964207172,0.0,803.4023300278932,107.84855461679399,271.4044190943241,False,False,False,ok
BNCI2014_001,ebsw_full_bscale,ebsw,full,bscale,normalized,1,1788,204,203,500,500,2,0.0001972895373105756,0.01404597940019049,,,,7.609443363167403e-05,2.793683898093503,122.7769233819667,,499.946583279851,0.999893166559702,,6.214554896899131,0.0021005151206413774,0.010408984010615779,0.02070840999888012,fixed_beta,0,0,22494,51593f8d18afc1543f602422b69a276e9303bbf9417a16d6cc7035f6b4678139,three_row_sha256,,944f93c6fa033d604d9e90219484c40564bfebf4e3306a041f5ec522a76c0b9b,0f2cf9a67445117338a1c28f1312c232b1cbb8285fc218b4057ed38b092a75be,0.3761639818549156,0.32098288647830486,0.3112971317023039,1.998458057641983,0.29310095123946667,0.8266018703579903,0.3347031306475401,4.461308009922504,0.0,807.8636380378157,107.84855461679399,271.4044190943241,False,False,False,ok
BNCI2014_001,ebsw_full_bscale,ebsw,full,bscale,normalized,1,1788,205,204,500,500,2,0.0001995716277080232,0.014126982257652312,,,,7.651494840683841e-05,2.793683898093503,122.7769233819667,,499.9429541284063,0.9998859082568127,,6.214551265355002,0.002103568421001373,0.010406560170356901,0.020715977927206454,fixed_beta,0,0,22698,31ecbe9642f5b1560e0ae08d369bb18d7786bf491d4d249ac849a7d16a0ddf85,three_row_sha256,,944f93c6fa033d604d9e90219484c40564bfebf4e3306a041f5ec522a76c0b9b,0f2cf9a67445117338a1c28f1312c232b1cbb8285fc218b4057ed38b092a75be,0.40851603262126446,0.31766295433044434,0.28878706507384777,0.6022588349878788,3.2839621417224407,0.7239268161356449,0.3888700157403946,6.013983860611916,0.0,813.8776218984276,107.84855461679399,271.4044190943241,False,False,False,ok
BNCI2014_001,ebsw_full_bscale,ebsw,full,bscale,normalized,1,1788,206,205,500,500,2,0.00019437446068972734,0.013941824152159119,,,,7.565990642636057e-05,2.793683898093503,122.7769233819667,,499.9431393945791,0.9998862787891581,,6.2145514568930365,0.002114837975848363,0.010449253972487969,0.02070554965301875,fixed_beta,0,0,22903,d7c7dfed166513152f285ffefce94a17f94b77f81203a594aef8b1d9b3979cc2,three_row_sha256,,944f93c6fa033d604d9e90219484c40564bfebf4e3306a041f5ec522a76c0b9b,0f2cf9a67445117338a1c28f1312c232b1cbb8285fc218b4057ed38b092a75be,0.21083210594952106,0.37007988430559635,0.2878098748624325,0.7165849674493074,0.42120181024074554,0.7252090144902468,0.36831782199442387,3.1000354792922735,0.0,816.9776573777199,107.84855461679399,271.4044190943241,False,False,False,ok
BNCI2014_001,ebsw_full_bscale,ebsw,full,bscale,normalized,1,1788,207,206,500,500,2,0.00019876475118282404,0.014098395340705411,,,,7.584794556804172e-05,2.793683898093503,122.7769233819667,,499.94096352032506,0.9998819270406502,,6.214549355513173,0.0021370868140582005,0.01041868299077921,0.020736443563756615,fixed_beta,0,0,23109,dabf234c7f8a21a97cb8a7d73aca1903600856fefdc3458c81186963dcb62ee9,three_row_sha256,,944f93c6fa033d604d9e90219484c40564bfebf4e3306a041f5ec522a76c0b9b,0f2cf9a67445117338a1c28f1312c232b1cbb8285fc218b4057ed38b092a75be,0.22034603171050549,0.36552688106894493,0.21317903883755207,1.0488079860806465,0.24743005633354187,0.7356398273259401,0.4012568388134241,3.232186660170555,0.0,820.2098440378904,107.84855461679399,271.4044190943241,False,False,False,ok
BNCI2014_001,ebsw_full_bscale,ebsw,full,bscale,normalized,1,1788,208,207,500,500,2,0.00020574598653839643,0.014343848386621927,,,,7.742975820347547e-05,2.793683898093503,122.7769233819667,,499.9386892978365,0.999877378595673,,6.214547081145534,0.002137197576072699,0.010449205854028594,0.020774008134781804,fixed_beta,0,0,23316,9e8cf3c9877496740b7e743fbc1523f3ba4cfbf2ec5ec9cf1ec5d1ec857b35c6,three_row_sha256,,944f93c6fa033d604d9e90219484c40564bfebf4e3306a041f5ec522a76c0b9b,0f2cf9a67445117338a1c28f1312c232b1cbb8285fc218b4057ed38b092a75be,0.24267402477562428,0.3756498917937279,0.28670881874859333,0.5769080016762018,0.3195018507540226,0.7472729776054621,0.40236604399979115,2.951081609353423,0.0,823.1609256472439,107.84855461679399,271.4044190943241,False,False,False,ok
BNCI2014_001,ebsw_full_bscale,ebsw,full,bscale,normalized,1,1788,209,208,500,500,2,0.00019447075981304034,0.01394527733008707,,,,7.533165526162285e-05,2.793683898093503,122.7769233819667,,499.9431726904133,0.9998863453808267,,6.214551519523546,0.002124376944396584,0.010424196109096086,0.020745243483173168,fixed_beta,0,0,23524,c4629fd98ab8450eb6c4327c872ec86842368f3161c9f8b49df6130e40a7d6a9,three_row_sha256,,944f93c6fa033d604d9e90219484c40564bfebf4e3306a041f5ec522a76c0b9b,0f2cf9a67445117338a1c28f1312c232b1cbb8285fc218b4057ed38b092a75be,0.2180510200560093,0.3732740879058838,0.28895819559693336,0.719662057235837,0.42875506915152073,3.99489002302289,0.3609380219131708,6.384528474882245,0.0,829.5454541221261,107.84855461679399,271.4044190943241,False,False,False,ok
BNCI2014_001,ebsw_full_bscale,ebsw,full,bscale,normalized,1,1788,210,209,500,500,2,0.00019873234898583084,0.014097246149011899,,,,7.637976823336529e-05,2.793683898093503,122.7769233819667,,499.94332002796347,0.999886640055927,,6.214551643241762,0.0021238516853709765,0.010405374370179965,0.02070625371043265,fixed_beta,0,0,23733,deb1aadb50ffa3975dfa05b2e022339dfb60571500d975d2e1d64069b41be413,three_row_sha256,,944f93c6fa033d604d9e90219484c40564bfebf4e3306a041f5ec522a76c0b9b,0f2cf9a67445117338a1c28f1312c232b1cbb8285fc218b4057ed38b092a75be,0.20818202756345272,0.364840030670166,0.28827995993196964,0.7328691426664591,0.28041680343449116,0.7381131872534752,0.4235450178384781,3.036246169358492,0.0,832.5817002914846,107.84855461679399,271.4044190943241,False,False,False,ok
BNCI2014_001,ebsw_full_bscale,ebsw,full,bscale,normalized,1,1788,211,210,500,500,2,0.00019744878504780947,0.014051647058185367,,,,7.624024226948739e-05,2.793683898093503,122.7769233819667,,499.9504264073588,0.9999008528147176,,6.214558673082239,0.0020971231348868077,0.010349467007849932,0.020612667536760488,fixed_beta,0,0,23943,0d197a8e63b6f2c75c6b058dff2bdf24b9da02a9b1f1f4d97fd4896e97f6d4b6,three_row_sha256,,944f93c6fa033d604d9e90219484c40564bfebf4e3306a041f5ec522a76c0b9b,0f2cf9a67445117338a1c28f1312c232b1cbb8285fc218b4057ed38b092a75be,0.30075106769800186,0.36524608731269836,0.30159391462802887,0.7113979663699865,0.3173809964209795,0.6779110990464687,0.5008440930396318,3.1751252245157957,0.0,835.7568255160004,107.84855461679399,271.4044190943241,False,False,False,ok
BNCI2014_001,ebsw_full_bscale,ebsw,full,bscale,normalized,1,1788,212,211,500,500,2,0.00019851675005453252,0.014089597228257894,,,,7.61425821560071e-05,2.793683898093503,122.7769233819667,,499.9497058489927,0.9998994116979855,,6.214557960683072,0.002101056324400113,0.010372659691559349,0.02064450953469022,fixed_beta,0,0,24154,89c206d2698797731e30f6b98d2382b3eb7773aad69e6422cde63647bf823db5,three_row_sha256,,944f93c6fa033d604d9e90219484c40564bfebf4e3306a041f5ec522a76c0b9b,0f2cf9a67445117338a1c28f1312c232b1cbb8285fc218b4057ed38b092a75be,0.34171203151345253,1.8587589729577303,0.2911151386797428,0.6840918213129044,0.5641570314764977,1.1691257823258638,0.4187829326838255,5.327743710950017,0.0,841.0845692269504,107.84855461679399,271.4044190943241,False,False,False,ok
BNCI2014_001,ebsw_full_bscale,ebsw,full,bscale,normalized,1,1788,213,212,500,500,2,0.0001943182554826838,0.013939808301504143,,,,7.550279856698012e-05,2.7936838980935024,122.7769233819667,,499.9437065026215,0.9998874130052431,,6.214552076076622,0.002126923487699862,0.010453412204547714,0.02078769064151245,fixed_beta,0,0,24366,135ff4309de2080ef36ca497bf00673f0385371ede584e6b88b3f533c8084cc6,three_row_sha256,,944f93c6fa033d604d9e90219484c40564bfebf4e3306a041f5ec522a76c0b9b,0f2cf9a67445117338a1c28f1312c232b1cbb8285fc218b4057ed38b092a75be,0.3642509691417217,0.33125211484730244,0.289189163595438,0.5959239788353443,0.43043307960033417,0.6895188707858324,0.5149249918758869,3.21549316868186,0.0,844.3000623956323,107.84855461679399,271.4044190943241,False,False,False,ok
BNCI2014_001,ebsw_full_bscale,ebsw,full,bscale,normalized,1,1788,214,213,500,500,2,0.00020330909615008758,0.014258649871221595,,,,7.724787907822464e-05,2.793683898093503,122.7769233819667,,499.9389207127415,0.999877841425483,,6.214547382157752,0.0021636694282734996,0.01048611765833334,0.020803829540008416,fixed_beta,0,0,24579,7ddae404e424b3078de209fbfc9e6673c0f4e4d7ac0a21b7760ebdc148540797,three_row_sha256,,944f93c6fa033d604d9e90219484c40564bfebf4e3306a041f5ec522a76c0b9b,0f2cf9a67445117338a1c28f1312c232b1cbb8285fc218b4057ed38b092a75be,0.21968409419059753,0.19499193876981735,0.21399697288870811,0.7559740915894508,0.2794950269162655,0.8882579859346151,0.3677348140627146,2.920134924352169,0.0,847.2201973199844,107.84855461679399,271.4044190943241,False,False,False,ok
BNCI2014_001,ebsw_full_bscale,ebsw,full,bscale,normalized,1,1788,215,214,500,500,2,0.00019608820892820104,0.014003149964497311,,,,7.579544402345639e-05,2.793683898093503,122.7769233819667,,499.9460621609564,0.9998921243219128,,6.214554332747155,0.0020936941803896686,0.010389744469247815,0.020687297484381587,fixed_beta,0,0,24793,707229a2fe60d24cc417d3715bd43692fc97c89fd204a28250ec84c1b8c77106,three_row_sha256,,944f93c6fa033d604d9e90219484c40564bfebf4e3306a041f5ec522a76c0b9b,0f2cf9a67445117338a1c28f1312c232b1cbb8285fc218b4057ed38b092a75be,0.20806491374969482,0.20361714996397495,0.2554808743298054,0.614226097241044,0.3765178844332695,0.7571820169687271,0.4150120075792074,2.8301009442657232,0.0,850.0502982642502,107.84855461679399,271.4044190943241,False,False,False,ok
BNCI2014_001,ebsw_full_bscale,ebsw,full,bscale,normalized,1,1788,216,215,500,500,2,0.00020145205324396286,0.014193380613650958,,,,7.703118413468659e-05,2.793683898093503,122.7769233819667,,499.9337684004613,0.9998675368009227,,6.21454227143211,0.002146977470249366,0.010524749588556927,0.0208576333620484,fixed_beta,0,0,25008,2736e1c2695f8218250f4f969b137ee6b154c7ceee3992361d2065a010e311cd,three_row_sha256,,944f93c6fa033d604d9e90219484c40564bfebf4e3306a041f5ec522a76c0b9b,0f2cf9a67445117338a1c28f1312c232b1cbb8285fc218b4057ed38b092a75be,0.2959868870675564,0.36801095120608807,0.2928338944911957,0.7088149432092905,0.3222289960831404,0.6680281367152929,0.38756895810365677,3.0434727668762207,0.0,853.0937710311264,107.84855461679399,271.4044190943241,False,False,False,ok
BNCI2014_001,ebsw_full_bscale,ebsw,full,bscale,normalized,1,1788,217,216,500,500,2,0.00020134967382985213,0.014189773565136694,,,,7.692239974933e-05,2.793683898093503,122.7769233819667,,499.9469410148538,0.9998938820297076,,6.214555228556581,0.00207828078576026,0.010365181664249061,0.02066755024875083,fixed_beta,0,0,25224,74afc7a3cc7cc94d44d610044b77b09bdbaa9257038770912bd7db731724869d,three_row_sha256,,944f93c6fa033d604d9e90219484c40564bfebf4e3306a041f5ec522a76c0b9b,0f2cf9a67445117338a1c28f1312c232b1cbb8285fc218b4057ed38b092a75be,0.30852598138153553,0.24393200874328613,1.7958278767764568,1.2176809832453728,0.4627401940524578,1.3388318475335836,0.3649960272014141,5.732534918934107,0.0,858.8263059500605,107.84855461679399,271.4044190943241,False,False,False,ok
BNCI2014_001,ebsw_full_bscale,ebsw,full,bscale,normalized,1,1788,218,217,500,500,2,0.00020023020382473256,0.01415027221733676,,,,7.675185043728271e-05,2.793683898093503,122.7769233819667,,499.93199180772615,0.9998639836154524,,6.214540682923898,0.0021939433566518676,0.010620346461313466,0.020977136449909436,fixed_beta,0,0,25441,cebaaa2e8df39cf1bd662a26b94dffed2d69e5d655dc0dc2e90097f4afe6aeee,three_row_sha256,,944f93c6fa033d604d9e90219484c40564bfebf4e3306a041f5ec522a76c0b9b,0f2cf9a67445117338a1c28f1312c232b1cbb8285fc218b4057ed38b092a75be,0.21294900216162205,0.46485685743391514,0.30234409496188164,0.6216138135641813,0.4465279635041952,0.8894121274352074,0.42950897477567196,3.3672128338366747,0.0,862.1935187838972,107.84855461679399,271.4044190943241,False,False,False,ok
BNCI2014_001,ebsw_full_bscale,ebsw,full,bscale,normalized,1,1788,219,218,500,500,2,0.00019524786979273237,0.013973112387465162,,,,7.51891030970046e-05,2.793683898093503,122.7769233819667,,499.94367157800235,0.9998873431560047,,6.214552018146386,0.0021163159860997064,0.010426004711050797,0.020719246774018374,fixed_beta,0,0,25659,00d30bb6e146ef007bad40bf6da13d27a1a8a386dcab9cc30e992e5a879a8098,three_row_sha256,,944f93c6fa033d604d9e90219484c40564bfebf4e3306a041f5ec522a76c0b9b,0f2cf9a67445117338a1c28f1312c232b1cbb8285fc218b4057ed38b092a75be,1.9139719661325216,0.3197980113327503,0.32067205756902695,1.0924320667982101,0.44365599751472473,0.954700168222189,0.34397817216813564,5.389208439737558,0.0,867.5827272236347,107.84855461679399,271.4044190943241,False,False,False,ok
BNCI2014_001,ebsw_full_bscale,ebsw,full,bscale,normalized,1,1788,220,219,500,500,2,0.00018917780413563805,0.013754192238573592,,,,7.446479439379033e-05,2.793683898093503,122.7769233819667,,499.950507790407,0.999901015580814,,6.2145587691498125,0.0020873013928737684,0.01038616532115789,0.020660475082735275,fixed_beta,0,0,25878,f855f4e061b154775f75e8783ac92f45ebf17061e0fa4d06086a0df5914fc29b,three_row_sha256,,944f93c6fa033d604d9e90219484c40564bfebf4e3306a041f5ec522a76c0b9b,0f2cf9a67445117338a1c28f1312c232b1cbb8285fc218b4057ed38b092a75be,0.3716771025210619,0.46871090307831764,0.31191506423056126,1.0413099080324173,0.24825893342494965,0.813561026006937,1.8099111039191484,5.065344041213393,0.0,872.6480712648481,107.84855461679399,271.4044190943241,False,False,False,ok
BNCI2014_001,ebsw_full_bscale,ebsw,full,bscale,normalized,1,1788,221,220,500,500,2,0.00018973230012283426,0.013774334834133888,,,,7.447230030563289e-05,2.793683898093503,122.7769233819667,,499.9551721909255,0.999910344381851,,6.2145633833836005,0.002077692168891218,0.010321655696866917,0.020583675687934466,fixed_beta,0,0,26098,4c1640e1efc52216b7801c0907b54b1241f8feb3e6953745d1285e73fbe21fa0,three_row_sha256,,944f93c6fa033d604d9e90219484c40564bfebf4e3306a041f5ec522a76c0b9b,0f2cf9a67445117338a1c28f1312c232b1cbb8285fc218b4057ed38b092a75be,0.2861209213733673,0.6256808992475271,0.29634078964591026,1.0245360899716616,0.39537413977086544,0.7987061981111765,0.3460037987679243,3.7727628368884325,0.0,876.4208341017365,107.84855461679399,271.4044190943241,False,False,False,ok
BNCI2014_001,ebsw_full_bscale,ebsw,full,bscale,normalized,1,1788,222,221,500,500,2,0.00019459702388381698,0.013949803722053475,,,,7.537355111236691e-05,2.793683898093503,122.7769233819667,,499.9499062510797,0.9998998125021594,,6.214558180773533,0.0020807544361400874,0.01034558067545296,0.020650952833494607,fixed_beta,0,0,26319,97e291adf1d9e1054d53683114bc150cf27d9d2548ccbbf6513e8c37919a1c1c,three_row_sha256,,944f93c6fa033d604d9e90219484c40564bfebf4e3306a041f5ec522a76c0b9b,0f2cf9a67445117338a1c28f1312c232b1cbb8285fc218b4057ed38b092a75be,0.5079139955341816,0.5109261255711317,0.31388597562909126,0.9710111189633608,0.45023602433502674,1.8924530595541,0.680048018693924,5.326474318280816,0.0,881.7473084200174,107.84855461679399,271.4044190943241,False,False,False,ok
BNCI2014_001,ebsw_full_bscale,ebsw,full,bscale,normalized,1,1788,223,222,500,500,2,0.00020107087279342867,0.014179946149172382,,,,7.690628725354728e-05,2.793683898093503,122.7769233819667,,499.9385410131076,0.9998770820262153,,6.214546960545588,0.0021619344619340313,0.01045033844404409,0.020744337133307075,fixed_beta,0,0,26541,b3711faf3992e2662d0291c087564ca5c30f1f61fead23608ee3fc96030fcb2a,three_row_sha256,,944f93c6fa033d604d9e90219484c40564bfebf4e3306a041f5ec522a76c0b9b,0f2cf9a67445117338a1c28f1312c232b1cbb8285fc218b4057ed38b092a75be,0.24797790683805943,0.35119010135531425,0.32397499307990074,0.622649909928441,0.3346418961882591,0.734096160158515,0.33687916584312916,2.9514101333916187,0.0,884.698718553409,107.84855461679399,271.4044190943241,False,False,False,ok
BNCI2014_001,ebsw_full_bscale,ebsw,full,bscale,normalized,1,1788,224,223,500,500,2,0.00019385966034305953,0.013923349465665922,,,,7.513043287487624e-05,2.793683898093503,122.7769233819667,,499.94865040801403,0.9998973008160281,,6.214556987436909,0.002104213095615607,0.010442127698524001,0.020743570381952355,fixed_beta,0,0,26764,cec6753e21f5f4180387b91cd740eb26fc1cf6044970b9b69857bda0acb9a5fc,three_row_sha256,,944f93c6fa033d604d9e90219484c40564bfebf4e3306a041f5ec522a76c0b9b,0f2cf9a67445117338a1c28f1312c232b1cbb8285fc218b4057ed38b092a75be,0.5563530139625072,0.3907959908246994,0.3886090125888586,1.0052919387817383,0.42137294076383114,1.0825949721038342,0.643343897536397,4.488361766561866,0.0,889.1870803199708,107.84855461679399,271.4044190943241,False,False,False,ok
BNCI2014_001,ebsw_full_bscale,ebsw,full,bscale,normalized,1,1788,225,224,500,500,2,0.0001955086086098415,0.013982439293980199,5.021407116450857,0.7170974609349905,28.29025390650095,7.553310790010438e-05,2.7936838980935024,122.7769233819667,,499.93987471444643,0.9998797494288929,,6.2145482341743,0.0020919951895794694,0.01042001906988679,0.0207559815677503,fixed_beta,0,0,26988,7651bf35e297051e229a1ca2cd0c6f58f146b4478f8d6a811e0a31facd2ebb43,three_row_sha256,,944f93c6fa033d604d9e90219484c40564bfebf4e3306a041f5ec522a76c0b9b,0f2cf9a67445117338a1c28f1312c232b1cbb8285fc218b4057ed38b092a75be,0.20110397599637508,0.37143705412745476,0.28659007512032986,0.5503669381141663,0.24394108913838863,0.8465319406241179,0.35493611358106136,2.854907186701894,12.073035817593336,892.0419875066727,119.92159043438733,271.4044190943241,False,False,False,ok
BNCI2014_001,ebsw_full_bscale,ebsw,full,bscale,normalized,1,1788,226,225,500,500,2,0.0001930435503592989,0.013894011312767055,,,,7.531207839497858e-05,2.793683898093503,122.7769233819667,,499.94361255748174,0.9998872251149635,,6.2145519753095355,0.0021204685305014396,0.01043902138531329,0.02077553230325231,fixed_beta,0,0,27213,92de46bc777d8364d23318156c774517cd7500cf9b12ad4802c06e03ad19a24e,three_row_sha256,,944f93c6fa033d604d9e90219484c40564bfebf4e3306a041f5ec522a76c0b9b,0f2cf9a67445117338a1c28f1312c232b1cbb8285fc218b4057ed38b092a75be,0.262225978076458,0.32120896503329277,0.2932311035692692,0.5924529395997524,0.24484703317284584,0.8485959842801094,0.35802600905299187,2.9205880127847195,0.0,894.9625755194575,119.92159043438733,271.4044190943241,False,False,False,ok
BNCI2014_001,ebsw_full_bscale,ebsw,full,bscale,normalized,1,1788,227,226,500,500,2,0.00019926249952625756,0.014116036962485526,,,,7.633626942297497e-05,2.793683898093503,122.7769233819667,,499.9420634834755,0.9998841269669511,,6.2145503586905555,0.0020947634325722765,0.010407165065390578,0.020696186691292653,fixed_beta,0,0,27439,b98788d04ee2ed94bf5b67a0b1768e6f9a714f949f692cdcb757c33c209ba831,three_row_sha256,,944f93c6fa033d604d9e90219484c40564bfebf4e3306a041f5ec522a76c0b9b,0f2cf9a67445117338a1c28f1312c232b1cbb8285fc218b4057ed38b092a75be,0.3679189831018448,0.22444711066782475,0.30570896342396736,0.882233027368784,0.4071868024766445,0.9233939927071333,0.42934389784932137,3.54023277759552,0.0,898.502808297053,119.92159043438733,271.4044190943241,False,False,False,ok
BNCI2014_001,ebsw_full_bscale,ebsw,full,bscale,normalized,1,1788,228,227,500,500,2,0.00019481668299762907,0.013957674698803848,,,,7.575237636033156e-05,2.793683898093503,122.7769233819667,,499.941682743856,0.9998833654877121,,6.214550004383001,0.0020861980706136565,0.010394123273401331,0.020714908361235275,fixed_beta,0,0,27666,2c7a7e9e5fbebdc923f4e0ea2b62278bff1492a6f8bdd7d17ece2f65b36cc5c0,three_row_sha256,,944f93c6fa033d604d9e90219484c40564bfebf4e3306a041f5ec522a76c0b9b,0f2cf9a67445117338a1c28f1312c232b1cbb8285fc218b4057ed38b092a75be,0.3457621205598116,0.20957295782864094,0.23667095229029655,0.6485800258815289,0.26862393133342266,0.8880519308149815,0.34747691825032234,2.9447388369590044,0.0,901.447547134012,119.92159043438733,271.4044190943241,False,False,False,ok
BNCI2014_001,ebsw_full_bscale,ebsw,full,bscale,normalized,1,1788,229,228,500,500,2,0.00019222782717673856,0.013864625028349615,,,,7.475246639473469e-05,2.793683898093503,122.7769233819667,,499.9487699278009,0.9998975398556019,,6.214557056591252,0.0021157315288253837,0.010389848431894068,0.020655442290384532,fixed_beta,0,0,27894,a44dda87fc899222f54cc7e53cdbe4d73744ea5e5bccbd32038ed79b6bf8a598,three_row_sha256,,944f93c6fa033d604d9e90219484c40564bfebf4e3306a041f5ec522a76c0b9b,0f2cf9a67445117338a1c28f1312c232b1cbb8285fc218b4057ed38b092a75be,0.19837403669953346,0.3297179937362671,0.34391600638628006,0.5432749167084694,0.29595987871289253,0.704755075275898,0.3079259768128395,2.72392388433218,0.0,904.1714710183442,119.92159043438733,271.4044190943241,False,False,False,ok
BNCI2014_001,ebsw_full_bscale,ebsw,full,bscale,normalized,1,1788,230,229,500,500,2,0.00020259883598610365,0.014233721789683247,,,,7.691849554717552e-05,2.793683898093503,122.7769233819667,,499.9345569830081,0.9998691139660163,,6.214543069201662,0.002145711031668151,0.01053877396369739,0.020875578275163405,fixed_beta,0,0,28123,761ab2923e815d6acba3472cb287cc44ea6cad3ab4ec03192a966386f08fa74b,three_row_sha256,,944f93c6fa033d604d9e90219484c40564bfebf4e3306a041f5ec522a76c0b9b,0f2cf9a67445117338a1c28f1312c232b1cbb8285fc218b4057ed38b092a75be,0.41214702650904655,0.3735620994120836,0.3132070414721966,1.1345869861543179,0.5926089361310005,2.069135894998908,0.15866803005337715,5.05391601473093,0.0,909.2253870330751,119.92159043438733,271.4044190943241,False,False,False,ok
BNCI2014_001,ebsw_full_bscale,ebsw,full,bscale,normalized,1,1788,231,230,500,500,2,0.00019515375233584452,0.013969744175747976,,,,7.576275839428345e-05,2.793683898093503,122.7769233819667,,499.94195473466675,0.9998839094693335,,6.214550251847558,0.002087190166829793,0.010372706344766273,0.02069509423066542,fixed_beta,0,0,28353,14608a7dd5fbf3f43c14e4aa1f19a69a57410d29888146260fe58bb1a71c83ca,three_row_sha256,,944f93c6fa033d604d9e90219484c40564bfebf4e3306a041f5ec522a76c0b9b,0f2cf9a67445117338a1c28f1312c232b1cbb8285fc218b4057ed38b092a75be,0.21041417494416237,0.3359380643814802,0.42669614776968956,0.533512094989419,0.2618059515953064,0.868240837007761,0.34766714088618755,2.984274411574006,0.0,912.2096614446491,119.92159043438733,271.4044190943241,False,False,False,ok
BNCI2014_001,ebsw_full_bscale,ebsw,full,bscale,normalized,1,1788,232,231,500,500,2,0.0001990703977911803,0.014109230942584372,,,,7.666135690131832e-05,2.793683898093503,122.7769233819667,,499.92956781708824,0.9998591356341765,,6.214538142016666,0.0021511838593866834,0.010568749628195154,0.02088938928630543,fixed_beta,0,0,28584,d8056f41eae9cdee16a01247f9f39db59e78812dd678e2a939db9525f67ed2cc,three_row_sha256,,944f93c6fa033d604d9e90219484c40564bfebf4e3306a041f5ec522a76c0b9b,0f2cf9a67445117338a1c28f1312c232b1cbb8285fc218b4057ed38b092a75be,0.19794306717813015,0.31667202711105347,0.305333873257041,0.9037060663104057,0.39845402352511883,0.7633019704371691,0.37483684718608856,3.260247875005007,0.0,915.4699093196541,119.92159043438733,271.4044190943241,False,False,False,ok
BNCI2014_001,ebsw_full_bscale,ebsw,full,bscale,normalized,1,1788,233,232,500,500,2,0.0002004599640073363,0.014158388467877843,,,,7.657467995384649e-05,2.793683898093503,122.7769233819667,,499.9433252756596,0.9998866505513192,,6.214551648761718,0.002109287899927718,0.010402408920361216,0.020684180522005047,fixed_beta,0,0,28816,5241f541235172a7072c5a62d05fb439d74b409babdda5905616d3ac6db377ac,three_row_sha256,,944f93c6fa033d604d9e90219484c40564bfebf4e3306a041f5ec522a76c0b9b,0f2cf9a67445117338a1c28f1312c232b1cbb8285fc218b4057ed38b092a75be,0.41272188536822796,0.44217403046786785,0.3149658441543579,1.2183550279587507,0.4788469523191452,0.8003991097211838,0.22277911193668842,3.890241961926222,0.0,919.3601512815803,119.92159043438733,271.4044190943241,False,False,False,ok
BNCI2014_001,ebsw_full_bscale,ebsw,full,bscale,normalized,1,1788,234,233,500,500,2,0.0001849425945733107,0.01359936007955193,,,,7.357921904869815e-05,2.793683898093503,122.7769233819667,,499.9463760547719,0.9998927521095439,,6.214554672974971,0.0020755389292424356,0.010348799992567166,0.020657616727019136,fixed_beta,0,0,29049,df5ae347cf6891aa921d5e742ccdb100c40159f66ff702d82986bca32f7d4c7c,three_row_sha256,,944f93c6fa033d604d9e90219484c40564bfebf4e3306a041f5ec522a76c0b9b,0f2cf9a67445117338a1c28f1312c232b1cbb8285fc218b4057ed38b092a75be,0.200571957975626,0.19316794350743294,0.2106199972331524,0.5701358895748854,0.5424830596894026,0.9471469093114138,0.4187989979982376,3.0829247552901506,0.0,922.4430760368705,119.92159043438733,271.4044190943241,False,False,False,ok
BNCI2014_001,ebsw_full_bscale,ebsw,full,bscale,normalized,1,1788,235,234,500,500,2,0.00019178577378939837,0.013848674080553645,,,,7.488338706761615e-05,2.793683898093503,122.7769233819667,,499.9446808185508,0.9998893616371016,,6.214552978698186,0.0021033029650466394,0.01037051328888428,0.020663556774993073,fixed_beta,0,0,29283,69550e21025af9f3eaf7338077255bd61b4d3346c894115996e6baa9d397c56f,three_row_sha256,,944f93c6fa033d604d9e90219484c40564bfebf4e3306a041f5ec522a76c0b9b,0f2cf9a67445117338a1c28f1312c232b1cbb8285fc218b4057ed38b092a75be,0.21738396026194096,0.3111881669610739,0.2993559464812279,0.8902570698410273,0.41434401646256447,0.9043379686772823,0.5239630118012428,3.5608301404863596,0.0,926.0039061773568,119.92159043438733,271.4044190943241,False,False,False,ok
BNCI2014_001,ebsw_full_bscale,ebsw,full,bscale,normalized,1,1788,236,235,500,500,2,0.00019096405754632595,0.013818974547567774,,,,7.495281979275344e-05,2.793683898093503,122.7769233819667,,499.95434236725686,0.9999086847345138,,6.214562577561805,0.0020868498937089857,0.010362896400983139,0.020624195310703197,fixed_beta,0,0,29518,7dd2d3987d6ce0540bd25edcd8580c902e64cfefb3f730b19e809fc6203f98ba,three_row_sha256,,944f93c6fa033d604d9e90219484c40564bfebf4e3306a041f5ec522a76c0b9b,0f2cf9a67445117338a1c28f1312c232b1cbb8285fc218b4057ed38b092a75be,1.8571920227259398,0.22271601483225822,0.23150304332375526,0.5762078799307346,0.558207044377923,0.9961298201233149,0.3962849732488394,4.838240798562765,0.0,930.8421469759196,119.92159043438733,271.4044190943241,False,False,False,ok
BNCI2014_001,ebsw_full_bscale,ebsw,full,bscale,normalized,1,1788,237,236,500,500,2,0.00019477499221427335,0.013956181147229114,,,,7.561901174378728e-05,2.793683898093503,122.7769233819667,,499.9442923305185,0.999888584661037,,6.214552567530055,0.0020888148365580473,0.01037477626931489,0.02064800456464488,fixed_beta,0,0,29754,9c01b8e0e54e3762c28c3c9f4e9655f6711d0939e81125f986b1adb2b4d7cfa0,three_row_sha256,,944f93c6fa033d604d9e90219484c40564bfebf4e3306a041f5ec522a76c0b9b,0f2cf9a67445117338a1c28f1312c232b1cbb8285fc218b4057ed38b092a75be,0.2065589651465416,0.32380595803260803,0.2876950893551111,0.5653880070894957,0.48251100815832615,0.704105943441391,0.4066210240125656,2.976685995236039,0.0,933.8188329711556,119.92159043438733,271.4044190943241,False,False,False,ok
BNCI2014_001,ebsw_full_bscale,ebsw,full,bscale,normalized,1,1788,238,237,500,500,2,0.00018691934482051222,0.013671844967688605,,,,7.416842863421784e-05,2.793683898093503,122.7769233819667,,499.952394171482,0.999904788342964,,6.21456062552115,0.0020790722665910296,0.010324198460231384,0.02058946989838538,fixed_beta,0,0,29991,185466a80b2410497c871f82ee9983f1224bcecbb22b207be94c6414fa7a6a3f,three_row_sha256,,944f93c6fa033d604d9e90219484c40564bfebf4e3306a041f5ec522a76c0b9b,0f2cf9a67445117338a1c28f1312c232b1cbb8285fc218b4057ed38b092a75be,0.3658309578895569,0.3240499645471573,0.3134349826723337,1.0935519821941853,0.4130599554628134,1.4434810727834702,0.4223149735480547,4.375723889097571,0.0,938.1945568602532,119.92159043438733,271.4044190943241,False,False,False,ok
BNCI2014_001,ebsw_full_bscale,ebsw,full,bscale,normalized,1,1788,239,238,500,500,2,0.0001938478659975319,0.01392292591366958,,,,7.521120198964095e-05,2.793683898093503,122.7769233819667,,499.9445403021855,0.999889080604371,,6.214552892055769,0.0020936328564880482,0.010424467212462322,0.020751598104870844,fixed_beta,0,0,30229,6cdd8f26a4e2e2331e1facc1dd7e6e31755c868265557932f58cc1225e61b5d3,three_row_sha256,,944f93c6fa033d604d9e90219484c40564bfebf4e3306a041f5ec522a76c0b9b,0f2cf9a67445117338a1c28f1312c232b1cbb8285fc218b4057ed38b092a75be,0.2596371341496706,0.4010640550404787,0.32628816552460194,0.7322109304368496,0.4972449969500303,0.8438860531896353,0.4018321633338928,3.4621634986251593,0.0,941.6567203588784,119.92159043438733,271.4044190943241,False,False,False,ok
BNCI2014_001,ebsw_full_bscale,ebsw,full,bscale,normalized,1,1788,240,239,500,500,2,0.000194136456950122,0.013933285935131096,,,,7.515856965206968e-05,2.793683898093503,122.7769233819667,,499.94608818396364,0.9998921763679273,,6.214554375858997,0.00209109558411876,0.010381653128410393,0.02066740768038955,fixed_beta,0,0,30468,7bab45a1e868f34f7a535d77e602b9737e578897fbd8fd2a926e93a0fe1772c4,three_row_sha256,,944f93c6fa033d604d9e90219484c40564bfebf4e3306a041f5ec522a76c0b9b,0f2cf9a67445117338a1c28f1312c232b1cbb8285fc218b4057ed38b092a75be,0.4102429375052452,0.3828071057796478,0.31821918673813343,0.9573609568178654,0.47557707875967026,1.1047909501940012,0.5213720723986626,4.170370288193226,0.0,945.8270906470716,119.92159043438733,271.4044190943241,False,False,False,ok
BNCI2014_001,ebsw_full_bscale,ebsw,full,bscale,normalized,1,1788,241,240,500,500,2,0.00019489331325324557,0.013960419522824003,,,,7.566242336541133e-05,2.793683898093503,122.7769233819667,,499.9428797173503,0.9998857594347006,,6.214551219528229,0.0021118830488765818,0.010441944368304165,0.02072496272703074,fixed_beta,0,0,30708,46c361688044524223f3644540ba2697a8b1170b8d681a9d7dc3bad957ccd93e,three_row_sha256,,944f93c6fa033d604d9e90219484c40564bfebf4e3306a041f5ec522a76c0b9b,0f2cf9a67445117338a1c28f1312c232b1cbb8285fc218b4057ed38b092a75be,0.22577797062695026,0.5316438619047403,0.2974949311465025,0.5969440098851919,0.4909147974103689,0.7695590611547232,0.370922964066267,3.283257596194744,0.0,949.1103482432663,119.92159043438733,271.4044190943241,False,False,False,ok
BNCI2014_001,ebsw_full_bscale,ebsw,full,bscale,normalized,1,1788,242,241,500,500,2,0.0001917738160126504,0.013848242343801267,,,,7.506217032781005e-05,2.793683898093503,122.7769233819667,,499.95463513080523,0.9999092702616105,,6.214562848399135,0.002068423756554938,0.010320033044311751,0.020600809973575506,fixed_beta,0,0,30949,10a80a69387f87f7058222e164fbaf15a53c20ac12485b7d2a4bfa1e27637d30,three_row_sha256,,944f93c6fa033d604d9e90219484c40564bfebf4e3306a041f5ec522a76c0b9b,0f2cf9a67445117338a1c28f1312c232b1cbb8285fc218b4057ed38b092a75be,0.2074039075523615,0.41310000233352184,0.29281899333000183,0.5494891665875912,0.22532395087182522,0.8566570468246937,0.5592661909759045,3.1040592584758997,0.0,952.2144075017422,119.92159043438733,271.4044190943241,False,False,False,ok
BNCI2014_001,ebsw_full_bscale,ebsw,full,bscale,normalized,1,1788,243,242,500,500,2,0.00019406010854730355,0.013930545881167168,,,,7.52245234813166e-05,2.793683898093503,122.7769233819667,,499.94343923324453,0.999886878466489,,6.21455178097349,0.0021059714505754033,0.010454094141728192,0.020754098871597754,fixed_beta,0,0,31191,c35f7013d8f42c31df4fc4dc89a024ca28e9c0501db3463b38b139ef06f31c38,three_row_sha256,,944f93c6fa033d604d9e90219484c40564bfebf4e3306a041f5ec522a76c0b9b,0f2cf9a67445117338a1c28f1312c232b1cbb8285fc218b4057ed38b092a75be,0.23065204732120037,0.5145671311765909,0.30654086731374264,0.6068400107324123,1.9961327780038118,0.7664130534976721,0.42465818114578724,4.845804069191217,0.0,957.0602115709335,119.92159043438733,271.4044190943241,False,False,False,ok
BNCI2014_001,ebsw_full_bscale,ebsw,full,bscale,normalized,1,1788,244,243,500,500,2,0.00019478231856034266,0.013956443621508406,,,,7.541842871192051e-05,2.793683898093503,122.7769233819667,,499.94147956465054,0.9998829591293011,,6.2145498469037594,0.0021182624011261385,0.010447923840707026,0.020770987543156587,fixed_beta,0,0,31434,ac5576a6d669ed150fb45815dd7b1a15024c9ceabd9c487818fb0115931463ca,three_row_sha256,,944f93c6fa033d604d9e90219484c40564bfebf4e3306a041f5ec522a76c0b9b,0f2cf9a67445117338a1c28f1312c232b1cbb8285fc218b4057ed38b092a75be,0.2552410587668419,0.35208696499466896,0.2945840824395418,0.5731908604502678,0.25553791783750057,0.703552970662713,0.5471750628203154,2.9813689179718494,0.0,960.0415804889053,119.92159043438733,271.4044190943241,False,False,False,ok
BNCI2014_001,ebsw_full_bscale,ebsw,full,bscale,normalized,1,1788,245,244,500,500,2,0.00019669110215863963,0.014024660500655251,,,,7.669602200521122e-05,2.793683898093503,122.7769233819667,,499.9486211116461,0.9998972422232922,,6.214556893047609,0.0020893282706072403,0.01037570565649662,0.020667028965366003,fixed_beta,0,0,31678,90acc16f32911657ba70461b79463b0a8a9df9341c48d5da177f9f52ccef7d8d,three_row_sha256,,944f93c6fa033d604d9e90219484c40564bfebf4e3306a041f5ec522a76c0b9b,0f2cf9a67445117338a1c28f1312c232b1cbb8285fc218b4057ed38b092a75be,0.21721888333559036,0.5242829211056232,0.2995068207383156,2.036765217781067,0.2884890418499708,0.7747060153633356,0.38311793468892574,4.524086834862828,0.0,964.5656673237681,119.92159043438733,271.4044190943241,False,False,False,ok
BNCI2014_001,ebsw_full_bscale,ebsw,full,bscale,normalized,1,1788,246,245,500,500,2,0.00019884324940958032,0.014101179007784431,,,,7.623799813924183e-05,2.793683898093503,122.7769233819667,,499.94518559938206,0.9998903711987641,,6.214553497942482,0.002091144078075172,0.010408725291109297,0.020722772645217484,fixed_beta,0,0,31923,47162e4269484a29c161a076f08a82d08cea47c9d3b4b3b49f19dade3f635abd,three_row_sha256,,944f93c6fa033d604d9e90219484c40564bfebf4e3306a041f5ec522a76c0b9b,0f2cf9a67445117338a1c28f1312c232b1cbb8285fc218b4057ed38b092a75be,0.2146789338439703,0.32775592990219593,0.3272711765021086,0.559353968128562,0.4952498711645603,0.715096015483141,0.5504828877747059,3.189888782799244,0.0,967.7555561065674,119.92159043438733,271.4044190943241,False,False,False,ok
BNCI2014_001,ebsw_full_bscale,ebsw,full,bscale,normalized,1,1788,247,246,500,500,2,0.00019439355163688256,0.01394250879995715,,,,7.49712820782546e-05,2.793683898093503,122.7769233819667,,499.94549962229354,0.9998909992445871,,6.214553880680462,0.002119741936423812,0.010472706148826866,0.020785711191240556,fixed_beta,0,0,32169,082d8d5a29dd1f9328b9c9980aa8f72ad2d9c0d9a6a0bfc7a2edc692e6d462b6,three_row_sha256,,944f93c6fa033d604d9e90219484c40564bfebf4e3306a041f5ec522a76c0b9b,0f2cf9a67445117338a1c28f1312c232b1cbb8285fc218b4057ed38b092a75be,1.7368670087307692,0.40130200795829296,0.2873570192605257,0.6106740329414606,0.3417870029807091,0.7316661067306995,0.36090798676013947,4.4705611653625965,0.0,972.22611727193,119.92159043438733,271.4044190943241,False,False,False,ok
BNCI2014_001,ebsw_full_bscale,ebsw,full,bscale,normalized,1,1788,248,247,500,500,2,0.00019732179021218055,0.014047127471913272,,,,7.603534980299241e-05,2.793683898093503,122.7769233819667,,499.9445284736602,0.9998890569473204,,6.214552842717965,0.002098245942476614,0.010409578579975615,0.02070621305595514,fixed_beta,0,0,32416,c3d0e027bdd0f0f29ef8ca6027d158070fc1c506876cecdb577a6c8f18fbd366,three_row_sha256,,944f93c6fa033d604d9e90219484c40564bfebf4e3306a041f5ec522a76c0b9b,0f2cf9a67445117338a1c28f1312c232b1cbb8285fc218b4057ed38b092a75be,0.2560389693826437,0.3845337778329849,0.44986396096646786,0.7450729608535767,0.505352858453989,1.848316052928567,0.6942111067473888,4.883389687165618,0.0,977.1095069590956,119.92159043438733,271.4044190943241,False,False,False,ok
BNCI2014_001,ebsw_full_bscale,ebsw,full,bscale,normalized,1,1788,249,248,500,500,2,0.00019455798861969258,0.013948404518786104,,,,7.537782851452185e-05,2.793683898093503,122.7769233819667,,499.9399151497831,0.9998798302995662,,6.214548248812742,0.002096215020227001,0.010408393728959478,0.020723014854828158,fixed_beta,0,0,32664,7ca9b34492e36ac300736e1e04ee1a2328e935bae52dd6f072c9a3e9f7d42a77,three_row_sha256,,944f93c6fa033d604d9e90219484c40564bfebf4e3306a041f5ec522a76c0b9b,0f2cf9a67445117338a1c28f1312c232b1cbb8285fc218b4057ed38b092a75be,0.21167309023439884,0.39474410004913807,0.2869078889489174,0.6134649738669395,0.34282589331269264,0.7112820167094469,0.5548119079321623,3.1157098710536957,0.0,980.2252168301493,119.92159043438733,271.4044190943241,False,False,False,ok
BNCI2014_001,ebsw_full_bscale,ebsw,full,bscale,normalized,1,1788,250,249,500,500,2,0.00019532860011375143,0.013976000862684268,4.967421830887473,0.7093879264743163,29.061207352568374,7.57186844064493e-05,2.793683898093503,122.7769233819667,,499.9516343529845,0.999903268705969,,6.2145598863093845,0.0020824946752724866,0.010366175884967663,0.020626560190612396,fixed_beta,0,0,32913,1ad468bc91ecb294e0393cba0ed273847a33424d888a65789cfe8045bc38ed6b,three_row_sha256,,944f93c6fa033d604d9e90219484c40564bfebf4e3306a041f5ec522a76c0b9b,0f2cf9a67445117338a1c28f1312c232b1cbb8285fc218b4057ed38b092a75be,0.32708607614040375,0.5269581452012062,0.306219095364213,0.7533328607678413,0.4618351813405752,0.7093360181897879,0.4245250020176172,3.5092923790216446,9.291535941883922,983.7345092091709,129.21312637627125,271.4044190943241,False,False,False,ok
BNCI2014_001,ebsw_full_bscale,ebsw,full,bscale,normalized,1,1788,251,250,500,500,2,0.00019866802938843563,0.014094964682057051,,,,7.658555617172063e-05,2.7936838980935033,122.7769233819667,,499.94512378638336,0.9998902475727668,,6.214553437141973,0.0020944472006196135,0.010416555767649233,0.020738866723187296,fixed_beta,0,0,33163,2267b9c8ecb3734ca685413e5aa7bc21d96dc1e1e68dc896639aebb846886b97,three_row_sha256,,944f93c6fa033d604d9e90219484c40564bfebf4e3306a041f5ec522a76c0b9b,0f2cf9a67445117338a1c28f1312c232b1cbb8285fc218b4057ed38b092a75be,0.2376700285822153,0.3680759109556675,0.22539286874234676,0.6461129523813725,0.5547897890210152,1.0319931898266077,0.3818140830844641,3.445848822593689,0.0,987.1803580317646,129.21312637627125,271.4044190943241,False,False,False,ok
BNCI2014_001,ebsw_full_bscale,ebsw,full,bscale,normalized,1,1788,252,251,500,500,2,0.0001992452403461132,0.014115425616895624,,,,7.630218922021461e-05,2.7936838980935024,122.7769233819667,,499.93702287657555,0.9998740457531511,,6.214545453101059,0.002126245033711499,0.010472474963863184,0.020823836365368085,fixed_beta,0,0,33414,1a28dc07e6043e6c1a7f05b667aecc6c47012410ab8a602a8ef04a1dc53beceb,three_row_sha256,,944f93c6fa033d604d9e90219484c40564bfebf4e3306a041f5ec522a76c0b9b,0f2cf9a67445117338a1c28f1312c232b1cbb8285fc218b4057ed38b092a75be,0.3778559621423483,0.3655517939478159,0.29577407985925674,0.6897959392517805,0.30277413316071033,0.8458069059997797,0.4782099276781082,3.3557687420397997,0.0,990.5361267738044,129.21312637627125,271.4044190943241,False,False,False,ok
BNCI2014_001,ebsw_full_bscale,ebsw,full,bscale,normalized,1,1788,253,252,500,500,2,0.00019509151977640951,0.013967516593024313,,,,7.58909303699262e-05,2.793683898093503,122.7769233819667,,499.9408653185442,0.9998817306370884,,6.21454926086148,0.0021077310515712874,0.010463761134243925,0.0208132615094195,fixed_beta,0,0,33666,bd728937e859a3e1da0c0927f3b9f7a80da7ad6400aca8452e55e29cc3f2c9c9,three_row_sha256,,944f93c6fa033d604d9e90219484c40564bfebf4e3306a041f5ec522a76c0b9b,0f2cf9a67445117338a1c28f1312c232b1cbb8285fc218b4057ed38b092a75be,0.48214197158813477,0.3700770903378725,0.3000630531460047,0.6894769612699747,0.29590586200356483,1.1455670464783907,0.35686115734279156,3.6400931421667337,0.0,994.1762199159712,129.21312637627125,271.4044190943241,False,False,False,ok
BNCI2014_001,ebsw_full_bscale,ebsw,full,bscale,normalized,1,1788,254,253,500,500,2,0.00019720927079514916,0.014043121832240478,,,,7.602967463637298e-05,2.793683898093503,122.7769233819667,,499.9434434711207,0.9998868869422414,,6.2145517633589975,0.0020946331713935415,0.010410556028963576,0.020722210118570544,fixed_beta,0,0,33919,e832c7a9259e0e5d8fdb5f8d0e00d55d14fbb4be56edde3b667e5b2871202218,three_row_sha256,,944f93c6fa033d604d9e90219484c40564bfebf4e3306a041f5ec522a76c0b9b,0f2cf9a67445117338a1c28f1312c232b1cbb8285fc218b4057ed38b092a75be,0.3689259756356478,0.3872150555253029,0.31099910847842693,0.8088189642876387,0.28568203561007977,0.8120150305330753,0.39548310451209545,3.369139274582267,0.0,997.5453591905534,129.21312637627125,271.4044190943241,False,False,False,ok
BNCI2014_001,ebsw_full_bscale,ebsw,full,bscale,normalized,1,1788,255,254,500,500,2,0.00019948315281204012,0.014123850495245272,,,,7.613329037481595e-05,2.793683898093503,122.7769233819667,,499.93948349777617,0.9998789669955523,,6.214547872942967,0.0021008656504931593,0.010457213054925682,0.020803048662978062,fixed_beta,0,0,34173,19d1db0d4fe70716446cb57929c2abb3f095238b881955566c79391dd3e228f1,three_row_sha256,,944f93c6fa033d604d9e90219484c40564bfebf4e3306a041f5ec522a76c0b9b,0f2cf9a67445117338a1c28f1312c232b1cbb8285fc218b4057ed38b092a75be,0.2244629431515932,0.3632290754467249,0.39279996417462826,0.954595860093832,0.4330039955675602,1.0170908644795418,0.38735801354050636,3.7725407164543867,0.0,1001.3178999070078,129.21312637627125,271.4044190943241,False,False,False,ok
BNCI2014_001,ebsw_full_bscale,ebsw,full,bscale,normalized,1,1788,256,255,500,500,2,0.00019739634142466455,0.014049780831908536,,,,7.651075112854913e-05,2.7936838980935024,122.7769233819667,,499.94257510443583,0.9998851502088717,,6.214550934339963,0.0021304859473369854,0.010423877483794254,0.020705905919206877,fixed_beta,0,0,34428,aff1b76a0fe94eea529e12ed647c2c9f4e27f43f93a37cd7490cec40b94c0287,three_row_sha256,,944f93c6fa033d604d9e90219484c40564bfebf4e3306a041f5ec522a76c0b9b,0f2cf9a67445117338a1c28f1312c232b1cbb8285fc218b4057ed38b092a75be,0.21355482749640942,0.19606808200478554,0.22151903249323368,1.0703189764171839,0.3844390157610178,0.757470028474927,0.41974708437919617,3.2631170470267534,0.0,1004.5810169540346,129.21312637627125,271.4044190943241,False,False,False,ok
BNCI2014_001,ebsw_full_bscale,ebsw,full,bscale,normalized,1,1788,257,256,500,500,2,0.00019010928983664702,0.013788012541213002,,,,7.446129152338329e-05,2.793683898093503,122.7769233819667,,499.9426540639802,0.9998853081279605,,6.214551018265377,0.0021131663641278044,0.010450547546494403,0.02075280747904696,fixed_beta,0,0,34684,9d223d3a1344c0368793cf71b9ed57165109b028c7ba3773470e48aed83646f3,three_row_sha256,,944f93c6fa033d604d9e90219484c40564bfebf4e3306a041f5ec522a76c0b9b,0f2cf9a67445117338a1c28f1312c232b1cbb8285fc218b4057ed38b092a75be,0.3631219733506441,0.3053050022572279,0.22113206796348095,0.7393029518425465,0.4170138854533434,0.9741741232573986,0.37682801485061646,3.396878018975258,0.0,1007.9778949730098,129.21312637627125,271.4044190943241,False,False,False,ok
BNCI2014_001,ebsw_full_bscale,ebsw,full,bscale,normalized,1,1788,258,257,500,500,2,0.00018614791333096463,0.01364360338513857,,,,7.35120335935421e-05,2.793683898093503,122.7769233819667,,499.9501239947801,0.9999002479895602,,6.214558433338038,0.0021040991693543694,0.010418709658896873,0.02073527012361396,fixed_beta,0,0,34941,0b327adf3cddd6e886835ef8afc8824294b7c0e2f6a00c6e02456b3c25d3da79,three_row_sha256,,944f93c6fa033d604d9e90219484c40564bfebf4e3306a041f5ec522a76c0b9b,0f2cf9a67445117338a1c28f1312c232b1cbb8285fc218b4057ed38b092a75be,0.36998093128204346,0.4502639640122652,0.29426300898194313,0.7623529527336359,0.42106700129806995,0.8634789846837521,1.8694710452109575,5.030877888202667,0.0,1013.0087728612125,129.21312637627125,271.4044190943241,False,False,False,ok
BNCI2014_001,ebsw_full_bscale,ebsw,full,bscale,normalized,1,1788,259,258,500,500,2,0.00019244583758297657,0.013872484910172964,,,,7.54411933935356e-05,2.793683898093503,122.7769233819667,,499.9381554064813,0.9998763108129627,,6.214546666264335,0.002138170626996458,0.01054020938776242,0.020896626085717233,fixed_beta,0,0,35199,8e5085ff55ba021ba967d478dda91c6baba1a8dcf4b336fd30abdfb33bb10f02,three_row_sha256,,944f93c6fa033d604d9e90219484c40564bfebf4e3306a041f5ec522a76c0b9b,0f2cf9a67445117338a1c28f1312c232b1cbb8285fc218b4057ed38b092a75be,0.285957008600235,0.6337480153888464,0.29689399525523186,0.80056581646204,0.2893789205700159,0.7456720340996981,0.38653495721518993,3.438750747591257,0.0,1016.4475236088037,129.21312637627125,271.4044190943241,False,False,False,ok
BNCI2014_001,ebsw_full_bscale,ebsw,full,bscale,normalized,1,1788,260,259,500,500,2,0.00019203072800250332,0.013857515217473273,,,,7.47604741346561e-05,2.793683898093503,122.7769233819667,,499.9545235766762,0.9999090471533524,,6.214562764169358,0.002081989052406698,0.010336055220273366,0.020600687807096105,fixed_beta,0,0,35458,f83ade58c57cbb11aa9a02c223f3382d95d80c39caab53982506643b411dc6de,three_row_sha256,,944f93c6fa033d604d9e90219484c40564bfebf4e3306a041f5ec522a76c0b9b,0f2cf9a67445117338a1c28f1312c232b1cbb8285fc218b4057ed38b092a75be,0.26490306481719017,0.3708719741553068,0.29618293046951294,0.934696989133954,0.26114797219634056,1.2284498661756516,0.39141904562711716,3.7476718425750732,0.0,1020.1951954513788,129.21312637627125,271.4044190943241,False,False,False,ok
BNCI2014_001,ebsw_full_bscale,ebsw,full,bscale,normalized,1,1788,261,260,500,500,2,0.00018929145393489237,0.013758323078591097,,,,7.436712917361122e-05,2.793683898093503,122.7769233819667,,499.95152646680873,0.9999030529336175,,6.214559785013435,0.0020819972323720083,0.010358847957387968,0.020637882162171092,fixed_beta,0,0,35718,150a33ccbf791e11234d18834dd11c188486cd2d97364c3ad59c487cb5875fc2,three_row_sha256,,944f93c6fa033d604d9e90219484c40564bfebf4e3306a041f5ec522a76c0b9b,0f2cf9a67445117338a1c28f1312c232b1cbb8285fc218b4057ed38b092a75be,0.5282440688461065,1.8407218158245087,0.3065860364586115,0.6189141422510147,0.5899148527532816,0.7614910136908293,0.3640551585704088,5.009927088394761,0.0,1025.2051225397736,129.21312637627125,271.4044190943241,False,False,False,ok
BNCI2014_001,ebsw_full_bscale,ebsw,full,bscale,normalized,1,1788,262,261,500,500,2,0.0001953541823126793,0.01397691605157158,,,,7.588324946053326e-05,2.793683898093503,122.7769233819667,,499.94186522212675,0.9998837304442535,,6.214550311335778,0.002131193666368249,0.010502000188911103,0.020864198297860466,fixed_beta,0,0,35979,f0cbb26e72ec160475f84451290e587408cb915ca4422e29797a3bda12e3b7c2,three_row_sha256,,944f93c6fa033d604d9e90219484c40564bfebf4e3306a041f5ec522a76c0b9b,0f2cf9a67445117338a1c28f1312c232b1cbb8285fc218b4057ed38b092a75be,0.21302606910467148,0.3054251428693533,0.21563097834587097,0.766869867220521,0.2544429153203964,1.0117460042238235,0.38958294317126274,3.1567239202558994,0.0,1028.3618464600295,129.21312637627125,271.4044190943241,False,False,False,ok
BNCI2014_001,ebsw_full_bscale,ebsw,full,bscale,normalized,1,1788,263,262,500,500,2,0.00019473580484844974,0.013954777133600155,,,,7.541811573648537e-05,2.7936838980935033,122.7769233819667,,499.9432721740362,0.9998865443480724,,6.214551568654418,0.0020807911836108668,0.010368191018184446,0.020673627245971986,fixed_beta,0,0,36241,29538d514cad2c8d1bf1bfdb90c4beab178a6aeebe268a6174a509256e08cbfe,three_row_sha256,,944f93c6fa033d604d9e90219484c40564bfebf4e3306a041f5ec522a76c0b9b,0f2cf9a67445117338a1c28f1312c232b1cbb8285fc218b4057ed38b092a75be,0.21076900884509087,0.3684540279209614,0.28940197080373764,0.7108498830348253,1.8241379875689745,0.8861429523676634,0.39418204687535763,4.683937877416611,0.0,1033.045784337446,129.21312637627125,271.4044190943241,False,False,False,ok
BNCI2014_001,ebsw_full_bscale,ebsw,full,bscale,normalized,1,1788,264,263,500,500,2,0.0001968099464103058,0.014028896835115219,,,,7.596307543175235e-05,2.793683898093503,122.7769233819667,,499.951452741037,0.999902905482074,,6.214559689728652,0.0020752347391854247,0.010340733848294818,0.020630645030708335,fixed_beta,0,0,36504,c8e5857e4f1c3b012bf4cedd5cd725da291bdfc308369ddc014f7c0415c743b8,three_row_sha256,,944f93c6fa033d604d9e90219484c40564bfebf4e3306a041f5ec522a76c0b9b,0f2cf9a67445117338a1c28f1312c232b1cbb8285fc218b4057ed38b092a75be,0.3985939547419548,0.34011201933026314,0.2942560240626335,0.7907189428806305,0.24072499945759773,0.7616409566253424,0.405352097004652,3.231398994103074,0.0,1036.2771833315492,129.21312637627125,271.4044190943241,False,False,False,ok
BNCI2014_001,ebsw_full_bscale,ebsw,full,bscale,normalized,1,1788,265,264,500,500,2,0.00018649752697854456,0.013656409739698958,,,,7.387101570010148e-05,2.7936838980935024,122.7769233819667,,499.94911691097417,0.9998982338219483,,6.21455740285915,0.002114308198964346,0.010407833975439588,0.02067446971820854,fixed_beta,0,0,36768,18850d78a083fba944fe107338c889e3785368bec51ddba25b0f2f8875d32772,three_row_sha256,,944f93c6fa033d604d9e90219484c40564bfebf4e3306a041f5ec522a76c0b9b,0f2cf9a67445117338a1c28f1312c232b1cbb8285fc218b4057ed38b092a75be,0.21086796186864376,0.3468079958111048,0.28940197080373764,0.615634024143219,0.2896019723266363,0.6992819253355265,0.3834259696304798,2.8350218199193478,0.0,1039.1122051514685,129.21312637627125,271.4044190943241,False,False,False,ok
BNCI2014_001,ebsw_full_bscale,ebsw,full,bscale,normalized,1,1788,266,265,500,500,2,0.00019012558678718107,0.013788603511131252,,,,7.458712180182557e-05,2.793683898093503,122.7769233819667,,499.94537343709266,0.9998907468741853,,6.2145536774318275,0.0020820662818163936,0.010382551151776474,0.020692248050116147,fixed_beta,0,0,37033,4ed251b2b75c2aa9b1d2a85cd9e2d724d0aec5f0cde8bfefe57ca235bade584d,three_row_sha256,,944f93c6fa033d604d9e90219484c40564bfebf4e3306a041f5ec522a76c0b9b,0f2cf9a67445117338a1c28f1312c232b1cbb8285fc218b4057ed38b092a75be,0.3158631734549999,0.3404109738767147,0.2177900169044733,0.8527298923581839,0.3065390046685934,0.9809681214392185,0.42656599543988705,3.4408671781420708,0.0,1042.5530723296106,129.21312637627125,271.4044190943241,False,False,False,ok
BNCI2014_001,ebsw_full_bscale,ebsw,full,bscale,normalized,1,1788,267,266,500,500,2,0.00019587462847433178,0.013995521729265107,,,,7.56494658879298e-05,2.793683898093503,122.7769233819667,,499.94737105998547,0.999894742119971,,6.214555633212526,0.0020735575972203536,0.010356714950910237,0.020662962346211355,fixed_beta,0,0,37299,82a530c0767f81212b78245797a7402fee010a2aa88f8522a092ee0c5e4dbed9,three_row_sha256,,944f93c6fa033d604d9e90219484c40564bfebf4e3306a041f5ec522a76c0b9b,0f2cf9a67445117338a1c28f1312c232b1cbb8285fc218b4057ed38b092a75be,0.21260511130094528,0.3416591789573431,0.2907749731093645,0.7662749849259853,0.2342879306524992,0.9963000193238258,0.36839605309069157,3.210298251360655,0.0,1045.7633705809712,129.21312637627125,271.4044190943241,False,False,False,ok
BNCI2014_001,ebsw_full_bscale,ebsw,full,bscale,normalized,1,1788,268,267,500,500,2,0.00019652823722198735,0.014018852921048403,,,,7.598082242038119e-05,2.793683898093503,122.7769233819667,,499.9414833926862,0.9998829667853725,,6.214549915779719,0.0021209984956140735,0.010485256470073253,0.02085120952539141,fixed_beta,0,0,37566,047979b7e7cb73f4307e8d980b6fead5c6596b5f9f01ad884a2b84e72cfd2f0d,three_row_sha256,,944f93c6fa033d604d9e90219484c40564bfebf4e3306a041f5ec522a76c0b9b,0f2cf9a67445117338a1c28f1312c232b1cbb8285fc218b4057ed38b092a75be,0.21034595556557178,0.3439439460635185,0.2932220231741667,0.6714249029755592,0.2849041484296322,0.7070200517773628,0.3752000629901886,2.886061090976,0.0,1048.6494316719472,129.21312637627125,271.4044190943241,False,False,False,ok
BNCI2014_001,ebsw_full_bscale,ebsw,full,bscale,normalized,1,1788,269,268,500,500,2,0.00019545294276281577,0.013980448589470073,,,,7.597956587781664e-05,2.793683898093503,122.7769233819667,,499.9458724999813,0.9998917449999626,,6.2145541518823375,0.0020911079849804575,0.010386498779022646,0.02067077261243712,fixed_beta,0,0,37834,7cac003c76371eb7bd201c82bb5af06cc90c508961d6a099a842d552d514de8d,three_row_sha256,,944f93c6fa033d604d9e90219484c40564bfebf4e3306a041f5ec522a76c0b9b,0f2cf9a67445117338a1c28f1312c232b1cbb8285fc218b4057ed38b092a75be,1.6500200144946575,0.3671799786388874,0.21011405624449253,0.8519559632986784,0.3284970298409462,0.9392779320478439,0.3645529504865408,4.711597925052047,0.0,1053.3610295969993,129.21312637627125,271.4044190943241,False,False,False,ok
BNCI2014_001,ebsw_full_bscale,ebsw,full,bscale,normalized,1,1788,270,269,500,500,2,0.00019497771151858178,0.013963441965310049,,,,7.542624019141207e-05,2.7936838980935024,122.7769233819667,,499.94633011765586,0.9998926602353118,,6.214554649307686,0.0021006337134684837,0.01039324982049754,0.020703399848083982,fixed_beta,0,0,38103,3502d251bf035d84d8dfb297b394f9ea16dd95f1ec055e981f21e6a6c8d0971c,three_row_sha256,,944f93c6fa033d604d9e90219484c40564bfebf4e3306a041f5ec522a76c0b9b,0f2cf9a67445117338a1c28f1312c232b1cbb8285fc218b4057ed38b092a75be,0.198691850528121,0.4777738358825445,0.3048381768167019,0.5796269979327917,0.4144210834056139,0.8558789268136024,0.3616421017795801,3.1928729731589556,0.0,1056.5539025701582,129.21312637627125,271.4044190943241,False,False,False,ok
BNCI2014_001,ebsw_full_bscale,ebsw,full,bscale,normalized,1,1788,271,270,500,500,2,0.00019079009082912383,0.013812678626143585,,,,7.483892691386981e-05,2.793683898093503,122.7769233819667,,499.9478218531842,0.9998956437063685,,6.214556150555942,0.002115312947905886,0.010424366790280703,0.020726699437325732,fixed_beta,0,0,38373,a14c090d41acbb09b4981910858b9edf01c72bc1a7301f2c98dc4bf8449f7af8,three_row_sha256,,944f93c6fa033d604d9e90219484c40564bfebf4e3306a041f5ec522a76c0b9b,0f2cf9a67445117338a1c28f1312c232b1cbb8285fc218b4057ed38b092a75be,0.2181620802730322,0.5009830929338932,0.2979380078613758,0.5893411580473185,1.725269015878439,1.122170127928257,0.42495178058743477,4.87881526350975,0.0,1061.432717833668,129.21312637627125,271.4044190943241,False,False,False,ok
BNCI2014_001,ebsw_full_bscale,ebsw,full,bscale,normalized,1,1788,272,271,500,500,2,0.00020186349147746527,0.014207867238873866,,,,7.680370067465782e-05,2.793683898093503,122.7769233819667,,499.94486547788716,0.9998897309557744,,6.214553148539087,0.0020977150285143155,0.01037395865779243,0.02065975700672792,fixed_beta,0,0,38644,c79d860e892537ec91a2ccd6a0efb8aa54a17ec7b46438a24e1d90a88c4002c0,three_row_sha256,,944f93c6fa033d604d9e90219484c40564bfebf4e3306a041f5ec522a76c0b9b,0f2cf9a67445117338a1c28f1312c232b1cbb8285fc218b4057ed38b092a75be,0.1974250189960003,0.33271987922489643,0.2999019343405962,0.5650040693581104,0.30890386551618576,0.8352780714631081,0.3865740727633238,2.925806911662221,0.0,1064.3585247453302,129.21312637627125,271.4044190943241,False,False,False,ok
BNCI2014_001,ebsw_full_bscale,ebsw,full,bscale,normalized,1,1788,273,272,500,500,2,0.00018982133793110287,0.013777566473477922,,,,7.453233698482406e-05,2.793683898093503,122.7769233819667,,499.947715443245,0.99989543088649,,6.214555985931536,0.0020910695987352095,0.010375002422838642,0.020649531133274238,fixed_beta,0,0,38916,b383cbe4312a8274527daf6bba561284d03a02f88374c1168aefffdd01e6c1ea,three_row_sha256,,944f93c6fa033d604d9e90219484c40564bfebf4e3306a041f5ec522a76c0b9b,0f2cf9a67445117338a1c28f1312c232b1cbb8285fc218b4057ed38b092a75be,0.21551386453211308,0.3672919701784849,0.2980839926749468,0.6740030366927385,0.29928586445748806,0.8395700715482235,0.41951495222747326,3.113263752311468,0.0,1067.4717884976417,129.21312637627125,271.4044190943241,False,False,False,ok
BNCI2014_001,ebsw_full_bscale,ebsw,full,bscale,normalized,1,1788,274,273,500,500,2,0.00019266389475195166,0.013880342025755405,,,,7.553609851593184e-05,2.793683898093503,122.7769233819667,,499.94798169938673,0.9998959633987735,,6.214556249183796,0.0020744240125907336,0.0103506846844712,0.020660867964564303,fixed_beta,0,0,39189,33d6e83f467e80c74df9d5845d87fd802b704b458902424ab8e5ce12acf5384d,three_row_sha256,,944f93c6fa033d604d9e90219484c40564bfebf4e3306a041f5ec522a76c0b9b,0f2cf9a67445117338a1c28f1312c232b1cbb8285fc218b4057ed38b092a75be,0.20254706032574177,0.3595920279622078,0.3292809706181288,0.6230080034583807,0.2542738802731037,0.8856919594109058,0.5033451598137617,3.1577390618622303,0.0,1070.629527559504,129.21312637627125,271.4044190943241,False,False,False,ok
BNCI2014_001,ebsw_full_bscale,ebsw,full,bscale,normalized,1,1788,275,274,500,500,2,0.00019332170163944792,0.013904017464008305,4.90068258947659,0.6998570241892416,30.014297581075848,7.509170084930646e-05,2.793683898093503,122.7769233819667,,499.94113750306076,0.9998822750061216,,6.214549489891159,0.0021039016843417465,0.01041531998481547,0.020737982164010883,fixed_beta,0,0,39463,660d0f54dab564d7efa424ba8cb80b72f545d7e9e01f4f68d953c74d1e602931,three_row_sha256,,944f93c6fa033d604d9e90219484c40564bfebf4e3306a041f5ec522a76c0b9b,0f2cf9a67445117338a1c28f1312c232b1cbb8285fc218b4057ed38b092a75be,0.343881081789732,0.4974959883838892,0.30176620930433273,0.5948708858340979,0.44389208778738976,1.099220011383295,0.37646107375621796,3.6575873382389545,9.410739876329899,1074.2871148977429,138.62386625260115,271.4044190943241,False,False,False,ok
BNCI2014_001,ebsw_full_bscale,ebsw,full,bscale,normalized,1,1788,276,275,500,500,2,0.00019356082537423335,0.013912613894384957,,,,7.531195492123705e-05,2.793683898093503,122.7769233819667,,499.9420504321465,0.999884100864293,,6.214550383913666,0.0020929418539663595,0.010427607125987743,0.020748980265021207,fixed_beta,0,0,39738,0fa011c49ddfb6b859d24b5440c8a67ee46d9768654e1eaa1085fd35758a97fa,three_row_sha256,,944f93c6fa033d604d9e90219484c40564bfebf4e3306a041f5ec522a76c0b9b,0f2cf9a67445117338a1c28f1312c232b1cbb8285fc218b4057ed38b092a75be,1.9306212197989225,0.1969051081687212,0.22417306900024414,1.0700069833546877,0.4471119027584791,1.901370007544756,0.17970195040106773,5.949890241026878,0.0,1080.2370051387697,138.62386625260115,271.4044190943241,False,False,False,ok
BNCI2014_001,ebsw_full_bscale,ebsw,full,bscale,normalized,1,1788,277,276,500,500,2,0.00019413867162146068,0.013933365409026661,,,,7.516966377276001e-05,2.7936838980935024,122.7769233819667,,499.9463864936173,0.9998927729872347,,6.214554644756344,0.0020784196435495736,0.01035670668046485,0.020647473706686487,fixed_beta,0,0,40014,cb7720f4ae7e87cd321224252b3761b80843901cac61cce02752d68d36f80f64,three_row_sha256,,944f93c6fa033d604d9e90219484c40564bfebf4e3306a041f5ec522a76c0b9b,0f2cf9a67445117338a1c28f1312c232b1cbb8285fc218b4057ed38b092a75be,0.2453348133713007,0.3462359309196472,0.32576313242316246,0.6011510267853737,0.3273910842835903,0.8849690202623606,0.5230570677667856,3.2539020758122206,0.0,1083.490907214582,138.62386625260115,271.4044190943241,False,False,False,ok
BNCI2014_001,ebsw_full_bscale,ebsw,full,bscale,normalized,1,1788,278,277,500,500,2,0.0001911744877860191,0.013826586266538068,,,,7.491146435902878e-05,2.793683898093503,122.7769233819667,,499.94889905338516,0.9998977981067704,,6.2145571985857,0.002090172468096214,0.010394738280879955,0.020686982424443022,fixed_beta,0,0,40291,cad443eb5d60a0d9554558cd7111459b770c3ea45d142f03501b11e2968bfca2,three_row_sha256,,944f93c6fa033d604d9e90219484c40564bfebf4e3306a041f5ec522a76c0b9b,0f2cf9a67445117338a1c28f1312c232b1cbb8285fc218b4057ed38b092a75be,0.20541087724268436,0.19705691374838352,0.21274900063872337,0.5800980143249035,0.24575483985245228,3.4744050353765488,1.9251438789069653,6.840618560090661,0.0,1090.3315257746726,138.62386625260115,271.4044190943241,False,False,False,ok
BNCI2014_001,ebsw_full_bscale,ebsw,full,bscale,normalized,1,1788,279,278,500,500,2,0.00018993412806859046,0.013781659118864842,,,,7.457124784336982e-05,2.793683898093503,122.7769233819667,,499.9378855806817,0.9998757711613635,,6.214546378484464,0.0021171127988724022,0.01051778739815765,0.020907425119237263,fixed_beta,0,0,40569,4ebd44e4ca80d63f766ad02a24c1e02816593e24f862f065104e54939d71588e,three_row_sha256,,944f93c6fa033d604d9e90219484c40564bfebf4e3306a041f5ec522a76c0b9b,0f2cf9a67445117338a1c28f1312c232b1cbb8285fc218b4057ed38b092a75be,0.23522484116256237,0.3279170487076044,0.5789380520582199,0.6125709041953087,0.32831192947924137,0.9321318939328194,0.25465991348028183,3.269754583016038,0.0,1093.6012803576887,138.62386625260115,271.4044190943241,False,False,False,ok
BNCI2014_001,ebsw_full_bscale,ebsw,full,bscale,normalized,1,1788,280,279,500,500,2,0.0001917265289280909,0.013846534906903275,,,,7.50384421337118e-05,2.793683898093503,122.7769233819667,,499.94945954568357,0.9998989190913672,,6.214557720196767,0.002077271972899451,0.010344066893149526,0.020620814375652698,fixed_beta,0,0,40848,301700a0a8feab551c9b4e36480bfb7b7b56a7e56cbee46832b82074776bd450,three_row_sha256,,944f93c6fa033d604d9e90219484c40564bfebf4e3306a041f5ec522a76c0b9b,0f2cf9a67445117338a1c28f1312c232b1cbb8285fc218b4057ed38b092a75be,0.2035710494965315,0.19618100486695766,0.21130195818841457,0.62754494138062,0.25547086261212826,0.6891840603202581,0.5290280096232891,2.7122818864881992,0.0,1096.3135622441769,138.62386625260115,271.4044190943241,False,False,False,ok
BNCI2014_001,ebsw_full_bscale,ebsw,full,bscale,normalized,1,1788,281,280,500,500,2,0.00019368587004965903,0.013917107100603164,,,,7.50152088594678e-05,2.793683898093503,122.7769233819667,,499.942594316379,0.999885188632758,,6.214550929168659,0.002087628135303782,0.010405823957732211,0.020734832321717026,fixed_beta,0,0,41128,cd92392c977fba8bc24bed5879b5f0711f26bc268150485c2988ee5c25668382,three_row_sha256,,944f93c6fa033d604d9e90219484c40564bfebf4e3306a041f5ec522a76c0b9b,0f2cf9a67445117338a1c28f1312c232b1cbb8285fc218b4057ed38b092a75be,0.2202570904046297,0.3779411781579256,0.41300500743091106,4.019054118543863,0.44468510895967484,0.6729059386998415,0.16584410332143307,6.313692545518279,0.0,1102.6272547896951,138.62386625260115,271.4044190943241,False,False,False,ok
BNCI2014_001,ebsw_full_bscale,ebsw,full,bscale,normalized,1,1788,282,281,500,500,2,0.00019411137368917895,0.013932385785972874,,,,7.55699294160197e-05,2.793683898093503,122.7769233819667,,499.9491302367794,0.9998982604735588,,6.214557374899303,0.002092008524437783,0.010353230603640769,0.020623309531547736,fixed_beta,0,0,41409,48bf1a33e42e12fcc1a8416f9a4ddb03bfba946426a4f714b9673c0dddcba100,three_row_sha256,,944f93c6fa033d604d9e90219484c40564bfebf4e3306a041f5ec522a76c0b9b,0f2cf9a67445117338a1c28f1312c232b1cbb8285fc218b4057ed38b092a75be,0.21110894158482552,0.19410601817071438,0.21190010011196136,0.5802749656140804,0.24170591495931149,0.7624069694429636,0.3610348794609308,2.5625377893447876,0.0,1105.18979257904,138.62386625260115,271.4044190943241,False,False,False,ok
BNCI2014_001,ebsw_full_bscale,ebsw,full,bscale,normalized,1,1788,283,282,500,500,2,0.00019410245123627093,0.013932065576800554,,,,7.548708565656683e-05,2.793683898093503,122.7769233819667,,499.94197951990753,0.9998839590398151,,6.214550330251978,0.002112926880298384,0.010422310498078192,0.020742516116890496,fixed_beta,0,0,41691,426b71cc91a65539bfa59a5d3c6528291b6363c6736b5ecefda8fc6e81327c15,three_row_sha256,,944f93c6fa033d604d9e90219484c40564bfebf4e3306a041f5ec522a76c0b9b,0f2cf9a67445117338a1c28f1312c232b1cbb8285fc218b4057ed38b092a75be,0.20451494492590427,0.3043429460376501,0.21310686133801937,0.5756490863859653,0.4312549717724323,0.689198961481452,0.5258629098534584,2.943930681794882,0.0,1108.1337232608348,138.62386625260115,271.4044190943241,False,False,False,ok
BNCI2014_001,ebsw_full_bscale,ebsw,full,bscale,normalized,1,1788,284,283,500,500,2,0.0001889229232263201,0.013744923543851385,,,,7.425143268070923e-05,2.793683898093503,122.7769233819667,,499.9513615197848,0.9999027230395696,,6.2145596089608235,0.0020809692142636695,0.010366582176845386,0.020641268592475136,fixed_beta,0,0,41974,ec5be754d230f79e018303a58571aaaadd670f031d08860a0b23a3ce422be374,three_row_sha256,,944f93c6fa033d604d9e90219484c40564bfebf4e3306a041f5ec522a76c0b9b,0f2cf9a67445117338a1c28f1312c232b1cbb8285fc218b4057ed38b092a75be,0.22070901468396187,0.38936897180974483,0.3224150277674198,2.050437033176422,0.27846009470522404,0.6774540524929762,0.16937404870986938,4.108218243345618,0.0,1112.2419415041804,138.62386625260115,271.4044190943241,False,False,False,ok
BNCI2014_001,ebsw_full_bscale,ebsw,full,bscale,normalized,1,1788,285,284,500,500,2,0.00019008201069220377,0.013787023271620447,,,,7.417766598698938e-05,2.793683898093503,122.7769233819667,,499.94861249417875,0.9998972249883575,,6.214556931524907,0.0020945747317465398,0.010422875448848356,0.02073265563620974,fixed_beta,0,0,42258,4087b76d11ed781fe846ecee342852556a5963020e3a1ef15559c28bf2c6f17d,three_row_sha256,,944f93c6fa033d604d9e90219484c40564bfebf4e3306a041f5ec522a76c0b9b,0f2cf9a67445117338a1c28f1312c232b1cbb8285fc218b4057ed38b092a75be,0.2029829192906618,0.19808905199170113,0.21254993043839931,0.5791459698230028,0.3551130648702383,0.7582169491797686,0.35584019497036934,2.6619380805641413,0.0,1114.9038795847446,138.62386625260115,271.4044190943241,False,False,False,ok
BNCI2014_001,ebsw_full_bscale,ebsw,full,bscale,normalized,1,1788,286,285,500,500,2,0.0001909733918058498,0.013819312276877233,,,,7.495507668293976e-05,2.793683898093503,122.7769233819667,,499.94116888492704,0.9998823377698541,,6.21454953193585,0.0020956692738491557,0.010434450628784774,0.020776393494336028,fixed_beta,0,0,42543,ca5360e0a16ea13cea8c50028a8862a07959b9d369c4983312024d65cc85d4cf,three_row_sha256,,944f93c6fa033d604d9e90219484c40564bfebf4e3306a041f5ec522a76c0b9b,0f2cf9a67445117338a1c28f1312c232b1cbb8285fc218b4057ed38b092a75be,0.20767305977642536,0.492854043841362,0.297358026728034,0.5811729934066534,0.45365793630480766,0.6429359782487154,0.16899406909942627,2.844646107405424,0.0,1117.74852569215,138.62386625260115,271.4044190943241,False,False,False,ok
BNCI2014_001,ebsw_full_bscale,ebsw,full,bscale,normalized,1,1788,287,286,500,500,2,0.00019717609869408133,0.014041940702555374,,,,7.621243958270602e-05,2.793683898093503,122.7769233819667,,499.9364043898912,0.9998728087797825,,6.214544870035049,0.0021214602723891585,0.010498387518206077,0.02083945651565146,fixed_beta,0,0,42829,95b32cdcb0007410be3684e57788696aef5098825b8182e9102c2c13dd0de51c,three_row_sha256,,944f93c6fa033d604d9e90219484c40564bfebf4e3306a041f5ec522a76c0b9b,0f2cf9a67445117338a1c28f1312c232b1cbb8285fc218b4057ed38b092a75be,0.27065002359449863,0.34017395228147507,0.28801802545785904,0.6669361609965563,0.28025684878230095,0.7016488816589117,0.48845307901501656,3.0361369717866182,0.0,1120.7846626639366,138.62386625260115,271.4044190943241,False,False,False,ok
BNCI2014_001,ebsw_full_bscale,ebsw,full,bscale,normalized,1,1788,288,287,500,500,2,0.00019055505753847054,0.013804168121928627,,,,7.494944026415738e-05,2.793683898093503,122.7769233819667,,499.9473517504833,0.9998947035009665,,6.2145556633256,0.0021013508183455936,0.01038292960010987,0.020695915501084322,fixed_beta,0,0,43116,968a70a418e894c8504d3262e53bbc35b7637be8d8979e3446dae20d1dfd1f6d,three_row_sha256,,944f93c6fa033d604d9e90219484c40564bfebf4e3306a041f5ec522a76c0b9b,0f2cf9a67445117338a1c28f1312c232b1cbb8285fc218b4057ed38b092a75be,1.7177299596369267,0.3379629924893379,0.2112679649144411,1.1100608389824629,0.4057639744132757,0.7621441036462784,0.4145100247114897,4.959439858794212,0.0,1125.7441025227308,138.62386625260115,271.4044190943241,False,False,False,ok
BNCI2014_001,ebsw_full_bscale,ebsw,full,bscale,normalized,1,1788,289,288,500,500,2,0.0001922143758329329,0.013864139924024603,,,,7.484756551965739e-05,2.7936838980935024,122.7769233819667,,499.94784757710886,0.9998956951542177,,6.214556192072399,0.0021327425525118644,0.01043436854441773,0.020698183525830693,fixed_beta,0,0,43404,d6e3aef265efa4ea7f044bb9a9b86f089e4f37d302f282b9181a14c74d7b5ded,three_row_sha256,,944f93c6fa033d604d9e90219484c40564bfebf4e3306a041f5ec522a76c0b9b,0f2cf9a67445117338a1c28f1312c232b1cbb8285fc218b4057ed38b092a75be,0.26535196229815483,0.3296539653092623,0.286696944385767,0.5841730162501335,0.36069401539862156,0.6049969233572483,0.1680899877101183,2.5996568147093058,0.0,1128.3437593374401,138.62386625260115,271.4044190943241,False,False,False,ok
BNCI2014_001,ebsw_full_bscale,ebsw,full,bscale,normalized,1,1788,290,289,500,500,2,0.00019223666389041433,0.013864943703110168,,,,7.507818092707847e-05,2.793683898093503,122.7769233819667,,499.94598849323216,0.9998919769864644,,6.214554261853722,0.0020883529912358737,0.010365872620621622,0.02066307551137704,fixed_beta,0,0,43693,92984e3d0d2cdcdd8e4ada51eba1e3479e310114d7ba56b2bcae5cea793150fb,three_row_sha256,,944f93c6fa033d604d9e90219484c40564bfebf4e3306a041f5ec522a76c0b9b,0f2cf9a67445117338a1c28f1312c232b1cbb8285fc218b4057ed38b092a75be,0.21564913913607597,0.3673788160085678,0.32236892729997635,0.6770049221813679,0.2939649857580662,0.7165481802076101,0.37009897641837597,2.9630139470100403,0.0,1131.3067732844502,138.62386625260115,271.4044190943241,False,False,False,ok
BNCI2014_001,ebsw_full_bscale,ebsw,full,bscale,normalized,1,1788,291,290,500,500,2,0.00018995592746592183,0.013782449980534007,,,,7.459620586179638e-05,2.793683898093503,122.7769233819667,,499.9459349311504,0.9998918698623008,,6.214554235009956,0.002093046150838826,0.01036444767918229,0.020673271193211225,fixed_beta,0,0,43983,0af3f2c4962d2e8a5254db0b77feb12d33bb49b3f4bb13588d53a6fa7edc2e12,three_row_sha256,,944f93c6fa033d604d9e90219484c40564bfebf4e3306a041f5ec522a76c0b9b,0f2cf9a67445117338a1c28f1312c232b1cbb8285fc218b4057ed38b092a75be,0.23171398788690567,0.19216188229620457,0.20983396098017693,0.5868948064744473,0.2714309375733137,0.674655893817544,0.360261881724,2.526953350752592,0.0,1133.8337266352028,138.62386625260115,271.4044190943241,False,False,False,ok
BNCI2014_001,ebsw_full_bscale,ebsw,full,bscale,normalized,1,1788,292,291,500,500,2,0.00019146926798080746,0.01383724206555654,,,,7.470035313213096e-05,2.7936838980935033,122.7769233819667,,499.94986862968926,0.9998997372593785,,6.214558170411071,0.0020991324991770127,0.010421413734490894,0.020721811302894112,fixed_beta,0,0,44274,d246fb95a410d2d4876ecf4b217442fab3d1fd28bfb2b4dcd6d61928899605cb,three_row_sha256,,944f93c6fa033d604d9e90219484c40564bfebf4e3306a041f5ec522a76c0b9b,0f2cf9a67445117338a1c28f1312c232b1cbb8285fc218b4057ed38b092a75be,0.20150910131633282,0.3712419420480728,0.2836131025105715,0.555266859009862,0.30040787532925606,0.796114094555378,0.3952828701585531,2.903435844928026,0.0,1136.7371624801308,138.62386625260115,271.4044190943241,False,False,False,ok
BNCI2014_001,ebsw_full_bscale,ebsw,full,bscale,normalized,1,1788,293,292,500,500,2,0.0001958805866621678,0.0139957345881582,,,,7.55257871978826e-05,2.793683898093503,122.7769233819667,,499.94762915486274,0.9998952583097255,,6.214555892485295,0.0020894708497063547,0.01036015005037473,0.020646007768955803,fixed_beta,0,0,44566,367c2f2bb159df317216da43e206d497f06efbc1285fb2fccdfa47846fe475e9,three_row_sha256,,944f93c6fa033d604d9e90219484c40564bfebf4e3306a041f5ec522a76c0b9b,0f2cf9a67445117338a1c28f1312c232b1cbb8285fc218b4057ed38b092a75be,0.2079589758068323,0.3635268658399582,0.43256906792521477,0.5892200861126184,0.42101298458874226,1.0353990364819765,0.37136999890208244,3.421057015657425,0.0,1140.1582194957882,138.62386625260115,271.4044190943241,False,False,False,ok
BNCI2014_001,ebsw_full_bscale,ebsw,full,bscale,normalized,1,1788,294,293,500,500,2,0.00019169188684759774,0.013845283920801255,,,,7.522060316187486e-05,2.793683898093503,122.7769233819667,,499.94922504582445,0.9998984500916489,,6.214557537685903,0.002107323972711123,0.010391766058762814,0.020689121332039918,fixed_beta,0,0,44859,4f8a7dcf89982995ac0f112b815cb9ed5d23ac4a6079f1fcb07bfd677f03216a,three_row_sha256,,944f93c6fa033d604d9e90219484c40564bfebf4e3306a041f5ec522a76c0b9b,0f2cf9a67445117338a1c28f1312c232b1cbb8285fc218b4057ed38b092a75be,0.6698961369693279,0.3836199175566435,0.29749795794487,0.5740509368479252,0.2973449882119894,1.1015741620212793,0.3659520298242569,3.6899361293762922,0.0,1143.8481556251645,138.62386625260115,271.4044190943241,False,False,False,ok
BNCI2014_001,ebsw_full_bscale,ebsw,full,bscale,normalized,1,1788,295,294,500,500,2,0.0001939151747201544,0.01392534289416797,,,,7.527612599121785e-05,2.793683898093503,122.7769233819667,,499.943550242098,0.999887100484196,,6.214551941374344,0.0021332612417650984,0.010463207165931175,0.020755816845134854,fixed_beta,0,0,45153,0e5ca561091255e9c9e8e0dae4339fe909c4ca1320939e13fbb95abed722a296,three_row_sha256,,944f93c6fa033d604d9e90219484c40564bfebf4e3306a041f5ec522a76c0b9b,0f2cf9a67445117338a1c28f1312c232b1cbb8285fc218b4057ed38b092a75be,0.3311720211058855,0.32834894955158234,0.3103911876678467,0.560112064704299,0.26428699493408203,0.9838580153882504,0.3552171401679516,3.1333863735198975,0.0,1146.9815419986844,138.62386625260115,271.4044190943241,False,False,False,ok
BNCI2014_001,ebsw_full_bscale,ebsw,full,bscale,normalized,1,1788,296,295,500,500,2,0.00019095077816762296,0.01381849406294416,,,,7.505160085526663e-05,2.793683898093503,122.7769233819667,,499.9494168890647,0.9998988337781294,,6.214557726537867,0.002097428738048078,0.010401239554271654,0.020728204040081872,fixed_beta,0,0,45448,244a61e0aa32bcb2ee2e13f703cbc4fa02289f3ca1bae280eb14336c37d75cd6,three_row_sha256,,944f93c6fa033d604d9e90219484c40564bfebf4e3306a041f5ec522a76c0b9b,0f2cf9a67445117338a1c28f1312c232b1cbb8285fc218b4057ed38b092a75be,0.38878805935382843,0.3414400853216648,0.29950193129479885,0.6643680389970541,0.28930092230439186,0.7118238136172295,0.5009109154343605,3.196133766323328,0.0,1150.1776757650077,138.62386625260115,271.4044190943241,False,False,False,ok
BNCI2014_001,ebsw_full_bscale,ebsw,full,bscale,normalized,1,1788,297,296,500,500,2,0.0001886195196247956,0.013733882176019846,,,,7.44493693029604e-05,2.793683898093503,122.7769233819667,,499.9483076751768,0.9998966153503537,,6.214556610682578,0.0021039828333391927,0.010409033174390805,0.02069866019736698,fixed_beta,0,0,45744,43d40c503ad9bf046421047b517292fdfc11d3c45557eb06967960954b85f445,three_row_sha256,,944f93c6fa033d604d9e90219484c40564bfebf4e3306a041f5ec522a76c0b9b,0f2cf9a67445117338a1c28f1312c232b1cbb8285fc218b4057ed38b092a75be,0.21727709099650383,0.1949488651007414,0.29296381399035454,0.6671850569546223,0.2328918781131506,1.121866051107645,0.41105085983872414,3.138183616101742,0.0,1153.3158593811095,138.62386625260115,271.4044190943241,False,False,False,ok
BNCI2014_001,ebsw_full_bscale,ebsw,full,bscale,normalized,1,1788,298,297,500,500,2,0.00018623724328379587,0.013646876686033177,,,,7.370527470998826e-05,2.793683898093503,122.7769233819667,,499.9461347529021,0.9998922695058042,,6.21455442794363,0.0020813622238089117,0.010352824427327495,0.020652320358854392,fixed_beta,0,0,46041,09742733b62a99a4ffccb50ba7e4f91aa2fda1fe1623568a549e50d03ff9272e,three_row_sha256,,944f93c6fa033d604d9e90219484c40564bfebf4e3306a041f5ec522a76c0b9b,0f2cf9a67445117338a1c28f1312c232b1cbb8285fc218b4057ed38b092a75be,0.20664185285568237,0.34988299012184143,0.2942481078207493,0.5360019858926535,0.37313299253582954,0.8256169967353344,0.38086390122771263,2.966388827189803,0.0,1156.2822482082993,138.62386625260115,271.4044190943241,False,False,False,ok
BNCI2014_001,ebsw_full_bscale,ebsw,full,bscale,normalized,1,1788,299,298,500,500,2,0.0001943596325383014,0.013941292355384468,,,,7.561573875847436e-05,2.793683898093503,122.7769233819667,,499.93918988118793,0.9998783797623759,,6.214547587402172,0.0021222055013663072,0.010433389807068115,0.020761060604304667,fixed_beta,0,0,46339,994a79dcc4fc6f186c00cde739339fd6c6647fc2055d723a1351db11f98bf0d8,three_row_sha256,,944f93c6fa033d604d9e90219484c40564bfebf4e3306a041f5ec522a76c0b9b,0f2cf9a67445117338a1c28f1312c232b1cbb8285fc218b4057ed38b092a75be,0.19387202337384224,0.3437031991779804,0.2949940972030163,0.6682490929961205,0.2781189978122711,0.6991378031671047,0.48887799493968487,2.96695320867002,0.0,1159.2492014169693,138.62386625260115,271.4044190943241,False,False,False,ok
BNCI2014_001,ebsw_full_bscale,ebsw,full,bscale,normalized,1,1788,300,299,500,500,2,0.00019696807320307446,0.014034531456485267,4.861727744434845,0.6942939579365502,30.570604206344974,7.616533451771839e-05,2.793683898093503,122.7769233819667,,499.93954429565747,0.9998790885913149,,6.214547921402753,0.0021066579148824567,0.010451131124262537,0.02080072523787342,fixed_beta,0,0,46638,0f5cb462dd3d6232b0cf724801eef9336929092ebdfbd55f86a4ad0f8e93a73e,three_row_sha256,,944f93c6fa033d604d9e90219484c40564bfebf4e3306a041f5ec522a76c0b9b,0f2cf9a67445117338a1c28f1312c232b1cbb8285fc218b4057ed38b092a75be,0.20925095304846764,0.3508259542286396,0.2873241901397705,0.5555751267820597,1.7851218581199646,1.4492999762296677,0.4108510911464691,5.048249149695039,8.978912839666009,1164.2974505666643,147.60277909226716,271.4044190943241,False,False,False,ok
BNCI2014_001,ebsw_full_bscale,ebsw,full,bscale,normalized,1,1788,301,300,500,500,2,0.0001908424041728774,0.013814572167565573,,,,7.495029134477458e-05,2.793683898093503,122.7769233819667,,499.9440474343638,0.9998880948687277,,6.21455238373676,0.0021197414661028374,0.010431580851061979,0.020735441696665052,fixed_beta,0,0,46938,4f466c72e19b902d2fe8eb21bd838b6a22278efdfefbeb662b9545d45653c740,three_row_sha256,,944f93c6fa033d604d9e90219484c40564bfebf4e3306a041f5ec522a76c0b9b,0f2cf9a67445117338a1c28f1312c232b1cbb8285fc218b4057ed38b092a75be,0.2837881911545992,0.34644012339413166,0.2977421972900629,0.5794649478048086,0.37188315764069557,1.0222450364381075,0.5081011913716793,3.4096648450940847,0.0,1167.7071154117584,147.60277909226716,313.7106669601053,False,False,False,ok
BNCI2014_001,ebsw_full_bscale,ebsw,full,bscale,normalized,1,1788,302,301,500,500,2,0.0001947973679416886,0.013956982766403654,,,,7.551592447099583e-05,2.793683898093503,122.7769233819667,,499.95169553937654,0.9999033910787531,,6.214559968458268,0.002108843575202265,0.010395766289670365,0.020673681578308005,fixed_beta,0,0,47239,758b07e64c2e979dbb759dfe594358f6ff5e580e2a491baf984e6385c4ccc8fe,three_row_sha256,,944f93c6fa033d604d9e90219484c40564bfebf4e3306a041f5ec522a76c0b9b,0f2cf9a67445117338a1c28f1312c232b1cbb8285fc218b4057ed38b092a75be,0.22476003505289555,0.49890996888279915,0.299474922940135,0.6260201334953308,0.49914512783288956,0.8548430632799864,0.5807140842080116,3.583867335692048,0.0,1171.2909827474505,147.60277909226716,313.7106669601053,False,False,False,ok
BNCI2014_001,ebsw_full_bscale,ebsw,full,bscale,normalized,1,1788,303,302,500,500,2,0.00018522337585673114,0.013609679491330101,,,,7.366597470332015e-05,2.793683898093503,122.7769233819667,,499.94628690502816,0.9998925738100564,,6.214554650782639,0.002111574280475317,0.010435787040269904,0.020743248576088908,fixed_beta,0,0,47541,a39c99199d7ed780ee25d36151f04237811d934edae94f610fdd98fe87921419,three_row_sha256,,944f93c6fa033d604d9e90219484c40564bfebf4e3306a041f5ec522a76c0b9b,0f2cf9a67445117338a1c28f1312c232b1cbb8285fc218b4057ed38b092a75be,0.1991379540413618,0.3881629090756178,0.29181595891714096,0.5540999118238688,0.32003503292798996,0.7000158075243235,0.34468318335711956,2.7979507576674223,0.0,1174.088933505118,147.60277909226716,313.7106669601053,False,False,False,ok
BNCI2014_001,ebsw_full_bscale,ebsw,full,bscale,normalized,1,1788,304,303,500,500,2,0.00019505210295023937,0.013966105504049415,,,,7.524273812202201e-05,2.793683898093503,122.7769233819667,,499.95206952240636,0.9999041390448128,,6.214560314261828,0.002078588629491963,0.010352270642501675,0.020626602487740234,fixed_beta,0,0,47844,d8d04cb9e35e06bb88656ed53141c19daff5d7f2b34dd371614e7d2f76f63823,three_row_sha256,,944f93c6fa033d604d9e90219484c40564bfebf4e3306a041f5ec522a76c0b9b,0f2cf9a67445117338a1c28f1312c232b1cbb8285fc218b4057ed38b092a75be,0.23975083604454994,0.39296806789934635,0.30192406848073006,0.7391041144728661,0.5010790191590786,1.016093883663416,0.5855278577655554,3.7764478474855423,0.0,1177.8653813526034,147.60277909226716,313.7106669601053,False,False,False,ok
BNCI2014_001,ebsw_full_bscale,ebsw,full,bscale,normalized,1,1788,305,304,500,500,2,0.00019487602912014723,0.013959800468493353,,,,7.559831644291952e-05,2.793683898093503,122.7769233819667,,499.9468015487441,0.9998936030974882,,6.214555119937934,0.0021034429146159733,0.010410123647236848,0.020710605965817527,fixed_beta,0,0,48148,b7a3ad83e4ed88d1dade2fb5ca0728337ee0a0e651a73232b1c702ebcadb40e8,three_row_sha256,,944f93c6fa033d604d9e90219484c40564bfebf4e3306a041f5ec522a76c0b9b,0f2cf9a67445117338a1c28f1312c232b1cbb8285fc218b4057ed38b092a75be,0.2465739380568266,0.3951038233935833,0.2860028762370348,0.5448961164802313,0.32187020406126976,0.809564022347331,0.3910020459443331,2.99501302652061,0.0,1180.860394379124,147.60277909226716,313.7106669601053,False,False,False,ok
BNCI2014_001,ebsw_full_bscale,ebsw,full,bscale,normalized,1,1788,306,305,500,500,2,0.0001934262362214296,0.01390777610624465,,,,7.556274413972116e-05,2.793683898093503,122.7769233819667,,499.9490956795451,0.9998981913590902,,6.2145573997024925,0.0021063721897287145,0.010401812564690447,0.020704705411714725,fixed_beta,0,0,48453,8c2a8153960442ade7e819ce134178883357724f72826a9e23da0781b0a18a6e,three_row_sha256,,944f93c6fa033d604d9e90219484c40564bfebf4e3306a041f5ec522a76c0b9b,0f2cf9a67445117338a1c28f1312c232b1cbb8285fc218b4057ed38b092a75be,0.21636509336531162,0.48102904111146927,0.2943449653685093,0.6056828424334526,0.46511413529515266,1.5633960720151663,0.3278621006757021,3.953794250264764,0.0,1184.8141886293888,147.60277909226716,313.7106669601053,False,False,False,ok
BNCI2014_001,ebsw_full_bscale,ebsw,full,bscale,normalized,1,1788,307,306,500,500,2,0.0001917414822195072,0.013847074861482738,,,,7.489048821256022e-05,2.793683898093503,122.7769233819667,,499.95170438866217,0.9999034087773243,,6.214559970339391,0.00210148740177486,0.010380582526566609,0.020653030355873857,fixed_beta,0,0,48759,ea74ac60a5adcc0fab8b047d2dd61f0306d33c210d6ff35672481d14b74c2d18,three_row_sha256,,944f93c6fa033d604d9e90219484c40564bfebf4e3306a041f5ec522a76c0b9b,0f2cf9a67445117338a1c28f1312c232b1cbb8285fc218b4057ed38b092a75be,0.4071439616382122,0.3781409468501806,0.28893514536321163,0.8140369318425655,0.4438292235136032,0.7017841562628746,0.402253121137619,3.436123486608267,0.0,1188.250312115997,147.60277909226716,313.7106669601053,False,False,False,ok
BNCI2014_001,ebsw_full_bscale,ebsw,full,bscale,normalized,1,1788,308,307,500,500,2,0.00019536830862622773,0.013977421386873464,,,,7.53798205551674e-05,2.793683898093503,122.7769233819667,,499.9483742253781,0.9998967484507562,,6.214556646041181,0.0021029258112307044,0.010378349528501946,0.020652798877615952,fixed_beta,0,0,49066,49a6a2d61c5267486727e4808dbf66430ee796e187ec779c8af044a537258a6c,three_row_sha256,,944f93c6fa033d604d9e90219484c40564bfebf4e3306a041f5ec522a76c0b9b,0f2cf9a67445117338a1c28f1312c232b1cbb8285fc218b4057ed38b092a75be,0.21004211157560349,0.5036771763116121,0.29018684290349483,0.5866298452019691,0.4500150680541992,0.6245009135454893,0.41473214514553547,3.0797841027379036,0.0,1191.330096218735,147.60277909226716,313.7106669601053,False,False,False,ok
BNCI2014_001,ebsw_full_bscale,ebsw,full,bscale,normalized,1,1788,309,308,500,500,2,0.0001973726775016118,0.01404893866103813,,,,7.64789670472109e-05,2.793683898093503,122.7769233819667,,499.9423675027809,0.9998847350055617,,6.2145506905686,0.002111351421347597,0.01041546175214739,0.020695222093928534,fixed_beta,0,0,49374,e58be9562eed1f4a5018cdacce7077f33c9725d63e6c3fba2521f4dce3561528,three_row_sha256,,944f93c6fa033d604d9e90219484c40564bfebf4e3306a041f5ec522a76c0b9b,0f2cf9a67445117338a1c28f1312c232b1cbb8285fc218b4057ed38b092a75be,0.29092910699546337,0.3277349751442671,0.5806849803775549,0.6153490394353867,0.32584182918071747,0.5963041912764311,0.363379018381238,3.1002231407910585,0.0,1194.430319359526,147.60277909226716,313.7106669601053,False,False,False,ok
BNCI2014_001,ebsw_full_bscale,ebsw,full,bscale,normalized,1,1788,310,309,500,500,2,0.00018992009386548228,0.013781149947137295,,,,7.436901414103805e-05,2.793683898093503,122.7769233819667,,499.9478954792421,0.9998957909584842,,6.214556206915082,0.0021039664714476367,0.010411288827811439,0.020726498876558617,fixed_beta,0,0,49683,d2d51aaeeb2433bb773f887e986ad7ec788471f328753346a47aea21f46cac8a,three_row_sha256,,944f93c6fa033d604d9e90219484c40564bfebf4e3306a041f5ec522a76c0b9b,0f2cf9a67445117338a1c28f1312c232b1cbb8285fc218b4057ed38b092a75be,0.21219300106167793,0.3780380357056856,0.32793497666716576,0.7138249929994345,0.3396579995751381,0.63756899908185,0.5087079480290413,3.117925953119993,0.0,1197.548245312646,147.60277909226716,313.7106669601053,False,False,False,ok
BNCI2014_001,ebsw_full_bscale,ebsw,full,bscale,normalized,1,1788,311,310,500,500,2,0.00019744083713214348,0.014051364244518874,,,,7.625338856483744e-05,2.793683898093503,122.7769233819667,,499.9342250814933,0.9998684501629866,,6.2145426914334125,0.0021360767593302903,0.010516229776013141,0.02085796429568037,fixed_beta,0,0,49993,563f9f57b93d1e70713b28494a2de8b5fe3b4082421aff54bc14343134c78c7c,three_row_sha256,,944f93c6fa033d604d9e90219484c40564bfebf4e3306a041f5ec522a76c0b9b,0f2cf9a67445117338a1c28f1312c232b1cbb8285fc218b4057ed38b092a75be,0.2743820659816265,0.34172902815043926,0.32813497819006443,0.8605238981544971,0.4071551375091076,2.220755908638239,0.4111030139029026,4.8437840305268764,0.0,1202.392029343173,147.60277909226716,313.7106669601053,False,False,False,ok
BNCI2014_001,ebsw_full_bscale,ebsw,full,bscale,normalized,1,1788,312,311,500,500,2,0.00019073314271592169,0.013810617028790629,,,,7.45376326255958e-05,2.793683898093503,122.7769233819667,,499.94729732951765,0.9998945946590353,,6.214555654047032,0.0021332970929799017,0.010441623566123158,0.020710288226605145,fixed_beta,0,0,50304,74394911f6d0d32a98e792d87b90ad430e44c26e052279ca1b5afa97d9c8405b,three_row_sha256,,944f93c6fa033d604d9e90219484c40564bfebf4e3306a041f5ec522a76c0b9b,0f2cf9a67445117338a1c28f1312c232b1cbb8285fc218b4057ed38b092a75be,0.22413302212953568,0.38804300129413605,0.2919877879321575,0.7148580625653267,0.3112531267106533,1.8077529966831207,0.16465107910335064,3.9026790764182806,0.0,1206.2947084195912,147.60277909226716,313.7106669601053,False,False,False,ok
BNCI2014_001,ebsw_full_bscale,ebsw,full,bscale,normalized,1,1788,313,312,500,500,2,0.00018931686319437145,0.013759246461720621,,,,7.420225093899855e-05,2.793683898093503,122.7769233819667,,499.9546296827464,0.9999092593654928,,6.214562849927488,0.0020747061181752044,0.01033301312570787,0.020615070414524227,fixed_beta,0,0,50616,6fdf5ce1789b1ecb6a0bb7a5b289c3eee1c2a3dae4a82c0ea4f80f85eaaa70ff,three_row_sha256,,944f93c6fa033d604d9e90219484c40564bfebf4e3306a041f5ec522a76c0b9b,0f2cf9a67445117338a1c28f1312c232b1cbb8285fc218b4057ed38b092a75be,0.20391400903463364,0.3926090430468321,0.29987585730850697,0.6041789893060923,0.34455396234989166,0.7454538717865944,0.4072231240570545,2.9978088568896055,0.0,1209.2925172764808,147.60277909226716,313.7106669601053,False,False,False,ok
BNCI2014_001,ebsw_full_bscale,ebsw,full,bscale,normalized,1,1788,314,313,500,500,2,0.000196583514056297,0.01402082430017212,,,,7.618699661549314e-05,2.793683898093503,122.7769233819667,,499.9442219229979,0.9998884438459957,,6.214552507503101,0.0020895487775284024,0.010388844106709271,0.02068379831352695,fixed_beta,0,0,50929,9eae63c2e59bd6da16c49862153b43ec83a22a09322135eee0216ebfba464901,three_row_sha256,,944f93c6fa033d604d9e90219484c40564bfebf4e3306a041f5ec522a76c0b9b,0f2cf9a67445117338a1c28f1312c232b1cbb8285fc218b4057ed38b092a75be,0.2204650081694126,0.4722808953374624,0.2971300855278969,0.6158030591905117,0.4652158822864294,0.8618829306215048,0.16545597463846207,3.09823383577168,0.0,1212.3907511122525,147.60277909226716,313.7106669601053,False,False,False,ok
BNCI2014_001,ebsw_full_bscale,ebsw,full,bscale,normalized,1,1788,315,314,500,500,2,0.0001889246496204553,0.013744986344862454,,,,7.474684805299566e-05,2.793683898093503,122.7769233819667,,499.94544396268117,0.9998908879253624,,6.214553783065978,0.002109620264670917,0.01041158132043042,0.020722587472699793,fixed_beta,0,0,51243,e8993c776afe1e735a098b674b18e0786d1effd8a8155184d0670181604cf9b2,three_row_sha256,,944f93c6fa033d604d9e90219484c40564bfebf4e3306a041f5ec522a76c0b9b,0f2cf9a67445117338a1c28f1312c232b1cbb8285fc218b4057ed38b092a75be,0.25132112205028534,0.3802650608122349,0.2976760733872652,0.8154448587447405,0.22680801339447498,0.7554979529231787,0.2672600094228983,2.994273090735078,0.0,1215.3850242029876,147.60277909226716,313.7106669601053,False,False,False,ok
BNCI2014_001,ebsw_full_bscale,ebsw,full,bscale,normalized,1,1788,316,315,500,500,2,0.0001958612742229925,0.013995044630975369,,,,7.551776365966197e-05,2.7936838980935033,122.7769233819667,,499.94010999267397,0.9998802199853479,,6.214548514688467,0.002121195641117757,0.010481594436321334,0.020829980781078,fixed_beta,0,0,51558,f13e4c2eb97d1571e1f7c35f57c819c42e92f3eaae0130d2f713b2f0f0f9ac64,three_row_sha256,,944f93c6fa033d604d9e90219484c40564bfebf4e3306a041f5ec522a76c0b9b,0f2cf9a67445117338a1c28f1312c232b1cbb8285fc218b4057ed38b092a75be,0.2289989497512579,0.4655239172279835,0.3083508927375078,0.6021379958838224,0.4695761017501354,0.6909889634698629,0.521595124155283,3.287171944975853,0.0,1218.6721961479634,147.60277909226716,313.7106669601053,False,False,False,ok
BNCI2014_001,ebsw_full_bscale,ebsw,full,bscale,normalized,1,1788,317,316,500,500,2,0.00019046776548289375,0.013801005959092031,,,,7.497545005377351e-05,2.793683898093503,122.7769233819667,,499.9504805980648,0.9999009611961297,,6.214558788907349,0.002125630503200269,0.010409196886104102,0.02067642702044254,fixed_beta,0,0,51874,29ae23550351c93e82ef0fe6733e3c532cac66d3d4a6ededf2b7eda28606d4a5,three_row_sha256,,944f93c6fa033d604d9e90219484c40564bfebf4e3306a041f5ec522a76c0b9b,0f2cf9a67445117338a1c28f1312c232b1cbb8285fc218b4057ed38b092a75be,0.2213609404861927,0.19449507817626,0.2194060944020748,0.5876289214938879,0.5492130294442177,0.7511109579354525,0.40901987813413143,2.932234900072217,0.0,1221.6044310480356,147.60277909226716,313.7106669601053,False,False,False,ok
BNCI2014_001,ebsw_full_bscale,ebsw,full,bscale,normalized,1,1788,318,317,500,500,2,0.00019013619232242056,0.013788988081886958,,,,7.474118613156282e-05,2.793683898093503,122.7769233819667,,499.949149492274,0.999898298984548,,6.214557442237078,0.002104265945424602,0.010387977362069834,0.020657365397131953,fixed_beta,0,0,52191,9b99a31f5da1aacac13f936c69d10d1bb48307b3bb20b086829dd402c175ac41,three_row_sha256,,944f93c6fa033d604d9e90219484c40564bfebf4e3306a041f5ec522a76c0b9b,0f2cf9a67445117338a1c28f1312c232b1cbb8285fc218b4057ed38b092a75be,0.20648003555834293,0.3369268961250782,0.22083893418312073,0.5466260481625795,0.3136219456791878,0.8978950791060925,0.5231229588389397,3.0455118976533413,0.0,1224.649942945689,147.60277909226716,313.7106669601053,False,False,False,ok
BNCI2014_001,ebsw_full_bscale,ebsw,full,bscale,normalized,1,1788,319,318,500,500,2,0.0001899867214459986,0.013783567079896213,,,,7.457409112790196e-05,2.793683898093503,122.7769233819667,,499.94859893374985,0.9998971978674998,,6.214556910727932,0.0020982684756796492,0.010427310244284439,0.02072123112260222,fixed_beta,0,0,52509,ec98ecb0476ead637b55eb8f684c60d7c0a0199c7fcc98c1adcd88f4372a7d28,three_row_sha256,,944f93c6fa033d604d9e90219484c40564bfebf4e3306a041f5ec522a76c0b9b,0f2cf9a67445117338a1c28f1312c232b1cbb8285fc218b4057ed38b092a75be,0.2322760410606861,0.509949866682291,0.2929619513452053,1.5848700422793627,0.7519859354943037,0.7640589028596878,0.41172211058437824,4.547824850305915,0.0,1229.1977677959949,147.60277909226716,313.7106669601053,False,False,False,ok
BNCI2014_001,ebsw_full_bscale,ebsw,full,bscale,normalized,1,1788,320,319,500,500,2,0.00019840756503361224,0.014085722027415287,,,,7.645372976794232e-05,2.793683898093503,122.7769233819667,,499.93996529765235,0.9998799305953047,,6.214548389844909,0.0021230443598669346,0.01049594630458666,0.0208298885064586,fixed_beta,0,0,52828,92a1e4d807f8cdf61b0a301270f28805ca8edfc5a0acc599c01ea168c32de3c3,three_row_sha256,,944f93c6fa033d604d9e90219484c40564bfebf4e3306a041f5ec522a76c0b9b,0f2cf9a67445117338a1c28f1312c232b1cbb8285fc218b4057ed38b092a75be,0.20682299509644508,0.34808204509317875,0.28715888038277626,0.6180480122566223,0.28338818810880184,0.7628530729562044,0.39847404696047306,2.9048272408545017,0.0,1232.1025950368494,147.60277909226716,313.7106669601053,False,False,False,ok
BNCI2014_001,ebsw_full_bscale,ebsw,full,bscale,normalized,1,1788,321,320,500,500,2,0.00018656531790640517,0.013658891532858923,,,,7.366503673299458e-05,2.793683898093503,122.7769233819667,,499.95206832894297,0.9999041366578859,,6.214560329258001,0.0020797913803938155,0.010365817790413413,0.020659761302579824,fixed_beta,0,0,53148,3059f9fad8567340e05acedf32f2a438791ca5ada97b2e1dcf582cc1c48c5815,three_row_sha256,,944f93c6fa033d604d9e90219484c40564bfebf4e3306a041f5ec522a76c0b9b,0f2cf9a67445117338a1c28f1312c232b1cbb8285fc218b4057ed38b092a75be,0.2251630648970604,0.3726850263774395,0.28603593818843365,0.7269580382853746,1.8042870797216892,0.57554105296731,0.4304051399230957,4.421075340360403,0.0,1236.5236703772098,147.60277909226716,313.7106669601053,False,False,False,ok
BNCI2014_001,ebsw_full_bscale,ebsw,full,bscale,normalized,1,1788,322,321,500,500,2,0.0001918029315725626,0.013849293540558761,,,,7.478239125718471e-05,2.793683898093503,122.7769233819667,,499.9461722037008,0.9998923444074017,,6.2145545155936155,0.002126408311430029,0.010458628155854258,0.020732491080000148,fixed_beta,0,0,53469,64ae79e0a0e90cb3402b0fe02c08d9ddf79917cb139e6fd19748cf20d963d637,three_row_sha256,,944f93c6fa033d604d9e90219484c40564bfebf4e3306a041f5ec522a76c0b9b,0f2cf9a67445117338a1c28f1312c232b1cbb8285fc218b4057ed38b092a75be,0.22110296413302422,0.33569312654435635,0.2915009390562773,0.5244619678705931,0.2955638337880373,0.9052401874214411,0.5736709572374821,3.1472339760512114,0.0,1239.670904353261,147.60277909226716,313.7106669601053,False,False,False,ok
BNCI2014_001,ebsw_full_bscale,ebsw,full,bscale,normalized,1,1788,323,322,500,500,2,0.00019354195212058448,0.013911935599354407,,,,7.532829279945612e-05,2.793683898093503,122.7769233819667,,499.9423748713463,0.9998847497426927,,6.214550763275355,0.002137625623560972,0.010458404265495781,0.02075571257289368,fixed_beta,0,0,53791,9be89846248e68b826656ced0078d11a2e5574b91f1cc7f983a177cc0600a1f2,three_row_sha256,,944f93c6fa033d604d9e90219484c40564bfebf4e3306a041f5ec522a76c0b9b,0f2cf9a67445117338a1c28f1312c232b1cbb8285fc218b4057ed38b092a75be,0.3221400547772646,0.3429700154811144,0.7803449407219887,0.8728769607841969,0.3172219730913639,0.7539100479334593,0.4053390584886074,3.794803051277995,0.0,1243.465707404539,147.60277909226716,313.7106669601053,False,False,False,ok
BNCI2014_001,ebsw_full_bscale,ebsw,full,bscale,normalized,1,1788,324,323,500,500,2,0.0001879429659933832,0.013709229226815898,,,,7.422811514776572e-05,2.793683898093503,122.7769233819667,,499.9544719564879,0.9999089439129758,,6.214562733063415,0.0020783919340917226,0.010351841487477042,0.02064122454725137,fixed_beta,0,0,54114,e463e3db6f194e7d13f61f8994bcf006997a4fce31a0e109ce921d5da73e8cec,three_row_sha256,,944f93c6fa033d604d9e90219484c40564bfebf4e3306a041f5ec522a76c0b9b,0f2cf9a67445117338a1c28f1312c232b1cbb8285fc218b4057ed38b092a75be,0.1978049986064434,0.3672379534691572,0.305958092212677,0.582472886890173,0.4485261160880327,5.361087154597044,0.696798088029027,7.959885289892554,0.0,1251.4255926944315,147.60277909226716,313.7106669601053,False,False,False,ok
BNCI2014_001,ebsw_full_bscale,ebsw,full,bscale,normalized,1,1788,325,324,500,500,2,0.0001938142539747182,0.013921718786655555,4.817964120887139,0.6880441593044976,31.195584069550243,7.56255517221525e-05,2.793683898093503,122.7769233819667,,499.9499846021972,0.9998999692043945,,6.21455824439572,0.0020785852922565002,0.010340727056652333,0.02061050002548158,fixed_beta,0,0,54438,7a7b0d1d0144adc96dd909f1cc7de12582a8145b708a34ea6af4939c78124a3b,three_row_sha256,,944f93c6fa033d604d9e90219484c40564bfebf4e3306a041f5ec522a76c0b9b,0f2cf9a67445117338a1c28f1312c232b1cbb8285fc218b4057ed38b092a75be,0.40969508700072765,0.3447451163083315,0.348114175722003,0.8616468403488398,0.4157070070505142,3.9089699275791645,0.17915409989655018,6.468032253906131,10.86683920584619,1257.8936249483377,158.46961829811335,313.7106669601053,False,False,False,ok
BNCI2014_001,ebsw_full_bscale,ebsw,full,bscale,normalized,1,1788,326,325,500,500,2,0.00019572585488793643,0.013990205677113414,,,,7.581538537103664e-05,2.793683898093503,122.7769233819667,,499.94359255628353,0.9998871851125671,,6.2145519064042105,0.0020940219327139444,0.010394580480609922,0.020705376047038263,fixed_beta,0,0,54763,d526c309b1222ee2d103e87472c886396e14be9e8aab44896b96687b959c36ad,three_row_sha256,,944f93c6fa033d604d9e90219484c40564bfebf4e3306a041f5ec522a76c0b9b,0f2cf9a67445117338a1c28f1312c232b1cbb8285fc218b4057ed38b092a75be,0.425881939008832,0.34326198510825634,0.3188289701938629,0.8689309470355511,0.4254269879311323,0.7420789916068316,0.5362022202461958,3.660612041130662,0.0,1261.5542369894683,158.46961829811335,313.7106669601053,False,False,False,ok
BNCI2014_001,ebsw_full_bscale,ebsw,full,bscale,normalized,1,1788,327,326,500,500,2,0.00019400039116141554,0.013928402319053523,,,,7.519112547204987e-05,2.793683898093503,122.7769233819667,,499.95126976248696,0.999902539524974,,6.2145594822651455,0.0020724611194227432,0.010304390514074448,0.02056381758557163,fixed_beta,0,0,55089,9c50ca57f148d6c0bd62ccbcf3707eac91211fba7cde8100ef3b55bbded6dab7,three_row_sha256,,944f93c6fa033d604d9e90219484c40564bfebf4e3306a041f5ec522a76c0b9b,0f2cf9a67445117338a1c28f1312c232b1cbb8285fc218b4057ed38b092a75be,0.5591290537267923,0.39972015656530857,0.4085879772901535,0.7376451976597309,0.3171570133417845,0.6830641068518162,0.34680706448853016,3.452110569924116,0.0,1265.0063475593925,158.46961829811335,313.7106669601053,False,False,False,ok
BNCI2014_001,ebsw_full_bscale,ebsw,full,bscale,normalized,1,1788,328,327,500,500,2,0.0001912319075994415,0.013828662538345547,,,,7.501944358398424e-05,2.793683898093503,122.7769233819667,,499.9451285304098,0.9998902570608197,,6.214553508173136,0.002128463588952385,0.010483070283995314,0.020792109816897202,fixed_beta,0,0,55416,81cbc981cce6d258a6a30bb1f8a2fed7aba3237b8e3ae61f723dea73f486b50c,three_row_sha256,,944f93c6fa033d604d9e90219484c40564bfebf4e3306a041f5ec522a76c0b9b,0f2cf9a67445117338a1c28f1312c232b1cbb8285fc218b4057ed38b092a75be,0.25404314510524273,0.3455041442066431,0.319519080221653,0.6026749033480883,0.33017294481396675,0.7925229147076607,0.4102510865777731,3.0546882189810276,0.0,1268.0610357783735,158.46961829811335,313.7106669601053,False,False,False,ok
BNCI2014_001,ebsw_full_bscale,ebsw,full,bscale,normalized,1,1788,329,328,500,500,2,0.0001952450541942809,0.013973011636518482,,,,7.528171570919773e-05,2.793683898093503,122.7769233819667,,499.94431163156463,0.9998886232631293,,6.214552612046678,0.0020899377306697604,0.010377070878471815,0.020684426466460088,fixed_beta,0,0,55744,3ba3b1ee4334ddadc93b1bedec369a234ce8f93932db639e77cfa970903d3fee,three_row_sha256,,944f93c6fa033d604d9e90219484c40564bfebf4e3306a041f5ec522a76c0b9b,0f2cf9a67445117338a1c28f1312c232b1cbb8285fc218b4057ed38b092a75be,0.3460391890257597,0.38934103213250637,0.4216970410197973,0.746588921174407,0.49133109860122204,0.78575499355793,0.3249719738960266,3.505724249407649,0.0,1271.5667600277811,158.46961829811335,313.7106669601053,False,False,False,ok
BNCI2014_001,ebsw_full_bscale,ebsw,full,bscale,normalized,1,1788,330,329,500,500,2,0.0001959536158228053,0.013998343324222524,,,,7.627143495655596e-05,2.793683898093503,122.7769233819667,,499.93846185211544,0.9998769237042309,,6.214546953790555,0.0021338485681324923,0.010544466951969688,0.020881637119679407,fixed_beta,0,0,56073,ee974c1433bfd2dd548b59296a3567813889ac9a98f28f01af4c31b9c29843a6,three_row_sha256,,944f93c6fa033d604d9e90219484c40564bfebf4e3306a041f5ec522a76c0b9b,0f2cf9a67445117338a1c28f1312c232b1cbb8285fc218b4057ed38b092a75be,0.2234929706901312,0.34578400664031506,0.2939910627901554,0.5533010698854923,0.2668139059096575,0.7240618579089642,0.3578320611268282,2.765276934951544,0.0,1274.3320369627327,158.46961829811335,313.7106669601053,False,False,False,ok
BNCI2014_001,ebsw_full_bscale,ebsw,full,bscale,normalized,1,1788,331,330,500,500,2,0.00019021924916880946,0.013791999462326319,,,,7.435172196102347e-05,2.793683898093503,122.7769233819667,,499.95029687906646,0.9999005937581329,,6.214558544748133,0.002081472509876911,0.010366944838840667,0.020636514842933107,fixed_beta,0,0,56403,d36ef1ce9408c6a2ce0c4e9ed6ad7876e8a41b8d0457151e5bd37792f7392351,three_row_sha256,,944f93c6fa033d604d9e90219484c40564bfebf4e3306a041f5ec522a76c0b9b,0f2cf9a67445117338a1c28f1312c232b1cbb8285fc218b4057ed38b092a75be,0.19142008386552334,0.36750687286257744,0.36634807474911213,0.6075841374695301,0.427755992859602,0.6375859957188368,0.4971609450876713,3.095362102612853,0.0,1277.4273990653455,158.46961829811335,313.7106669601053,False,False,False,ok
BNCI2014_001,ebsw_full_bscale,ebsw,full,bscale,normalized,1,1788,332,331,500,500,2,0.00018450979220605796,0.01358343815850972,,,,7.33494559688045e-05,2.793683898093503,122.7769233819667,,499.95881772198044,0.999917635443961,,6.2145670423867685,0.0020794067662312943,0.010351433000652499,0.020611510739611268,fixed_beta,0,0,56734,7801b765b4af8fa26cbc67609193915dd39537b78c3bcca2d260e8c5291e1e08,three_row_sha256,,944f93c6fa033d604d9e90219484c40564bfebf4e3306a041f5ec522a76c0b9b,0f2cf9a67445117338a1c28f1312c232b1cbb8285fc218b4057ed38b092a75be,0.8686890359967947,0.2098740078508854,0.30730292201042175,0.9201359935104847,0.45205187052488327,0.73584308847785,0.3842778969556093,3.878174815326929,0.0,1281.3055738806725,158.46961829811335,313.7106669601053,False,False,False,ok
BNCI2014_001,ebsw_full_bscale,ebsw,full,bscale,normalized,1,1788,333,332,500,500,2,0.00019352651283856352,0.013911380694904569,,,,7.506436266293519e-05,2.793683898093503,122.7769233819667,,499.9508087937072,0.9999016175874145,,6.214559083755816,0.002097635727675107,0.01037838116675263,0.02067222098910569,fixed_beta,0,0,57066,4c17d94cf3543692845cd11a56a967e8f16248af7a1a28cf2e82360c94b4a8bc,three_row_sha256,,944f93c6fa033d604d9e90219484c40564bfebf4e3306a041f5ec522a76c0b9b,0f2cf9a67445117338a1c28f1312c232b1cbb8285fc218b4057ed38b092a75be,0.3832888323813677,0.314406119287014,0.31826994381845,1.0197691153734922,0.48400997184216976,0.6755259819328785,0.5378038622438908,3.733073826879263,0.0,1285.0386477075517,158.46961829811335,313.7106669601053,False,False,False,ok
BNCI2014_001,ebsw_full_bscale,ebsw,full,bscale,normalized,1,1788,334,333,500,500,2,0.000186956753806911,0.013673213002323594,,,,7.375667790934378e-05,2.793683898093503,122.7769233819667,,499.9545357457694,0.9999090714915388,,6.214562762517864,0.002082083528154093,0.01032279945457673,0.020576794886191598,fixed_beta,0,0,57399,7fe023f71d422c12dc057c481e6ef91ca88b6b5df3f9c53a15cd0c9f69300bc3,three_row_sha256,,944f93c6fa033d604d9e90219484c40564bfebf4e3306a041f5ec522a76c0b9b,0f2cf9a67445117338a1c28f1312c232b1cbb8285fc218b4057ed38b092a75be,0.22059306502342224,1.8797691445797682,0.31349994242191315,0.8444949053227901,0.314151868224144,0.7487479597330093,0.41330698877573013,4.734563874080777,0.0,1289.7732115816325,158.46961829811335,313.7106669601053,False,False,False,ok
BNCI2014_001,ebsw_full_bscale,ebsw,full,bscale,normalized,1,1788,335,334,500,500,2,0.00019410174079906783,0.01393204008029936,,,,7.538095651678993e-05,2.793683898093503,122.7769233819667,,499.94275815328393,0.9998855163065679,,6.214551087646663,0.0021059360057384077,0.010411893950703327,0.020728022321472573,fixed_beta,0,0,57733,5164a62ab8c253c46c63d74843de5aae6bb895ded1c0de95082eaeeb84411271,three_row_sha256,,944f93c6fa033d604d9e90219484c40564bfebf4e3306a041f5ec522a76c0b9b,0f2cf9a67445117338a1c28f1312c232b1cbb8285fc218b4057ed38b092a75be,0.36117504350841045,0.30502513982355595,0.21927105262875557,0.8046939037740231,0.3634931053966284,0.6967249792069197,0.4532919265329838,3.203675150871277,0.0,1292.9768867325038,158.46961829811335,313.7106669601053,False,False,False,ok
BNCI2014_001,ebsw_full_bscale,ebsw,full,bscale,normalized,1,1788,336,335,500,500,2,0.00018889353073988,0.013743854289822778,,,,7.420778525706437e-05,2.793683898093503,122.7769233819667,,499.9570653149333,0.9999141306298666,,6.214565288096526,0.0020838003253949786,0.010329412500518014,0.02056425556162762,fixed_beta,0,0,58068,948269d4dcfa4aee8e9aba3eb8237c5061af75ec522608e75b0eb8711f8aebe6,three_row_sha256,,944f93c6fa033d604d9e90219484c40564bfebf4e3306a041f5ec522a76c0b9b,0f2cf9a67445117338a1c28f1312c232b1cbb8285fc218b4057ed38b092a75be,0.30858488753437996,0.3629100974649191,1.7800540663301945,0.8607550989836454,0.32979692332446575,0.9851469658315182,0.26966212317347527,4.896910162642598,0.0,1297.8737968951464,158.46961829811335,313.7106669601053,False,False,False,ok
BNCI2014_001,ebsw_full_bscale,ebsw,full,bscale,normalized,1,1788,337,336,500,500,2,0.0001894683827807035,0.013764751460912888,,,,7.452658664128473e-05,2.793683898093503,122.7769233819667,,499.94821516094703,0.9998964303218941,,6.214556510967889,0.0020988481580476283,0.010395446164632368,0.02068365225053064,fixed_beta,0,0,58404,92422b759945783ca1d496a04df4cb91a81ec0257de3098801e53df403c65c2d,three_row_sha256,,944f93c6fa033d604d9e90219484c40564bfebf4e3306a041f5ec522a76c0b9b,0f2cf9a67445117338a1c28f1312c232b1cbb8285fc218b4057ed38b092a75be,0.19364291802048683,0.5080439150333405,0.3021929878741503,0.6121639162302017,0.493236118927598,1.0866159573197365,0.15724403783679008,3.353139851242304,0.0,1301.2269367463887,158.46961829811335,313.7106669601053,False,False,False,ok
BNCI2014_001,ebsw_full_bscale,ebsw,full,bscale,normalized,1,1788,338,337,500,500,2,0.00018770284051055893,0.013700468623757324,,,,7.423262830825754e-05,2.793683898093503,122.7769233819667,,499.95437637569745,0.9999087527513949,,6.214562625483001,0.0020815253063886097,0.010367833969146804,0.020648737377371135,fixed_beta,0,0,58741,7064fc8b3c5b8ae41a6117fac8f46b03d3f35329e3f35df6e12a078f12a755aa,three_row_sha256,,944f93c6fa033d604d9e90219484c40564bfebf4e3306a041f5ec522a76c0b9b,0f2cf9a67445117338a1c28f1312c232b1cbb8285fc218b4057ed38b092a75be,0.4362019244581461,0.3943289630115032,0.28768484480679035,0.614505959674716,0.3334800712764263,1.0326209012418985,0.40283799171447754,3.501660656183958,0.0,1304.7285974025726,158.46961829811335,313.7106669601053,False,False,False,ok
BNCI2014_001,ebsw_full_bscale,ebsw,full,bscale,normalized,1,1788,339,338,500,500,2,0.0001894627241756113,0.013764545912437915,,,,7.399437927978271e-05,2.793683898093503,122.7769233819667,,499.953105952164,0.9999062119043279,,6.214561342573097,0.0020895091077645523,0.010368872952058385,0.020627568273915826,fixed_beta,0,0,59079,082762c1f1d8903e02b0b5eadbf221cf3153383952a4b379bacc7d8a8c44a8ba,three_row_sha256,,944f93c6fa033d604d9e90219484c40564bfebf4e3306a041f5ec522a76c0b9b,0f2cf9a67445117338a1c28f1312c232b1cbb8285fc218b4057ed38b092a75be,0.34952699206769466,0.4377781879156828,0.4038990009576082,0.7461309432983398,0.4833061248064041,1.0085930116474628,0.4208411555737257,3.850075416266918,0.0,1308.5786728188396,158.46961829811335,313.7106669601053,False,False,False,ok
BNCI2014_001,ebsw_full_bscale,ebsw,full,bscale,normalized,1,1788,340,339,500,500,2,0.0001877932752020725,0.01370376864961141,,,,7.39584947680134e-05,2.793683898093503,122.7769233819667,,499.95135356135285,0.9999027071227057,,6.2145596736241515,0.002094205616389239,0.010425792325475556,0.020746124370532262,fixed_beta,0,0,59418,95e2a26d566f5cb5a38b27f4c3e54acd0d10ddfcfcb54ab72788e2ff541db014,three_row_sha256,,944f93c6fa033d604d9e90219484c40564bfebf4e3306a041f5ec522a76c0b9b,0f2cf9a67445117338a1c28f1312c232b1cbb8285fc218b4057ed38b092a75be,0.20105880685150623,0.3523649647831917,0.3247701097279787,0.6230920553207397,0.26122503913939,1.0398239828646183,0.5449128802865744,3.347247838973999,0.0,1311.9259206578135,158.46961829811335,313.7106669601053,False,False,False,ok
BNCI2014_001,ebsw_full_bscale,ebsw,full,bscale,normalized,1,1788,341,340,500,500,2,0.00018634527663369239,0.013650834283430899,,,,7.402150104721575e-05,2.793683898093503,122.7769233819667,,499.953732661239,0.999907465322478,,6.214562038432083,0.0021327615915932444,0.01041104482434409,0.020683024316034346,fixed_beta,0,0,59758,50126556093781b4eced57f402d7ea9ee99e07255bebf3847b8cb1304e2b4270,three_row_sha256,,944f93c6fa033d604d9e90219484c40564bfebf4e3306a041f5ec522a76c0b9b,0f2cf9a67445117338a1c28f1312c232b1cbb8285fc218b4057ed38b092a75be,0.22170203737914562,0.4936191253364086,0.30571199022233486,0.6328560411930084,0.49305916763842106,1.2239380739629269,0.43313694186508656,3.804023377597332,0.0,1315.7299440354109,158.46961829811335,313.7106669601053,False,False,False,ok
BNCI2014_001,ebsw_full_bscale,ebsw,full,bscale,normalized,1,1788,342,341,500,500,2,0.000192420616877935,0.013871575861376925,,,,7.515228124543608e-05,2.793683898093503,122.7769233819667,,499.9440278473514,0.9998880556947027,,6.214552368309427,0.0020995961803306627,0.010458159577171153,0.020775265983095034,fixed_beta,0,0,60099,fc137a58f8f0e079f525f038e831c235ba47e5e6590f4f2c751e9426d9e4f68c,three_row_sha256,,944f93c6fa033d604d9e90219484c40564bfebf4e3306a041f5ec522a76c0b9b,0f2cf9a67445117338a1c28f1312c232b1cbb8285fc218b4057ed38b092a75be,0.2079978585243225,0.39467099122703075,0.2887600567191839,0.5559769924730062,0.3488489892333746,0.6935398560017347,0.5528798792511225,3.0426746234297752,0.0,1318.7726186588407,158.46961829811335,313.7106669601053,False,False,False,ok
BNCI2014_001,ebsw_full_bscale,ebsw,full,bscale,normalized,1,1788,343,342,500,500,2,0.00018928475265888727,0.013758079541087384,,,,7.426077223768531e-05,2.7936838980935024,122.7769233819667,,499.9450280686746,0.9998900561373493,,6.214553390418399,0.002114482565422511,0.01043681100594879,0.020753729886346974,fixed_beta,0,0,60441,c33914dae68250f6ba6e866277cdcb1cfe173d4b13af1e54fe2016217d9d1379,three_row_sha256,,944f93c6fa033d604d9e90219484c40564bfebf4e3306a041f5ec522a76c0b9b,0f2cf9a67445117338a1c28f1312c232b1cbb8285fc218b4057ed38b092a75be,0.2271970734000206,0.5233988631516695,0.31259795650839806,0.6153611466288567,0.4852029960602522,1.3190489262342453,0.4285410977900028,3.911348059773445,0.0,1322.683966718614,158.46961829811335,313.7106669601053,False,False,False,ok
BNCI2014_001,ebsw_full_bscale,ebsw,full,bscale,normalized,1,1788,344,343,500,500,2,0.0001883132218075512,0.01372272647135223,,,,7.398608565517182e-05,2.793683898093503,122.7769233819667,,499.94751763621247,0.999895035272425,,6.214555855067019,0.0020987656344318662,0.010456329489171653,0.020763753879974794,fixed_beta,0,0,60784,e73ca11c78614244bfaf0d3fefd97183addc31d4ed3bcee97a23cddefe1be440,three_row_sha256,,944f93c6fa033d604d9e90219484c40564bfebf4e3306a041f5ec522a76c0b9b,0f2cf9a67445117338a1c28f1312c232b1cbb8285fc218b4057ed38b092a75be,0.21526007913053036,0.3920039162039757,0.2928611356765032,0.5567080806940794,0.37200096994638443,1.104698982089758,0.5233930423855782,3.456926206126809,0.0,1326.140892924741,158.46961829811335,313.7106669601053,False,False,False,ok
BNCI2014_001,ebsw_full_bscale,ebsw,full,bscale,normalized,1,1788,345,344,500,500,2,0.0001949192853241367,0.01396134969564679,,,,7.548793851106313e-05,2.793683898093503,122.7769233819667,,499.94462394904974,0.9998892478980995,,6.214552934994858,0.0020898305080415246,0.01038669198364861,0.020680730301831093,fixed_beta,0,0,61128,530657cf02f4cea85038433f4f82417931d7a131293686855fad2d7f5d83d8e9,three_row_sha256,,944f93c6fa033d604d9e90219484c40564bfebf4e3306a041f5ec522a76c0b9b,0f2cf9a67445117338a1c28f1312c232b1cbb8285fc218b4057ed38b092a75be,0.5629539955407381,0.3749609459191561,0.3952581901103258,2.4864778388291597,0.7639150135219097,1.0041901841759682,0.42951200157403946,6.017268169671297,0.0,1332.1581610944122,158.46961829811335,313.7106669601053,False,False,False,ok
BNCI2014_001,ebsw_full_bscale,ebsw,full,bscale,normalized,1,1788,346,345,500,500,2,0.0001887401919173483,0.013738274706721667,,,,7.391390148103946e-05,2.793683898093503,122.7769233819667,,499.9479368876377,0.9998958737752754,,6.214556295268838,0.002153035075229857,0.010429630517551384,0.02069672637950403,fixed_beta,0,0,61473,2e955526655149e6d4645c18262f17de8d07c5c5299c64752467ffc919e3ca68,three_row_sha256,,944f93c6fa033d604d9e90219484c40564bfebf4e3306a041f5ec522a76c0b9b,0f2cf9a67445117338a1c28f1312c232b1cbb8285fc218b4057ed38b092a75be,0.21363492123782635,0.33014104701578617,0.29133493080735207,0.5720481276512146,0.44969283044338226,1.296966103836894,0.5225480999797583,3.6763660609722137,0.0,1335.8345271553844,158.46961829811335,313.7106669601053,False,False,False,ok
BNCI2014_001,ebsw_full_bscale,ebsw,full,bscale,normalized,1,1788,347,346,500,500,2,0.00019408857235403778,0.013931567476563352,,,,7.53476115643596e-05,2.793683898093503,122.7769233819667,,499.9432380275298,0.9998864760550596,,6.214551598612138,0.0021055490322224243,0.010434700065453157,0.02074116937659211,fixed_beta,0,0,61819,fc28e55ad4dc28d918e8d94e50fa7d3af37be338ad993bc2cf248dc08603ad4f,three_row_sha256,,944f93c6fa033d604d9e90219484c40564bfebf4e3306a041f5ec522a76c0b9b,0f2cf9a67445117338a1c28f1312c232b1cbb8285fc218b4057ed38b092a75be,0.2270729746669531,0.19924086518585682,1.7571719363331795,1.0658761020749807,0.450965017080307,1.171136973425746,0.3891370724886656,5.260600941255689,0.0,1341.09512809664,158.46961829811335,313.7106669601053,False,False,False,ok
BNCI2014_001,ebsw_full_bscale,ebsw,full,bscale,normalized,1,1788,348,347,500,500,2,0.0001895842611411523,0.013768960060264257,,,,7.467534577860417e-05,2.7936838980935024,122.7769233819667,,499.94860565218977,0.9998972113043796,,6.214556915526493,0.0021015068002911623,0.010422961816626886,0.02069518446900374,fixed_beta,0,0,62166,f1726d37e46fbc15823482e5e028b1048ba1e4686822075d7af5135d5fe9f8e0,three_row_sha256,,944f93c6fa033d604d9e90219484c40564bfebf4e3306a041f5ec522a76c0b9b,0f2cf9a67445117338a1c28f1312c232b1cbb8285fc218b4057ed38b092a75be,0.20312308333814144,0.34193694591522217,0.2910380717366934,0.7228830363601446,0.458685914054513,0.9221329819411039,0.5271970294415951,3.4669970627874136,0.0,1344.5621251594275,158.46961829811335,313.7106669601053,False,False,False,ok
BNCI2014_001,ebsw_full_bscale,ebsw,full,bscale,normalized,1,1788,349,348,500,500,2,0.00018772537974836895,0.013701291170848423,,,,7.44227122659601e-05,2.7936838980935033,122.7769233819667,,499.9492688319257,0.9998985376638514,,6.214557558005241,0.0021051259335789,0.010403276007840826,0.020672762689115692,fixed_beta,0,0,62514,9bd7ea4dde3172866a4dc22364e093baab2391f74e4e62eb2938f96d46382ce1,three_row_sha256,,944f93c6fa033d604d9e90219484c40564bfebf4e3306a041f5ec522a76c0b9b,0f2cf9a67445117338a1c28f1312c232b1cbb8285fc218b4057ed38b092a75be,0.2320611383765936,0.40054996497929096,0.2890459727495909,0.6112321279942989,0.3438021522015333,1.0476859752088785,0.3470319788902998,3.271409310400486,0.0,1347.833534469828,158.46961829811335,313.7106669601053,False,False,False,ok
BNCI2014_001,ebsw_full_bscale,ebsw,full,bscale,normalized,1,1788,350,349,500,500,2,0.00018823652736730135,0.013719931755198396,4.77444468347676,0.6818292324235321,31.817076757646795,7.406401751628481e-05,2.793683898093503,122.7769233819667,,499.9524701322269,0.9999049402644538,,6.214560704327509,0.002087661432571153,0.010355958364004329,0.02061246850938478,fixed_beta,0,0,62863,65779fc66880338c3d19a8da30a314c515422134651e35f3fff06804d25d1b94,three_row_sha256,,944f93c6fa033d604d9e90219484c40564bfebf4e3306a041f5ec522a76c0b9b,0f2cf9a67445117338a1c28f1312c232b1cbb8285fc218b4057ed38b092a75be,0.21797488443553448,0.511944992467761,0.3054121043533087,0.6162240169942379,0.48881699331104755,2.3642810992896557,0.4201249685138464,4.924779059365392,9.127757977694273,1352.7583135291934,167.59737627580762,313.7106669601053,False,False,False,ok
BNCI2014_001,ebsw_full_bscale,ebsw,full,bscale,normalized,1,1788,351,350,500,500,2,0.00019229599359961902,0.01386708309629747,,,,7.530723141766403e-05,2.793683898093503,122.7769233819667,,499.9418556462024,0.9998837112924048,,6.214550250342366,0.0021275649743519114,0.010468236402785023,0.02076210070706333,fixed_beta,0,0,63213,be88d92ebb5a28280e17e68de8137d4b1e2bcdccc11626515f48e033bc1feae4,three_row_sha256,,944f93c6fa033d604d9e90219484c40564bfebf4e3306a041f5ec522a76c0b9b,0f2cf9a67445117338a1c28f1312c232b1cbb8285fc218b4057ed38b092a75be,0.4524989053606987,1.8727160058915615,0.3178589977324009,0.6963540799915791,0.5596571136265993,1.1581098660826683,0.41535496711730957,5.472549935802817,0.0,1358.2308634649962,167.59737627580762,313.7106669601053,False,False,False,ok
BNCI2014_001,ebsw_full_bscale,ebsw,full,bscale,normalized,1,1788,352,351,500,500,2,0.00019036362726383962,0.013797232594395139,,,,7.472261762523224e-05,2.793683898093503,122.7769233819667,,499.95062246176667,0.9999012449235334,,6.2145588749264284,0.0020969644789156617,0.010349413091234362,0.020597060418044485,fixed_beta,0,0,63564,b0fcb84af50083997cd621f513bb65a5d196374e12ef5988bc82239a29f9808b,three_row_sha256,,944f93c6fa033d604d9e90219484c40564bfebf4e3306a041f5ec522a76c0b9b,0f2cf9a67445117338a1c28f1312c232b1cbb8285fc218b4057ed38b092a75be,0.2954478841274977,0.3238560166209936,0.30233804136514664,0.7879121694713831,0.3804638981819153,0.9008219931274652,0.5481669213622808,3.5390069242566824,0.0,1361.769870389253,167.59737627580762,313.7106669601053,False,False,False,ok
BNCI2014_001,ebsw_full_bscale,ebsw,full,bscale,normalized,1,1788,353,352,500,500,2,0.00019225632522995998,0.013865652715612057,,,,7.501760390585482e-05,2.793683898093503,122.7769233819667,,499.9490683302403,0.9998981366604807,,6.214557367871812,0.00209046204126847,0.010405775338004216,0.020698275207216177,fixed_beta,0,0,63916,746aa83dd55eeb8aa9b85b902c8e0359d68f9d3906f9a8e7c13583ee9089eb21,three_row_sha256,,944f93c6fa033d604d9e90219484c40564bfebf4e3306a041f5ec522a76c0b9b,0f2cf9a67445117338a1c28f1312c232b1cbb8285fc218b4057ed38b092a75be,1.670741941779852,0.36759814247488976,0.22606691345572472,0.847384100779891,0.3097269218415022,0.9421301074326038,0.37800613790750504,4.7416542656719685,0.0,1366.5115246549249,167.59737627580762,313.7106669601053,False,False,False,ok
BNCI2014_001,ebsw_full_bscale,ebsw,full,bscale,normalized,1,1788,354,353,500,500,2,0.0001890224384180704,0.013748543138022675,,,,7.445161011957912e-05,2.793683898093503,122.7769233819667,,499.9479423117929,0.9998958846235858,,6.214556251176566,0.002097063984522116,0.010428579319223372,0.0206897377910144,fixed_beta,0,0,64269,7fff75b7a12049c48e78aa641c36b44e279e814a76370fa7f104f38acd701687,three_row_sha256,,944f93c6fa033d604d9e90219484c40564bfebf4e3306a041f5ec522a76c0b9b,0f2cf9a67445117338a1c28f1312c232b1cbb8285fc218b4057ed38b092a75be,0.21055596880614758,0.3568371757864952,0.29443507082760334,0.6964630447328091,0.3613359294831753,0.813949853181839,0.5029919557273388,3.2365689985454082,0.0,1369.7480936534703,167.59737627580762,313.7106669601053,False,False,False,ok
BNCI2014_001,ebsw_full_bscale,ebsw,full,bscale,normalized,1,1788,355,354,500,500,2,0.00018610578855216952,0.013642059542172125,,,,7.361318850527552e-05,2.793683898093503,122.7769233819667,,499.9515653758028,0.9999031307516055,,6.214559846060958,0.002109792627406515,0.010382717626012939,0.0206720210449892,fixed_beta,0,0,64623,6d4b3838fc6c922f601a97090d649fea3e96488a4d1bc87b905b5e2fde1073b9,three_row_sha256,,944f93c6fa033d604d9e90219484c40564bfebf4e3306a041f5ec522a76c0b9b,0f2cf9a67445117338a1c28f1312c232b1cbb8285fc218b4057ed38b092a75be,0.2031889744102955,0.3539400640875101,0.22031203843653202,0.5631700623780489,0.6154610309749842,0.9727699216455221,0.37776888348162174,3.3066109754145145,0.0,1373.0547046288848,167.59737627580762,313.7106669601053,False,False,False,ok
BNCI2014_001,ebsw_full_bscale,ebsw,full,bscale,normalized,1,1788,356,355,500,500,2,0.00018951908412377102,0.013766593047074902,,,,7.462709644900505e-05,2.793683898093503,122.7769233819667,,499.9455496051254,0.9998910992102508,,6.214553965876317,0.002125738848257343,0.010498017676542858,0.020840959712552,fixed_beta,0,0,64978,b1b734c0da12fbc77e48ee1c24d5395933bc1472edc6ebd3136b25cd81e9954f,three_row_sha256,,944f93c6fa033d604d9e90219484c40564bfebf4e3306a041f5ec522a76c0b9b,0f2cf9a67445117338a1c28f1312c232b1cbb8285fc218b4057ed38b092a75be,0.39481883868575096,0.45878393575549126,0.3164629451930523,1.2226100079715252,0.5887867882847786,2.5865579955279827,0.6626551039516926,6.230675615370274,0.0,1379.285380244255,167.59737627580762,313.7106669601053,False,False,False,ok
BNCI2014_001,ebsw_full_bscale,ebsw,full,bscale,normalized,1,1788,357,356,500,500,2,0.00018361293210506727,0.013550384943058527,,,,7.31186070267646e-05,2.793683898093503,122.7769233819667,,499.95035279102495,0.9999007055820499,,6.2145586687747025,0.0021025294751462237,0.010413862638896813,0.020720175873403912,fixed_beta,0,0,65334,12cc05c2f4a5916c7e4afcf56ebd18281129f709ad7b0de9e410f6131153d227,three_row_sha256,,944f93c6fa033d604d9e90219484c40564bfebf4e3306a041f5ec522a76c0b9b,0f2cf9a67445117338a1c28f1312c232b1cbb8285fc218b4057ed38b092a75be,0.21073990501463413,0.3966398071497679,0.2917409874498844,0.6105240900069475,0.33866195008158684,1.2244230601936579,0.5096141248941422,3.582343924790621,0.0,1382.8677241690457,167.59737627580762,313.7106669601053,False,False,False,ok
BNCI2014_001,ebsw_full_bscale,ebsw,full,bscale,normalized,1,1788,358,357,500,500,2,0.00019975764796347693,0.014133564588010943,,,,7.679913907797693e-05,2.793683898093503,122.7769233819667,,499.9414966717817,0.9998829933435635,,6.214549809227375,0.0021120295877853873,0.010374249456624164,0.020669211600498092,fixed_beta,0,0,65691,fc5c19d2434f9548367fdccc89f198423fde53deadd31541eced60b92e89e540,three_row_sha256,,944f93c6fa033d604d9e90219484c40564bfebf4e3306a041f5ec522a76c0b9b,0f2cf9a67445117338a1c28f1312c232b1cbb8285fc218b4057ed38b092a75be,0.4224881995469332,0.36859791725873947,0.31548901461064816,0.6772559136152267,0.3550162073224783,1.8948751967400312,0.5257818847894669,4.559504333883524,0.0,1387.4272285029292,167.59737627580762,313.7106669601053,False,False,False,ok
BNCI2014_001,ebsw_full_bscale,ebsw,full,bscale,normalized,1,1788,359,358,500,500,2,0.000186885475161745,0.013670606247044971,,,,7.394414311882402e-05,2.793683898093503,122.7769233819667,,499.94795653910205,0.9998959130782041,,6.21455632223306,0.002118712180576868,0.010438034134208506,0.02073043509283132,fixed_beta,0,0,66049,bc4659b86b1d4db0df314891b7b75ae49b824ecd80ae6d36aa00dbe1b00cb23d,three_row_sha256,,944f93c6fa033d604d9e90219484c40564bfebf4e3306a041f5ec522a76c0b9b,0f2cf9a67445117338a1c28f1312c232b1cbb8285fc218b4057ed38b092a75be,0.2233188133686781,0.3463011234998703,0.2960530109703541,0.586712034419179,0.30501093715429306,0.7679350674152374,0.40926202200353146,2.9345930088311434,0.0,1390.3618215117604,167.59737627580762,313.7106669601053,False,False,False,ok
BNCI2014_001,ebsw_full_bscale,ebsw,full,bscale,normalized,1,1788,360,359,500,500,2,0.00019211307849847448,0.0138604862287899,,,,7.534744731158143e-05,2.793683898093503,122.7769233819667,,499.94812619918565,0.9998962523983713,,6.2145564800919,0.0021418222931703034,0.010449341945140994,0.020716517390572245,fixed_beta,0,0,66408,df5398f3cc1c5e364ccc132950a2b4fde036ef34e64e0a110234e8826b25aa78,three_row_sha256,,944f93c6fa033d604d9e90219484c40564bfebf4e3306a041f5ec522a76c0b9b,0f2cf9a67445117338a1c28f1312c232b1cbb8285fc218b4057ed38b092a75be,0.2977370750159025,0.4198469687253237,0.3549091052263975,0.6745199207216501,0.43314811773598194,0.9356769733130932,0.4186239093542099,3.534462070092559,0.0,1393.896283581853,167.59737627580762,313.7106669601053,False,False,False,ok
BNCI2014_001,ebsw_full_bscale,ebsw,full,bscale,normalized,1,1788,361,360,500,500,2,0.00018864097164233832,0.013734663142659828,,,,7.442718715606857e-05,2.793683898093503,122.7769233819667,,499.9466675712459,0.9998933351424918,,6.214555031428805,0.0021260513217936945,0.010438576880438337,0.020749419246019973,fixed_beta,0,0,66768,732f673b7c395963560fd69b36e817863a5d09212274acf199e8afbdf6688f09,three_row_sha256,,944f93c6fa033d604d9e90219484c40564bfebf4e3306a041f5ec522a76c0b9b,0f2cf9a67445117338a1c28f1312c232b1cbb8285fc218b4057ed38b092a75be,0.18960493616759777,0.39296713657677174,0.5038289818912745,0.5665859207510948,0.3299699164927006,0.7806990761309862,0.3572490531951189,3.1209050212055445,0.0,1397.0171886030585,167.59737627580762,313.7106669601053,False,False,False,ok
BNCI2014_001,ebsw_full_bscale,ebsw,full,bscale,normalized,1,1788,362,361,500,500,2,0.0001906902507833943,0.013809064080646244,,,,7.460853178776821e-05,2.793683898093503,122.7769233819667,,499.9477793963517,0.9998955587927034,,6.214556073935595,0.002084519406637346,0.010387368406315834,0.02068481358261174,fixed_beta,0,0,67129,f4cf10949b6fd7ae7221f053edc0a740943157bfceba5150f5da27eaab797f69,three_row_sha256,,944f93c6fa033d604d9e90219484c40564bfebf4e3306a041f5ec522a76c0b9b,0f2cf9a67445117338a1c28f1312c232b1cbb8285fc218b4057ed38b092a75be,0.23934803903102875,0.5312981083989143,0.3039599396288395,0.6109660025686026,0.48218993470072746,2.214645966887474,0.29921182431280613,4.681619815528393,0.0,1401.6988084185869,167.59737627580762,313.7106669601053,False,False,False,ok
BNCI2014_001,ebsw_full_bscale,ebsw,full,bscale,normalized,1,1788,363,362,500,500,2,0.00019249564249033418,0.013874279890874848,,,,7.496612836247084e-05,2.793683898093503,122.7769233819667,,499.94943012931964,0.9998988602586393,,6.2145577438070525,0.002101358558632768,0.010414458440734697,0.020696829583781044,fixed_beta,0,0,67491,b85af487c10f42410800a1e0c37b98d725baa41adda1ca303d3afa11d8fc7736,three_row_sha256,,944f93c6fa033d604d9e90219484c40564bfebf4e3306a041f5ec522a76c0b9b,0f2cf9a67445117338a1c28f1312c232b1cbb8285fc218b4057ed38b092a75be,0.21757790818810463,0.35584880970418453,0.3410801291465759,0.6075301207602024,0.33818907104432583,0.7062598597258329,0.3475281409919262,2.9140140395611525,0.0,1404.612822458148,167.59737627580762,313.7106669601053,False,False,False,ok
BNCI2014_001,ebsw_full_bscale,ebsw,full,bscale,normalized,1,1788,364,363,500,500,2,0.00019216987813638073,0.01386253505446896,,,,7.549103487411419e-05,2.7936838980935033,122.7769233819667,,499.94258395584257,0.9998851679116851,,6.214550917705135,0.002088528390230438,0.010409534606862909,0.020727391421824087,fixed_beta,0,0,67854,5b46551639ebdf16b2e7cbb73e699cd90cd7d35605ab88dc00e9ace0338785bd,three_row_sha256,,944f93c6fa033d604d9e90219484c40564bfebf4e3306a041f5ec522a76c0b9b,0f2cf9a67445117338a1c28f1312c232b1cbb8285fc218b4057ed38b092a75be,0.2338069025427103,0.4919480998069048,0.29056984931230545,0.6523500196635723,0.4833999555557966,2.3602829314768314,0.1568119041621685,4.669169662520289,0.0,1409.2819921206683,167.59737627580762,313.7106669601053,False,False,False,ok
BNCI2014_001,ebsw_full_bscale,ebsw,full,bscale,normalized,1,1788,365,364,500,500,2,0.0001898681972637244,0.013779266934917996,,,,7.454801212205586e-05,2.793683898093503,122.7769233819667,,499.9403714681146,0.9998807429362293,,6.214548733823505,0.002106745626008802,0.010418368974037997,0.020731473661460446,fixed_beta,0,0,68218,09455ffd2b8d990a0427d43dcbed89595c17199c53d77fbcb1016f6fe3f54712,three_row_sha256,,944f93c6fa033d604d9e90219484c40564bfebf4e3306a041f5ec522a76c0b9b,0f2cf9a67445117338a1c28f1312c232b1cbb8285fc218b4057ed38b092a75be,0.3038009162992239,0.39543979801237583,0.28875796124339104,0.5576768890023232,0.38031814619898796,0.9428749326616526,0.3509779926389456,3.2198466360569,0.0,1412.5018387567252,167.59737627580762,313.7106669601053,False,False,False,ok
BNCI2014_001,ebsw_full_bscale,ebsw,full,bscale,normalized,1,1788,366,365,500,500,2,0.00019156582000878146,0.013840730472369637,,,,7.505723055717482e-05,2.793683898093503,122.7769233819667,,499.9534947320285,0.999906989464057,,6.214561761839291,0.002086595623723082,0.010364313309028194,0.020659189740893074,fixed_beta,0,0,68583,b98b074fca1b3c1555bd3b8e64b592851c40797265f68eb7547a756fe1df26ff,three_row_sha256,,944f93c6fa033d604d9e90219484c40564bfebf4e3306a041f5ec522a76c0b9b,0f2cf9a67445117338a1c28f1312c232b1cbb8285fc218b4057ed38b092a75be,0.21242909133434296,0.38001290522515774,0.31304615549743176,0.74057187885046,0.4989868029952049,0.7234229706227779,0.2040660474449396,3.072535851970315,0.0,1415.5743746086955,167.59737627580762,313.7106669601053,False,False,False,ok
BNCI2014_001,ebsw_full_bscale,ebsw,full,bscale,normalized,1,1788,367,366,500,500,2,0.000188328488273789,0.013723282707639197,,,,7.444825481121865e-05,2.793683898093503,122.7769233819667,,499.9501077744529,0.9999002155489057,,6.214558374692899,0.0020827927864070137,0.0103626472324922,0.0206399860338714,fixed_beta,0,0,68949,a72f2ad06e5c437fcaf65156fafc19a5068d55b5c05d67163d1a73fbfb397a24,three_row_sha256,,944f93c6fa033d604d9e90219484c40564bfebf4e3306a041f5ec522a76c0b9b,0f2cf9a67445117338a1c28f1312c232b1cbb8285fc218b4057ed38b092a75be,0.6848110351711512,0.3344910219311714,0.29549095779657364,0.6174310110509396,0.3200750797986984,0.5819019861519337,0.27936906553804874,3.1135701574385166,0.0,1418.687944766134,167.59737627580762,313.7106669601053,False,False,False,ok
BNCI2014_001,ebsw_full_bscale,ebsw,full,bscale,normalized,1,1788,368,367,500,500,2,0.00018879649818370834,0.013740323801996383,,,,7.421737859858418e-05,2.793683898093503,122.7769233819667,,499.942319615067,0.999884639230134,,6.2145506508490245,0.002095892172368804,0.01041028957536581,0.020722673884560276,fixed_beta,0,0,69316,fb070e65470107f6eaee32bf7ecefd5d408fb57637adc623549e22aceb8f1690,three_row_sha256,,944f93c6fa033d604d9e90219484c40564bfebf4e3306a041f5ec522a76c0b9b,0f2cf9a67445117338a1c28f1312c232b1cbb8285fc218b4057ed38b092a75be,0.2095969393849373,0.3704898990690708,0.2914841752499342,0.7176059298217297,0.4231699276715517,0.6746489088982344,0.5385070107877254,3.2255027908831835,0.0,1421.9134475570172,167.59737627580762,313.7106669601053,False,False,False,ok
BNCI2014_001,ebsw_full_bscale,ebsw,full,bscale,normalized,1,1788,369,368,500,500,2,0.00019060910458582975,0.013806125618211278,,,,7.483411247530138e-05,2.793683898093503,122.7769233819667,,499.9550330628919,0.9999100661257838,,6.214563277993625,0.002104099702770815,0.010368531288943208,0.020621607043669464,fixed_beta,0,0,69684,92facbda2206a01da899182249ed8e6294ece0a93ce766661eb5b42dffb0a4cb,three_row_sha256,,944f93c6fa033d604d9e90219484c40564bfebf4e3306a041f5ec522a76c0b9b,0f2cf9a67445117338a1c28f1312c232b1cbb8285fc218b4057ed38b092a75be,0.38062315434217453,0.6306851282715797,0.31350902281701565,0.8642999455332756,0.41012512519955635,0.7493400480598211,0.3666798584163189,3.715262282639742,0.0,1425.628709839657,167.59737627580762,313.7106669601053,False,False,False,ok
BNCI2014_001,ebsw_full_bscale,ebsw,full,bscale,normalized,1,1788,370,369,500,500,2,0.00019384308705134586,0.013922754291135998,,,,7.553161751673431e-05,2.793683898093503,122.7769233819667,,499.9377863004551,0.9998755726009102,,6.214546175623347,0.0021013311168391995,0.010437828960864787,0.020770798583154892,fixed_beta,0,0,70053,b38567877ebda8ba857a943344410be23c4eeabf6ba11216c1df5db3640c7dc8,three_row_sha256,,944f93c6fa033d604d9e90219484c40564bfebf4e3306a041f5ec522a76c0b9b,0f2cf9a67445117338a1c28f1312c232b1cbb8285fc218b4057ed38b092a75be,0.26492192409932613,0.36600511521101,0.3022851888090372,0.7088968995958567,0.32334192655980587,0.8803140372037888,0.5249988753348589,3.3707639668136835,0.0,1428.9994738064706,167.59737627580762,313.7106669601053,False,False,False,ok
BNCI2014_001,ebsw_full_bscale,ebsw,full,bscale,normalized,1,1788,371,370,500,500,2,0.0001862475057737383,0.013647252682270461,,,,7.380991838571073e-05,2.793683898093503,122.7769233819667,,499.95637271031643,0.9999127454206329,,6.214564601390266,0.0020860949971818906,0.01034671277488312,0.020619863143646694,fixed_beta,0,0,70423,0ef0cce0f4dae8cea1e639ac8fad663c27f6d2aca755dde4c1ebed10694773c7,three_row_sha256,,944f93c6fa033d604d9e90219484c40564bfebf4e3306a041f5ec522a76c0b9b,0f2cf9a67445117338a1c28f1312c232b1cbb8285fc218b4057ed38b092a75be,0.342983053997159,0.20619318820536137,1.8023329321295023,0.6979957688599825,0.3269999288022518,4.157861927524209,0.4032258875668049,7.937592687085271,0.0,1436.937066493556,167.59737627580762,313.7106669601053,False,False,False,ok
BNCI2014_001,ebsw_full_bscale,ebsw,full,bscale,normalized,1,1788,372,371,500,500,2,0.0001887980788844271,0.013740381322380653,,,,7.42434049749165e-05,2.793683898093503,122.7769233819667,,499.95076752366424,0.9999015350473285,,6.214559019472649,0.0020980496645661957,0.010363905875540664,0.020618669476503388,fixed_beta,0,0,70794,5131e7d593d0d131f5eb2eb850ad7ddcd32082dd596aece1010b1d1ea835b779,three_row_sha256,,944f93c6fa033d604d9e90219484c40564bfebf4e3306a041f5ec522a76c0b9b,0f2cf9a67445117338a1c28f1312c232b1cbb8285fc218b4057ed38b092a75be,0.5363980308175087,0.49542589113116264,0.30753505416214466,0.9812398348003626,0.4463230725377798,2.073768060654402,0.4558248911052942,5.296514835208654,0.0,1442.2335813287646,167.59737627580762,313.7106669601053,False,False,False,ok
BNCI2014_001,ebsw_full_bscale,ebsw,full,bscale,normalized,1,1788,373,372,500,500,2,0.00018429850484445243,0.013575658541833336,,,,7.360189208960178e-05,2.793683898093503,122.7769233819667,,499.9553865269724,0.9999107730539448,,6.214563591822688,0.0020652507707274856,0.010302098420135339,0.020551747548138186,fixed_beta,0,0,71166,cfd14bc0d48c10c1afae42f829d46e8f7013dc5d337d8ec00326c7f005bdb86b,three_row_sha256,,944f93c6fa033d604d9e90219484c40564bfebf4e3306a041f5ec522a76c0b9b,0f2cf9a67445117338a1c28f1312c232b1cbb8285fc218b4057ed38b092a75be,0.2321731299161911,0.1972599420696497,0.22142496891319752,0.6537339650094509,0.2548519987612963,3.588923020288348,0.4008668474853039,5.549233872443438,0.0,1447.782815201208,167.59737627580762,313.7106669601053,False,False,False,ok
BNCI2014_001,ebsw_full_bscale,ebsw,full,bscale,normalized,1,1788,374,373,500,500,2,0.00018794437013663245,0.013709280438324705,,,,7.406257533579055e-05,2.7936838980935024,122.7769233819667,,499.9467776753114,0.9998935553506229,,6.214555069904109,0.0020855309092177275,0.010381288720183734,0.020674730639304077,fixed_beta,0,0,71539,34a2fe562bcea2fb3166f09f95da226300229f03504a0ac1350be8e97e309671,three_row_sha256,,944f93c6fa033d604d9e90219484c40564bfebf4e3306a041f5ec522a76c0b9b,0f2cf9a67445117338a1c28f1312c232b1cbb8285fc218b4057ed38b092a75be,0.3755229990929365,0.316389137879014,0.3013969399034977,0.7689821068197489,0.2566319890320301,0.7637848611921072,0.284095061942935,3.0668030958622694,0.0,1450.8496182970703,167.59737627580762,313.7106669601053,False,False,False,ok
BNCI2014_001,ebsw_full_bscale,ebsw,full,bscale,normalized,1,1788,375,374,500,500,2,0.00019364735360631195,0.01391572325128349,4.727069547825739,0.6750636807168203,32.49363192831796,7.545771578736487e-05,2.7936838980935024,122.7769233819667,,499.94564353660815,0.9998912870732163,,6.2145539228387685,0.002078812030858852,0.01034488971520469,0.02064638501024907,fixed_beta,0,0,71913,71f6d00e7348c5e3e09e77eaaa3c5517d734b5074c9a39983d03e235d044abc2,three_row_sha256,,944f93c6fa033d604d9e90219484c40564bfebf4e3306a041f5ec522a76c0b9b,0f2cf9a67445117338a1c28f1312c232b1cbb8285fc218b4057ed38b092a75be,0.21583912894129753,0.19861990585923195,0.2178288996219635,0.6096730940043926,0.3036549314856529,0.8618989959359169,1.8977939616888762,4.305308917537332,11.607740074396133,1455.1549272146076,179.20511635020375,313.7106669601053,False,False,False,ok
BNCI2014_001,ebsw_full_bscale,ebsw,full,bscale,normalized,1,1788,376,375,500,500,2,0.00019013310564066277,0.013788876155824402,,,,7.481388894478434e-05,2.793683898093503,122.7769233819667,,499.95170907614175,0.9999034181522836,,6.214559938098448,0.0020858689649709654,0.010347055995893898,0.020594641392861417,fixed_beta,0,0,72288,bb9e7fdeeb748125114b31878ba67ff1dd0c95514d26799c8c01ab5f63c122ce,three_row_sha256,,944f93c6fa033d604d9e90219484c40564bfebf4e3306a041f5ec522a76c0b9b,0f2cf9a67445117338a1c28f1312c232b1cbb8285fc218b4057ed38b092a75be,0.39424910210072994,0.3680759109556675,0.32251887023448944,2.0610629580914974,0.4264249000698328,3.6910339258611202,0.3993459977209568,7.662711665034294,0.0,1462.817638879642,179.20511635020375,313.7106669601053,False,False,False,ok
BNCI2014_001,ebsw_full_bscale,ebsw,full,bscale,normalized,1,1788,377,376,500,500,2,0.0001860171299068835,0.013638809695383372,,,,7.377984188339932e-05,2.793683898093503,122.7769233819667,,499.95090133695584,0.9999018026739117,,6.214559206291274,0.002090765965025573,0.010375938079482012,0.02068240072650346,fixed_beta,0,0,72664,eb3f7e80b3ccbaf25193e70403e3c78413237405c722c49af59ba67d17cfc4a1,three_row_sha256,,944f93c6fa033d604d9e90219484c40564bfebf4e3306a041f5ec522a76c0b9b,0f2cf9a67445117338a1c28f1312c232b1cbb8285fc218b4057ed38b092a75be,0.3357180394232273,0.5025789141654968,0.2996101975440979,0.9744279086589813,0.26579597033560276,0.6139599718153477,0.17737597227096558,3.1694669742137194,0.0,1465.9871058538556,179.20511635020375,313.7106669601053,False,False,False,ok
BNCI2014_001,ebsw_full_bscale,ebsw,full,bscale,normalized,1,1788,378,377,500,500,2,0.00019449871760579283,0.013946279704845764,,,,7.545158116474482e-05,2.793683898093503,122.7769233819667,,499.9343856714797,0.9998687713429594,,6.21454282909488,0.0021297215052732826,0.01049312434234366,0.020847724184820064,fixed_beta,0,0,73041,375c3c1acf04a617cda55c98838d54132dcbf655b4546e296151920ed382401f,three_row_sha256,,944f93c6fa033d604d9e90219484c40564bfebf4e3306a041f5ec522a76c0b9b,0f2cf9a67445117338a1c28f1312c232b1cbb8285fc218b4057ed38b092a75be,0.2742449287325144,0.365744112059474,0.29410095885396004,0.7119560614228249,0.33412198536098003,0.60238316655159,0.1700371503829956,2.752588363364339,0.0,1468.73969421722,179.20511635020375,313.7106669601053,False,False,False,ok
BNCI2014_001,ebsw_full_bscale,ebsw,full,bscale,normalized,1,1788,379,378,500,500,2,0.00019469800293507426,0.013953422624398441,,,,7.604061222824772e-05,2.793683898093503,122.7769233819667,,499.94810183530484,0.9998962036706097,,6.21455638163153,0.002094546509763188,0.010398342491755249,0.020697858835092876,fixed_beta,0,0,73419,0ff015107613f99c4f94ed96d196ea845ac6e1866453132c7bd1fba05784acdd,three_row_sha256,,944f93c6fa033d604d9e90219484c40564bfebf4e3306a041f5ec522a76c0b9b,0f2cf9a67445117338a1c28f1312c232b1cbb8285fc218b4057ed38b092a75be,0.20822114311158657,0.1981058157980442,0.21320302039384842,0.6764340214431286,0.7269170600920916,4.304732894524932,0.38966303691267967,6.717276992276311,0.0,1475.4569712094963,179.20511635020375,313.7106669601053,False,False,False,ok
BNCI2014_001,ebsw_full_bscale,ebsw,full,bscale,normalized,1,1788,380,379,500,500,2,0.0001899961807587268,0.013783910212952158,,,,7.420899065085833e-05,2.793683898093503,122.7769233819667,,499.94990573008397,0.9998998114601679,,6.214558178510746,0.002092700757379741,0.010378953418617602,0.020661695862177698,fixed_beta,0,0,73798,7e6e4cf26c41b828da5a2abb5caa2234f998dfa7a47d1fac62de01aacd498b7f,three_row_sha256,,944f93c6fa033d604d9e90219484c40564bfebf4e3306a041f5ec522a76c0b9b,0f2cf9a67445117338a1c28f1312c232b1cbb8285fc218b4057ed38b092a75be,0.22251810878515244,0.3657881170511246,0.29141013510525227,0.7151761092245579,0.33785891719162464,2.502087038010359,0.3620539791882038,4.796892404556274,0.0,1480.2538636140525,179.20511635020375,313.7106669601053,False,False,False,ok
BNCI2014_001,ebsw_full_bscale,ebsw,full,bscale,normalized,1,1788,381,380,500,500,2,0.00018430610747156625,0.013575938548460148,,,,7.338458807697228e-05,2.793683898093503,122.7769233819667,,499.9502036871537,0.9999004073743074,,6.21455845932249,0.0020823933517097474,0.010343964716997613,0.020633155973623807,fixed_beta,0,0,74178,44d15a762d093296f280c2b7681e54cb7664e77cebaf28a943761776857b8136,three_row_sha256,,944f93c6fa033d604d9e90219484c40564bfebf4e3306a041f5ec522a76c0b9b,0f2cf9a67445117338a1c28f1312c232b1cbb8285fc218b4057ed38b092a75be,0.25146198458969593,0.3311610780656338,0.3142678178846836,1.0256769601255655,0.4505871329456568,4.099114099517465,0.40297815576195717,6.875247228890657,0.0,1487.1291108429432,179.20511635020375,313.7106669601053,False,False,False,ok
BNCI2014_001,ebsw_full_bscale,ebsw,full,bscale,normalized,1,1788,382,381,500,500,2,0.00019097015988508813,0.013819195341447639,,,,7.45393676045633e-05,2.7936838980935024,122.7769233819667,,499.94880393522016,0.9998976078704404,,6.214557027812046,0.0020607746906236004,0.010297060725399505,0.02056595381574662,fixed_beta,0,0,74559,8b89d52d7bdc60dd01920e09ef55c41dd42d3b800d20c66d984da1a8fa431a7a,three_row_sha256,,944f93c6fa033d604d9e90219484c40564bfebf4e3306a041f5ec522a76c0b9b,0f2cf9a67445117338a1c28f1312c232b1cbb8285fc218b4057ed38b092a75be,0.22237910889089108,1.8851622007787228,0.2894618082791567,0.6390172056853771,0.5886789876967669,0.9453638922423124,0.4017101600766182,4.971773363649845,0.0,1492.100884206593,179.20511635020375,313.7106669601053,False,False,False,ok
BNCI2014_001,ebsw_full_bscale,ebsw,full,bscale,normalized,1,1788,383,382,500,500,2,0.0001947183986306828,0.013954153454462324,,,,7.533653541669623e-05,2.793683898093503,122.7769233819667,,499.9545268886198,0.9999090537772396,,6.214562772571915,0.0020823587302265475,0.01036633992400037,0.020652682003655755,fixed_beta,0,0,74941,4e8955b3feb470536d5259764340485763c07db36b1901a22e7eadd955a6d029,three_row_sha256,,944f93c6fa033d604d9e90219484c40564bfebf4e3306a041f5ec522a76c0b9b,0f2cf9a67445117338a1c28f1312c232b1cbb8285fc218b4057ed38b092a75be,0.4319502040743828,0.3396060783416033,0.3016761038452387,0.9185939561575651,0.5621910095214844,0.9827278554439545,0.3770040348172188,3.9137492422014475,0.0,1496.0146334487945,179.20511635020375,313.7106669601053,False,False,False,ok
BNCI2014_001,ebsw_full_bscale,ebsw,full,bscale,normalized,1,1788,384,383,500,500,2,0.00018475459374615164,0.013592446201701577,,,,7.37861181603723e-05,2.793683898093503,122.7769233819667,,499.957677878706,0.9999153557574121,,6.214565899097394,0.002074983346771112,0.010326477160352806,0.020597856284895417,fixed_beta,0,0,75324,298f308127cc16bdc2375135eb3b4c8cfe4fac47f8ff15411b78917d8b5f7138,three_row_sha256,,944f93c6fa033d604d9e90219484c40564bfebf4e3306a041f5ec522a76c0b9b,0f2cf9a67445117338a1c28f1312c232b1cbb8285fc218b4057ed38b092a75be,0.3734729252755642,0.4680019337683916,0.2903759013861418,2.309901872649789,0.2604138571768999,3.8120721001178026,0.3510601818561554,7.865298772230744,0.0,1503.8799322210252,179.20511635020375,313.7106669601053,False,False,False,ok
BNCI2014_001,ebsw_full_bscale,ebsw,full,bscale,normalized,1,1788,385,384,500,500,2,0.00019563464770625888,0.013986945617476994,,,,7.59723362295247e-05,2.793683898093503,122.7769233819667,,499.9380754174141,0.9998761508348282,,6.2145465786781395,0.0021472114167633725,0.010549958590643012,0.020873558729970702,fixed_beta,0,0,75708,e8db49c40492b3492b9242fdcf11bb5804b08ec3ed8181b7f626a2c92a250d5d,three_row_sha256,,944f93c6fa033d604d9e90219484c40564bfebf4e3306a041f5ec522a76c0b9b,0f2cf9a67445117338a1c28f1312c232b1cbb8285fc218b4057ed38b092a75be,0.40325382724404335,0.3332020714879036,0.2906559966504574,0.6366649176925421,0.24442700669169426,2.6712901890277863,0.36577112041413784,4.945265129208565,0.0,1508.8251973502338,179.20511635020375,313.7106669601053,False,False,False,ok
BNCI2014_001,ebsw_full_bscale,ebsw,full,bscale,normalized,1,1788,386,385,500,500,2,0.0001850042940262048,0.013601628359362154,,,,7.41324521916499e-05,2.793683898093503,122.7769233819667,,499.9498506861053,0.9998997013722106,,6.214558138657095,0.002081709308414295,0.010386605511983473,0.020689694474256726,fixed_beta,0,0,76093,8dbd3f62e9860234b3232ad0b6722e7c95aa2ae8de6046d6f1ab695711111ed2,three_row_sha256,,944f93c6fa033d604d9e90219484c40564bfebf4e3306a041f5ec522a76c0b9b,0f2cf9a67445117338a1c28f1312c232b1cbb8285fc218b4057ed38b092a75be,0.4035320598632097,0.444742850959301,0.300397165119648,0.7886060047894716,0.5493499338626862,3.278957912698388,0.2202379982918501,5.985823925584555,0.0,1514.8110212758183,179.20511635020375,313.7106669601053,False,False,False,ok
BNCI2014_001,ebsw_full_bscale,ebsw,full,bscale,normalized,1,1788,387,386,500,500,2,0.00018618065441708206,0.013644803201845091,,,,7.389425764300813e-05,2.7936838980935024,122.7769233819667,,499.955959489881,0.9999119189797621,,6.21456418452834,0.002067464431489386,0.010316066972569864,0.020584787471193255,fixed_beta,0,0,76479,3c6029a2d9343bbee946880dbc5a122311c59a64af22c0f9fbded035b4a26ed3,three_row_sha256,,944f93c6fa033d604d9e90219484c40564bfebf4e3306a041f5ec522a76c0b9b,0f2cf9a67445117338a1c28f1312c232b1cbb8285fc218b4057ed38b092a75be,0.42861001566052437,0.3811849746853113,0.29897294007241726,1.409452874213457,0.4257399123162031,0.7166098803281784,0.3711809404194355,4.031751537695527,0.0,1518.8427728135139,179.20511635020375,313.7106669601053,False,False,False,ok
BNCI2014_001,ebsw_full_bscale,ebsw,full,bscale,normalized,1,1788,388,387,500,500,2,0.00019254686122682616,0.013876125584140054,,,,7.506939380287428e-05,2.793683898093503,122.7769233819667,,499.950365724879,0.9999007314497581,,6.21455865383929,0.0020898374606161583,0.010387880520379198,0.020705032317011395,fixed_beta,0,0,76866,317b97bb75a1b8b16c84cb4ec782adb060f32c712a057e0edfab1a4c63d9e7c9,three_row_sha256,,944f93c6fa033d604d9e90219484c40564bfebf4e3306a041f5ec522a76c0b9b,0f2cf9a67445117338a1c28f1312c232b1cbb8285fc218b4057ed38b092a75be,0.22468995302915573,0.36586099304258823,0.28964015655219555,0.6706370040774345,0.2959109842777252,0.8388180285692215,0.37168292328715324,3.057240042835474,0.0,1521.9000128563493,179.20511635020375,313.7106669601053,False,False,False,ok
BNCI2014_001,ebsw_full_bscale,ebsw,full,bscale,normalized,1,1788,389,388,500,500,2,0.00018844920514158627,0.013727680253472771,,,,7.425263479546751e-05,2.793683898093503,122.7769233819667,,499.94614950708205,0.9998922990141641,,6.21455447212488,0.002089151992461455,0.01040242510406245,0.020714974505379485,fixed_beta,0,0,77254,9090e7ae4a2c899ede529e2cc3317aa92d1b35c6fb3179b6dda2fbb41a2194d0,three_row_sha256,,944f93c6fa033d604d9e90219484c40564bfebf4e3306a041f5ec522a76c0b9b,0f2cf9a67445117338a1c28f1312c232b1cbb8285fc218b4057ed38b092a75be,0.3727581351995468,0.3411599900573492,0.23053912445902824,1.0211020708084106,0.4965858533978462,1.0102589149028063,0.367733184248209,3.8401372730731964,0.0,1525.7401501294225,179.20511635020375,313.7106669601053,False,False,False,ok
BNCI2014_001,ebsw_full_bscale,ebsw,full,bscale,normalized,1,1788,390,389,500,500,2,0.00018878792248218634,0.013740011735154607,,,,7.452939823342923e-05,2.793683898093503,122.7769233819667,,499.9556495080973,0.9999112990161946,,6.2145638658131315,0.002067336752651974,0.0103199643987894,0.02058111072895414,fixed_beta,0,0,77643,33c92b695c23ec01fbf8b366087e2b14bb366d0dcf6069115239c646eed2b077,three_row_sha256,,944f93c6fa033d604d9e90219484c40564bfebf4e3306a041f5ec522a76c0b9b,0f2cf9a67445117338a1c28f1312c232b1cbb8285fc218b4057ed38b092a75be,0.38856291212141514,0.4392520058900118,0.31003192998468876,1.2813860084861517,0.41913194581866264,0.6282299291342497,0.35691610537469387,3.8235108368098736,0.0,1529.5636609662324,179.20511635020375,313.7106669601053,False,False,False,ok
BNCI2014_001,ebsw_full_bscale,ebsw,full,bscale,normalized,1,1788,391,390,500,500,2,0.00018725446450980086,0.013684095312069442,,,,7.422448371729358e-05,2.793683898093503,122.7769233819667,,499.9524471834406,0.9999048943668812,,6.214560689402793,0.0020766626029526678,0.01034116577984937,0.020642065146178765,fixed_beta,0,0,78033,c7ac680f0dd6185a5e9d4887906f1dcbe62cdef2335db7342e92bcfcbc375216,three_row_sha256,,944f93c6fa033d604d9e90219484c40564bfebf4e3306a041f5ec522a76c0b9b,0f2cf9a67445117338a1c28f1312c232b1cbb8285fc218b4057ed38b092a75be,4.420228069648147,0.3265731502324343,0.21451199427247047,0.9222941007465124,0.9351240005344152,0.709315063431859,0.36873784847557545,7.8967842273414135,0.0,1537.4604451935738,179.20511635020375,313.7106669601053,False,False,False,ok
BNCI2014_001,ebsw_full_bscale,ebsw,full,bscale,normalized,1,1788,392,391,500,500,2,0.00018682745631673373,0.013668484053351847,,,,7.361619509000832e-05,2.793683898093503,122.7769233819667,,499.9563113764518,0.9999126227529037,,6.214564559180231,0.002120578043183047,0.010346995210498967,0.020589977853000242,fixed_beta,0,0,78424,3473966ff72a1b3924eca327f4c1f2cd34564926d2638ee6f09ce58f1a7994aa,three_row_sha256,,944f93c6fa033d604d9e90219484c40564bfebf4e3306a041f5ec522a76c0b9b,0f2cf9a67445117338a1c28f1312c232b1cbb8285fc218b4057ed38b092a75be,0.36638020537793636,0.3221980296075344,0.30085002072155476,0.9013980161398649,0.39442582055926323,0.5690131802111864,0.2330699935555458,3.087335266172886,0.0,1540.5477804597467,179.20511635020375,313.7106669601053,False,False,False,ok
BNCI2014_001,ebsw_full_bscale,ebsw,full,bscale,normalized,1,1788,393,392,500,500,2,0.00018634054593271324,0.01365066100717153,,,,7.389051354179443e-05,2.793683898093503,122.7769233819667,,499.95599020217014,0.9999119804043403,,6.2145642142739455,0.0020713696785523306,0.010321095617439262,0.020583646591642562,fixed_beta,0,0,78816,71ddceab6485ce21e2bbcd30351ff0e58e404f44771363db5ddecb37bf82f14a,three_row_sha256,,944f93c6fa033d604d9e90219484c40564bfebf4e3306a041f5ec522a76c0b9b,0f2cf9a67445117338a1c28f1312c232b1cbb8285fc218b4057ed38b092a75be,0.2746430691331625,0.20789098925888538,0.22935797460377216,0.8975591044872999,0.45157293789088726,3.5672669764608145,0.21646800450980663,5.844759056344628,0.0,1546.3925395160913,179.20511635020375,313.7106669601053,False,False,False,ok
BNCI2014_001,ebsw_full_bscale,ebsw,full,bscale,normalized,1,1788,394,393,500,500,2,0.0001847650343301933,0.013592830254593534,,,,7.340382884105922e-05,2.793683898093503,122.7769233819667,,499.9557173123484,0.9999114346246968,,6.214563949713979,0.002098216066424718,0.010353503953725756,0.020599882276302724,fixed_beta,0,0,79209,7d4e35d1ea7395d3b6bc0dba05d3272447374bb0e7195f5379d82b977671e2d5,three_row_sha256,,944f93c6fa033d604d9e90219484c40564bfebf4e3306a041f5ec522a76c0b9b,0f2cf9a67445117338a1c28f1312c232b1cbb8285fc218b4057ed38b092a75be,0.2878911327570677,0.3467779606580734,0.35022199153900146,0.7728149648755789,0.46695093624293804,2.6209321804344654,0.2957950346171856,5.1413842011243105,0.0,1551.5339237172157,179.20511635020375,313.7106669601053,False,False,False,ok
BNCI2014_001,ebsw_full_bscale,ebsw,full,bscale,normalized,1,1788,395,394,500,500,2,0.00018234014732636608,0.01350333837709646,,,,7.308139383857692e-05,2.793683898093503,122.7769233819667,,499.95203855362723,0.9999040771072545,,6.214560325520864,0.002082339940976261,0.010399475678623468,0.020721101729807626,fixed_beta,0,0,79603,d36f774452e2b9ae74bdba445f6ce84bad9fad2fa9264d64d52857ff7bad1a46,three_row_sha256,,944f93c6fa033d604d9e90219484c40564bfebf4e3306a041f5ec522a76c0b9b,0f2cf9a67445117338a1c28f1312c232b1cbb8285fc218b4057ed38b092a75be,0.32130093313753605,0.2057291567325592,0.22094394080340862,1.161200925707817,0.4630910698324442,0.7503018714487553,0.3523831255733967,3.474951023235917,0.0,1555.0088747404516,179.20511635020375,313.7106669601053,False,False,False,ok
BNCI2014_001,ebsw_full_bscale,ebsw,full,bscale,normalized,1,1788,396,395,500,500,2,0.00018876335760954508,0.01373911778861893,,,,7.435243784375773e-05,2.7936838980935024,122.7769233819667,,499.95104656008743,0.9999020931201749,,6.214559302138583,0.0020921602304875358,0.010367631125386328,0.020631915047558888,fixed_beta,0,0,79998,86c349a3443e2f3cdfc89d6a33a2943aaeee022509fd46c985e6cee65c4cb5b5,three_row_sha256,,944f93c6fa033d604d9e90219484c40564bfebf4e3306a041f5ec522a76c0b9b,0f2cf9a67445117338a1c28f1312c232b1cbb8285fc218b4057ed38b092a75be,0.27426984161138535,0.3073799889534712,0.22193207405507565,0.9503611363470554,0.5111619830131531,0.7410959806293249,0.5057221278548241,3.5119231324642897,0.0,1558.5207978729159,179.20511635020375,313.7106669601053,False,False,False,ok
BNCI2014_001,ebsw_full_bscale,ebsw,full,bscale,normalized,1,1788,397,396,500,500,2,0.0001895229161207313,0.013766732223760703,,,,7.503621086312861e-05,2.793683898093503,122.7769233819667,,499.9477178229858,0.9998954356459716,,6.214556018140996,0.0020929823832191046,0.010419888823562092,0.020728397750001272,fixed_beta,0,0,80394,1c6455fbf7a2b41ef17775eb03da2a4bfd5b8c7f99ad44ca1a3fbaea8dd9710f,three_row_sha256,,944f93c6fa033d604d9e90219484c40564bfebf4e3306a041f5ec522a76c0b9b,0f2cf9a67445117338a1c28f1312c232b1cbb8285fc218b4057ed38b092a75be,0.3926048520952463,0.46109315007925034,0.2997920382767916,0.9519320446997881,0.3335168585181236,0.5698020104318857,0.3195900935679674,3.328331047669053,0.0,1561.849128920585,179.20511635020375,313.7106669601053,False,False,False,ok
BNCI2014_001,ebsw_full_bscale,ebsw,full,bscale,normalized,1,1788,398,397,500,500,2,0.00019168709893411438,0.01384511101198233,,,,7.470821106545318e-05,2.793683898093503,122.7769233819667,,499.9496958842806,0.9998993917685611,,6.21455796962412,0.0020993888046103595,0.010397693253193781,0.02069957950055794,fixed_beta,0,0,80791,8f50220ab7c8c7719e60e3c02180fcd04dff050eeffb3be80274f2da0791b9cc,three_row_sha256,,944f93c6fa033d604d9e90219484c40564bfebf4e3306a041f5ec522a76c0b9b,0f2cf9a67445117338a1c28f1312c232b1cbb8285fc218b4057ed38b092a75be,1.5894779935479164,0.39205816574394703,0.2910888288170099,0.6068029906600714,0.3227049019187689,0.7730529177933931,0.5016480572521687,4.476833855733275,0.0,1566.3259627763182,179.20511635020375,313.7106669601053,False,False,False,ok
BNCI2014_001,ebsw_full_bscale,ebsw,full,bscale,normalized,1,1788,399,398,500,500,2,0.0001937492150079716,0.013919382709300423,,,,7.536350719339867e-05,2.793683898093503,122.7769233819667,,499.9448575703533,0.9998897151407066,,6.214553147210906,0.0020851347330564356,0.010385897979761182,0.020681843240783686,fixed_beta,0,0,81189,0dc001b11c337d6cc831930759aa65ddbc52d06fa543c8a5b3171960757193f6,three_row_sha256,,944f93c6fa033d604d9e90219484c40564bfebf4e3306a041f5ec522a76c0b9b,0f2cf9a67445117338a1c28f1312c232b1cbb8285fc218b4057ed38b092a75be,0.2955729141831398,0.4979260265827179,0.29487605206668377,1.421020831912756,0.5005269777029753,2.2392200771719217,0.1959719229489565,5.445114802569151,0.0,1571.7710775788873,179.20511635020375,313.7106669601053,False,False,False,ok
BNCI2014_001,ebsw_full_bscale,ebsw,full,bscale,normalized,1,1788,400,399,500,500,2,0.00018777833246651834,0.013703223433430483,4.674893789325716,0.6676125613243803,33.23874386756197,7.42066519810196e-05,2.793683898093503,122.7769233819667,,499.95571245380233,0.9999114249076047,,6.214563920837323,0.002066234496685208,0.010301780182559249,0.020565882350394117,fixed_beta,0,0,81588,55c570b12a6e71159821bab3a1a1843b86ca01b4357326afadf55617b6d96839,three_row_sha256,,944f93c6fa033d604d9e90219484c40564bfebf4e3306a041f5ec522a76c0b9b,0f2cf9a67445117338a1c28f1312c232b1cbb8285fc218b4057ed38b092a75be,0.2295919694006443,0.3150748088955879,0.29454100877046585,0.7858357857912779,0.27167797088623047,1.742793945595622,0.4146930295974016,4.05420851893723,12.472297996282578,1575.8252860978246,191.67741434648633,313.7106669601053,False,False,False,ok
BNCI2014_001,ebsw_full_bscale,ebsw,full,bscale,normalized,1,1788,401,400,500,500,2,0.00019348255724600406,0.013909800762268453,,,,7.540958204186556e-05,2.793683898093503,122.7769233819667,,499.94239061366704,0.9998847812273342,,6.214550727216689,0.00210557135834993,0.010420795638087888,0.0207158422956642,fixed_beta,0,0,81988,1abdefbaee6ef8fed2ee44ec3938e77a7d8e930a7000037f5df5226ad7ba1e97,three_row_sha256,,944f93c6fa033d604d9e90219484c40564bfebf4e3306a041f5ec522a76c0b9b,0f2cf9a67445117338a1c28f1312c232b1cbb8285fc218b4057ed38b092a75be,0.4059870261698961,0.35717710852622986,0.3024761099368334,0.9523299522697926,0.4050640854984522,3.9442069828510284,0.38537499494850636,6.752616260200739,0.0,1582.5779023580253,191.67741434648633,363.28077013604343,False,False,False,ok
BNCI2014_001,ebsw_full_bscale,ebsw,full,bscale,normalized,1,1788,402,401,500,500,2,0.0001908010157549589,0.013813074087796638,,,,7.468233752584422e-05,2.7936838980935024,122.7769233819667,,499.94050074820444,0.9998810014964089,,6.214548904757226,0.0021174664654686546,0.010465740159575231,0.020793425816946834,fixed_beta,0,0,82389,b042acf85185b046e241183650fddff5d8f73c08f3aeb2a36f3d984fa932bb85,three_row_sha256,,944f93c6fa033d604d9e90219484c40564bfebf4e3306a041f5ec522a76c0b9b,0f2cf9a67445117338a1c28f1312c232b1cbb8285fc218b4057ed38b092a75be,0.430715037509799,0.6263251416385174,0.3207479603588581,0.9330702014267445,0.3854811657220125,4.032999975606799,0.363379018381238,7.092718500643969,0.0,1589.6706208586693,191.67741434648633,363.28077013604343,False,False,False,ok
BNCI2014_001,ebsw_full_bscale,ebsw,full,bscale,normalized,1,1788,403,402,500,500,2,0.00019330558506382492,0.013903437886502206,,,,7.547473895569328e-05,2.793683898093503,122.7769233819667,,499.9519072691931,0.9999038145383862,,6.214560136992743,0.0020834637915955762,0.01033205029063987,0.020598157780680908,fixed_beta,0,0,82791,7ef2b69056a3eadf90a405e20a4543fb1de08fad85750eaee3bebebb2c3c4185,three_row_sha256,,944f93c6fa033d604d9e90219484c40564bfebf4e3306a041f5ec522a76c0b9b,0f2cf9a67445117338a1c28f1312c232b1cbb8285fc218b4057ed38b092a75be,0.40840101428329945,0.35903602838516235,0.32766698859632015,0.9299761150032282,0.6040059961378574,1.1820290237665176,0.3177691251039505,4.128884291276336,0.0,1593.7995051499456,191.67741434648633,363.28077013604343,False,False,False,ok
BNCI2014_001,ebsw_full_bscale,ebsw,full,bscale,normalized,1,1788,404,403,500,500,2,0.0001907400583563485,0.013810867400578013,,,,7.479672011531359e-05,2.793683898093503,122.7769233819667,,499.9434509826285,0.9998869019652571,,6.214551788185753,0.002112450689604917,0.010407027317585025,0.020708979717269597,fixed_beta,0,0,83194,6e5a8bbb904494066972fad7da56bb611d15b40e37cec4bfa244939c8f4ffc5e,three_row_sha256,,944f93c6fa033d604d9e90219484c40564bfebf4e3306a041f5ec522a76c0b9b,0f2cf9a67445117338a1c28f1312c232b1cbb8285fc218b4057ed38b092a75be,0.25019701570272446,0.6083010230213404,0.30844518914818764,0.7147309370338917,0.28422102332115173,3.2452980522066355,0.35822996869683266,5.769423209130764,0.0,1599.5689283590764,191.67741434648633,363.28077013604343,False,False,False,ok
BNCI2014_001,ebsw_full_bscale,ebsw,full,bscale,normalized,1,1788,405,404,500,500,2,0.00019174837092698525,0.013847323601584,,,,7.486107537435841e-05,2.793683898093503,122.7769233819667,,499.9487004536905,0.999897400907381,,6.21455702933884,0.0021064409085467493,0.010423188679826082,0.020717955818591295,fixed_beta,0,0,83598,fbaefcd4afce1ea24265fa799bd4e4e0560b432de85a7ed9e8667475537603af,three_row_sha256,,944f93c6fa033d604d9e90219484c40564bfebf4e3306a041f5ec522a76c0b9b,0f2cf9a67445117338a1c28f1312c232b1cbb8285fc218b4057ed38b092a75be,0.26525696739554405,0.19846507348120213,0.23193820379674435,0.675905030220747,0.2680558245629072,0.6789229810237885,0.36378297954797745,2.6823270600289106,0.0,1602.2512554191053,191.67741434648633,363.28077013604343,False,False,False,ok
BNCI2014_001,ebsw_full_bscale,ebsw,full,bscale,normalized,1,1788,406,405,500,500,2,0.00018738802895066408,0.013688974722405768,,,,7.418270718500243e-05,2.7936838980935024,122.7769233819667,,499.95077820082184,0.9999015564016437,,6.21455902529169,0.002077408984994276,0.010351545668174424,0.020618889805281194,fixed_beta,0,0,84003,faa91e840357c26c1c2ced11cb00db611e2639c1fee5d829870cb4f84967a4b9,three_row_sha256,,944f93c6fa033d604d9e90219484c40564bfebf4e3306a041f5ec522a76c0b9b,0f2cf9a67445117338a1c28f1312c232b1cbb8285fc218b4057ed38b092a75be,0.30327215790748596,0.33405586145818233,0.30170916579663754,0.8959330152720213,0.40689995512366295,0.7024169899523258,0.4836150910705328,3.4279022365808487,0.0,1605.6791576556861,191.67741434648633,363.28077013604343,False,False,False,ok
BNCI2014_001,ebsw_full_bscale,ebsw,full,bscale,normalized,1,1788,407,406,500,500,2,0.00019229838486820874,0.013867169317067154,,,,7.498842904723037e-05,2.7936838980935024,122.7769233819667,,499.9485987060671,0.9998971974121342,,6.21455688115901,0.002078988435571891,0.010366453996691623,0.020681300561946454,fixed_beta,0,0,84409,d9464d5b3d11a9f794322a8958939b7bc9062fcf083ee9cee96eaa007def5982,three_row_sha256,,944f93c6fa033d604d9e90219484c40564bfebf4e3306a041f5ec522a76c0b9b,0f2cf9a67445117338a1c28f1312c232b1cbb8285fc218b4057ed38b092a75be,0.3807090688496828,0.3481509629637003,0.37038885056972504,0.7741579320281744,0.2352721057832241,0.8517769165337086,0.39857602678239346,3.3590318635106087,0.0,1609.0381895191967,191.67741434648633,363.28077013604343,False,False,False,ok
BNCI2014_001,ebsw_full_bscale,ebsw,full,bscale,normalized,1,1788,408,407,500,500,2,0.00018341774805585655,0.013543180869199693,,,,7.278862090050043e-05,2.793683898093503,122.7769233819667,,499.9539274171593,0.9999078548343187,,6.214562218405654,0.002089055812169406,0.010381788165960918,0.02068194598358848,fixed_beta,0,0,84816,8951e8549274c7d3ee8d2381cf45ba8df1b402b5718db12b79563008fb37f4c4,three_row_sha256,,944f93c6fa033d604d9e90219484c40564bfebf4e3306a041f5ec522a76c0b9b,0f2cf9a67445117338a1c28f1312c232b1cbb8285fc218b4057ed38b092a75be,0.42181089520454407,0.3485351335257292,0.3102740738540888,0.6153180729597807,0.33488101325929165,0.9176610037684441,0.362850958481431,3.3113311510533094,0.0,1612.34952067025,191.67741434648633,363.28077013604343,False,False,False,ok
BNCI2014_001,ebsw_full_bscale,ebsw,full,bscale,normalized,1,1788,409,408,500,500,2,0.0001868743363642817,0.013670198841431742,,,,7.413736668921903e-05,2.793683898093503,122.7769233819667,,499.9516797746017,0.9999033595492034,,6.214559924723158,0.002077444273572471,0.010311341200311344,0.02057909123566746,fixed_beta,0,0,85224,efff74c5eefd165975b3062b4d3619ec8f7fc0f535e83d5ad976b7a506cc4e02,three_row_sha256,,944f93c6fa033d604d9e90219484c40564bfebf4e3306a041f5ec522a76c0b9b,0f2cf9a67445117338a1c28f1312c232b1cbb8285fc218b4057ed38b092a75be,0.3789390902966261,0.33120205625891685,0.30052894726395607,0.6882778834551573,0.27814600616693497,1.1622298043221235,0.38650608621537685,3.5258298739790916,0.0,1615.8753505442291,191.67741434648633,363.28077013604343,False,False,False,ok
BNCI2014_001,ebsw_full_bscale,ebsw,full,bscale,normalized,1,1788,410,409,500,500,2,0.00018468323471853402,0.013589820996559669,,,,7.343092914528588e-05,2.793683898093503,122.7769233819667,,499.9559230532886,0.9999118461065772,,6.214564143040002,0.00208016527086132,0.010348830988228959,0.02060796329721387,fixed_beta,0,0,85633,6ce8b9181dce7b776e58f6148b957782b72e685ecfa5079fde8f403219be2037,three_row_sha256,,944f93c6fa033d604d9e90219484c40564bfebf4e3306a041f5ec522a76c0b9b,0f2cf9a67445117338a1c28f1312c232b1cbb8285fc218b4057ed38b092a75be,0.21075899712741375,0.3479248844087124,0.4093628376722336,2.0513099152594805,0.3098470624536276,1.1194359976798296,0.4212090279906988,4.869848722591996,0.0,1620.7451992668211,191.67741434648633,363.28077013604343,False,False,False,ok
BNCI2014_001,ebsw_full_bscale,ebsw,full,bscale,normalized,1,1788,411,410,500,500,2,0.0001911532604781079,0.013825818618733138,,,,7.481735373667304e-05,2.793683898093503,122.7769233819667,,499.9467220233423,0.9998934440466847,,6.2145550385174095,0.0021029692651627725,0.010422380880897624,0.02072006398645874,fixed_beta,0,0,86043,b8eebe8f731497d38d3d53850ca3a0160255fdda8be2143a98689cfabe78fb50,three_row_sha256,,944f93c6fa033d604d9e90219484c40564bfebf4e3306a041f5ec522a76c0b9b,0f2cf9a67445117338a1c28f1312c232b1cbb8285fc218b4057ed38b092a75be,0.43484894558787346,0.34861499443650246,0.30425586737692356,0.8532351348549128,0.43364381417632103,1.1225570924580097,0.3938449081033468,3.89100075699389,0.0,1624.636200023815,191.67741434648633,363.28077013604343,False,False,False,ok
BNCI2014_001,ebsw_full_bscale,ebsw,full,bscale,normalized,1,1788,412,411,500,500,2,0.00018583006958604816,0.013631950322167704,,,,7.35497343770897e-05,2.7936838980935024,122.7769233819667,,499.94724919912954,0.9998944983982591,,6.214555633378845,0.00212951345202079,0.010441359374622726,0.02076971737116489,fixed_beta,0,0,86454,a93d8b6d3d67031f4307dbe92d65e6913de2a7c165fca87f1ebb6324d105710f,three_row_sha256,,944f93c6fa033d604d9e90219484c40564bfebf4e3306a041f5ec522a76c0b9b,0f2cf9a67445117338a1c28f1312c232b1cbb8285fc218b4057ed38b092a75be,0.21541700698435307,0.36575598642230034,0.30469102784991264,0.6785800214856863,0.3206809051334858,1.0126398410648108,0.42646401561796665,3.3242288045585155,0.0,1627.9604288283736,191.67741434648633,363.28077013604343,False,False,False,ok
BNCI2014_001,ebsw_full_bscale,ebsw,full,bscale,normalized,1,1788,413,412,500,500,2,0.00018895523882800624,0.013746099040382556,,,,7.422298134435122e-05,2.793683898093503,122.7769233819667,,499.95102988457205,0.9999020597691441,,6.214559337569028,0.0021086134151087443,0.01041544578527568,0.020703814848089065,fixed_beta,0,0,86866,67ac1f0541bb684cc13a7d4a9a2449adfe166a76e605fc242acc64e744efd4fb,three_row_sha256,,944f93c6fa033d604d9e90219484c40564bfebf4e3306a041f5ec522a76c0b9b,0f2cf9a67445117338a1c28f1312c232b1cbb8285fc218b4057ed38b092a75be,0.4304409958422184,0.35059615038335323,0.3204371314495802,0.6165460217744112,0.25370088405907154,0.8783780504018068,0.3600860945880413,3.2101853284984827,0.0,1631.170614156872,191.67741434648633,363.28077013604343,False,False,False,ok
BNCI2014_001,ebsw_full_bscale,ebsw,full,bscale,normalized,1,1788,414,413,500,500,2,0.00018951603174663639,0.013766482184880652,,,,7.430078963741968e-05,2.793683898093503,122.7769233819667,,499.949391622282,0.999898783244564,,6.214557685380058,0.0020914446829090995,0.010388285769724543,0.020666437244340273,fixed_beta,0,0,87279,f3e66cec95c2c1232dab3d019e5c8c9121fef4329a65e157f3beadfdf4a0be75,three_row_sha256,,944f93c6fa033d604d9e90219484c40564bfebf4e3306a041f5ec522a76c0b9b,0f2cf9a67445117338a1c28f1312c232b1cbb8285fc218b4057ed38b092a75be,0.4859140608459711,0.3470440860837698,0.2987510524690151,0.5648410879075527,0.3740941174328327,0.8807098492980003,0.4712140653282404,3.422568319365382,0.0,1634.5931824762374,191.67741434648633,363.28077013604343,False,False,False,ok
BNCI2014_001,ebsw_full_bscale,ebsw,full,bscale,normalized,1,1788,415,414,500,500,2,0.00018485088613587206,0.013595987869069024,,,,7.384406495124374e-05,2.793683898093503,122.7769233819667,,499.9519885290922,0.9999039770581845,,6.214560253952968,0.002084400984735329,0.010365226808487065,0.020658151300541067,fixed_beta,0,0,87693,7913cccec135a7319b6f3c396f6d3d462009e692de7bac88058c05e0b8d6f266,three_row_sha256,,944f93c6fa033d604d9e90219484c40564bfebf4e3306a041f5ec522a76c0b9b,0f2cf9a67445117338a1c28f1312c232b1cbb8285fc218b4057ed38b092a75be,0.37773302756249905,0.3540960606187582,0.3717029467225075,0.5619348958134651,1.742793945595622,0.8354261517524719,0.38381898775696754,4.627506015822291,0.0,1639.2206884920597,191.67741434648633,363.28077013604343,False,False,False,ok
BNCI2014_001,ebsw_full_bscale,ebsw,full,bscale,normalized,1,1788,416,415,500,500,2,0.0001893690757077074,0.013761143691848705,,,,7.43720807350584e-05,2.793683898093503,122.7769233819667,,499.953255289412,0.9999065105788241,,6.214561489953312,0.002076083895757336,0.01034428470238839,0.020629877891529088,fixed_beta,0,0,88108,381de3a655043c9df3c9cdc8a6567f6b1cf30b97f4648765a553b0a2ae245405,three_row_sha256,,944f93c6fa033d604d9e90219484c40564bfebf4e3306a041f5ec522a76c0b9b,0f2cf9a67445117338a1c28f1312c232b1cbb8285fc218b4057ed38b092a75be,0.20872289314866066,0.39258203469216824,0.29968214221298695,0.6131131667643785,0.29229489155113697,0.6927691865712404,0.4781140014529228,2.9772783163934946,0.0,1642.1979668084532,191.67741434648633,363.28077013604343,False,False,False,ok
BNCI2014_001,ebsw_full_bscale,ebsw,full,bscale,normalized,1,1788,417,416,500,500,2,0.00018609194005241692,0.013641551966415585,,,,7.390908548619667e-05,2.793683898093503,122.7769233819667,,499.94340009317125,0.9998868001863426,,6.214551820877665,0.0021321004866172283,0.010480022774088766,0.020774391938713423,fixed_beta,0,0,88524,51089006f192dbe06ccd63a0fe22252aeba08def3281fa1770e8424a3beb520d,three_row_sha256,,944f93c6fa033d604d9e90219484c40564bfebf4e3306a041f5ec522a76c0b9b,0f2cf9a67445117338a1c28f1312c232b1cbb8285fc218b4057ed38b092a75be,0.19953190349042416,0.35347999073565006,0.38160989060997963,0.5598149728029966,0.3037489950656891,0.8833790197968483,0.36481302231550217,3.04637779481709,0.0,1645.2443446032703,191.67741434648633,363.28077013604343,False,False,False,ok
BNCI2014_001,ebsw_full_bscale,ebsw,full,bscale,normalized,1,1788,418,417,500,500,2,0.0001893099371016152,0.013758994770753246,,,,7.450770452058542e-05,2.7936838980935033,122.7769233819667,,499.94600243252347,0.9998920048650469,,6.214554352208719,0.0021124533450124316,0.010434921045923945,0.02073813649314071,fixed_beta,0,0,88941,c5ddb171cc9bbc0c7389b0ecccd88d4aa6a49e3237ae673c1047acc032045b96,three_row_sha256,,944f93c6fa033d604d9e90219484c40564bfebf4e3306a041f5ec522a76c0b9b,0f2cf9a67445117338a1c28f1312c232b1cbb8285fc218b4057ed38b092a75be,0.21011196076869965,0.45262393541634083,0.2940190024673939,0.5709819961339235,0.2914431970566511,0.7849331013858318,0.40561496280133724,3.009728156030178,0.0,1648.2540727593005,191.67741434648633,363.28077013604343,False,False,False,ok
BNCI2014_001,ebsw_full_bscale,ebsw,full,bscale,normalized,1,1788,419,418,500,500,2,0.00019232226657156794,0.013868030378232084,,,,7.524384406412026e-05,2.7936838980935024,122.7769233819667,,499.94572294308153,0.9998914458861631,,6.214554026449744,0.0020912824057043988,0.010403529469628914,0.020710943365658794,fixed_beta,0,0,89359,e508307bb7a4380dd27ff48e9bd2d41ea4b1ae24f3f44e7777da96ac5ca1efbf,three_row_sha256,,944f93c6fa033d604d9e90219484c40564bfebf4e3306a041f5ec522a76c0b9b,0f2cf9a67445117338a1c28f1312c232b1cbb8285fc218b4057ed38b092a75be,0.20480784587562084,0.399567186832428,0.29413984157145023,0.6086910143494606,0.3412459045648575,0.7511789444833994,0.36830687895417213,2.9679376166313887,0.0,1651.2220103759319,191.67741434648633,363.28077013604343,False,False,False,ok
BNCI2014_001,ebsw_full_bscale,ebsw,full,bscale,normalized,1,1788,420,419,500,500,2,0.00018789935333994655,0.01370763850340191,,,,7.358473132562527e-05,2.7936838980935024,122.7769233819667,,499.9505533290544,0.9999011066581088,,6.21455882947078,0.0020861791669001583,0.010380270750719426,0.020677972709014447,fixed_beta,0,0,89778,25f7f1e6cce61a000eb24b58a264b8d2d43b2924e3b7dda50f911fe40501d612,three_row_sha256,,944f93c6fa033d604d9e90219484c40564bfebf4e3306a041f5ec522a76c0b9b,0f2cf9a67445117338a1c28f1312c232b1cbb8285fc218b4057ed38b092a75be,0.2025030553340912,0.35042501986026764,0.29518804512917995,0.5579011049121618,0.4082650411874056,0.8348219562321901,0.3783621359616518,3.027466358616948,0.0,1654.2494767345488,191.67741434648633,363.28077013604343,False,False,False,ok
BNCI2014_001,ebsw_full_bscale,ebsw,full,bscale,normalized,1,1788,421,420,500,500,2,0.00018792036676680644,0.013708404968004354,,,,7.405176433505846e-05,2.793683898093503,122.7769233819667,,499.9590693634751,0.9999181387269502,,6.214567274296875,0.0020718779505380343,0.010317171652423516,0.020547848792644208,fixed_beta,0,0,90198,254a57c92d3a6eb48f6605fd5cfd606b02e1a9c486fac2920dd78b3a489138e8,three_row_sha256,,944f93c6fa033d604d9e90219484c40564bfebf4e3306a041f5ec522a76c0b9b,0f2cf9a67445117338a1c28f1312c232b1cbb8285fc218b4057ed38b092a75be,0.21213898435235023,0.3440289292484522,0.29140105471014977,0.6672551389783621,0.2909288741648197,1.0126170236617327,0.6663869135081768,3.4847569186240435,0.0,1657.7342336531729,191.67741434648633,363.28077013604343,False,False,False,ok
BNCI2014_001,ebsw_full_bscale,ebsw,full,bscale,normalized,1,1788,422,421,500,500,2,0.00018565537339931503,0.013625541214913814,,,,7.340366512127188e-05,2.793683898093503,122.7769233819667,,499.95487941615073,0.9999097588323015,,6.214563104940625,0.0020829508352135867,0.010327432259122745,0.020573296331854098,fixed_beta,0,0,90619,20d22130f7494d749de7399210db4f3a084835a8fe5764a4df3b9b059b4d6cc9,three_row_sha256,,944f93c6fa033d604d9e90219484c40564bfebf4e3306a041f5ec522a76c0b9b,0f2cf9a67445117338a1c28f1312c232b1cbb8285fc218b4057ed38b092a75be,0.22238120436668396,0.39515807293355465,0.29443996027112007,0.5593609530478716,0.33161602914333344,0.9012969676405191,0.3643741365522146,3.0686273239552975,0.0,1660.8028609771281,191.67741434648633,363.28077013604343,False,False,False,ok
BNCI2014_001,ebsw_full_bscale,ebsw,full,bscale,normalized,1,1788,423,422,500,500,2,0.00018816194317077648,0.013717213389416106,,,,7.393509339447873e-05,2.793683898093503,122.7769233819667,,499.9517745497866,0.9999035490995732,,6.2145600585017515,0.002086934745339985,0.010395460426878127,0.020691989124032518,fixed_beta,0,0,91041,769f84917b442be014a5ee134374e691dc1c74d55d19036820dcb0cbb90963d1,three_row_sha256,,944f93c6fa033d604d9e90219484c40564bfebf4e3306a041f5ec522a76c0b9b,0f2cf9a67445117338a1c28f1312c232b1cbb8285fc218b4057ed38b092a75be,0.3830909263342619,0.3421739675104618,0.29698596335947514,0.6646830588579178,0.28878706507384777,0.8233801927417517,0.3808338660746813,3.1799350399523973,0.0,1663.9827960170805,191.67741434648633,363.28077013604343,False,False,False,ok
BNCI2014_001,ebsw_full_bscale,ebsw,full,bscale,normalized,1,1788,424,423,500,500,2,0.00019182685233633896,0.013850157123164305,,,,7.536699857150838e-05,2.793683898093503,122.7769233819667,,499.95461237937855,0.9999092247587571,,6.2145628552562755,0.002080422409427787,0.010346639224835717,0.02062295609052,fixed_beta,0,0,91464,45435f9eb37f34fd44a9d4e880e1e17ed680aa3a00ec7eb5f3d078a3db293cfb,three_row_sha256,,944f93c6fa033d604d9e90219484c40564bfebf4e3306a041f5ec522a76c0b9b,0f2cf9a67445117338a1c28f1312c232b1cbb8285fc218b4057ed38b092a75be,0.20744604989886284,0.34584500826895237,0.40963501669466496,1.5784779097884893,0.7371040992438793,1.1650740634649992,0.4249319899827242,4.868514137342572,0.0,1668.8513101544231,191.67741434648633,363.28077013604343,False,False,False,ok
BNCI2014_001,ebsw_full_bscale,ebsw,full,bscale,normalized,1,1788,425,424,500,500,2,0.0001833160203817264,0.013539424669524418,4.627269521849067,0.6608114315823784,33.91885684176216,7.298030679744895e-05,2.793683898093503,122.7769233819667,,499.9575114320591,0.9999150228641183,,6.2145657164203225,0.0020773574984875296,0.010317890312246947,0.020565678627899694,fixed_beta,0,0,91888,8ae972bb29f0425d94fc0bbb516edaa3a7a2ab45135b6959d21ad21123c908e1,three_row_sha256,,944f93c6fa033d604d9e90219484c40564bfebf4e3306a041f5ec522a76c0b9b,0f2cf9a67445117338a1c28f1312c232b1cbb8285fc218b4057ed38b092a75be,0.20952592603862286,0.3070901148021221,0.23008394055068493,0.7634530775249004,0.24703284725546837,1.094401115551591,0.40749087929725647,3.259077901020646,10.806903010234237,1672.1103880554438,202.48431735672057,363.28077013604343,False,False,False,ok
BNCI2014_001,ebsw_full_bscale,ebsw,full,bscale,normalized,1,1788,426,425,500,500,2,0.0001846793358844188,0.013589677548949379,,,,7.355835896309425e-05,2.7936838980935033,122.7769233819667,,499.9555096916128,0.9999110193832256,,6.214563746132853,0.0020987192700163354,0.010352821298553309,0.02059393505127063,fixed_beta,0,0,92313,a646831e525bc790172e14d8cad6a293d259842a71efecc24beb8868abe27492,three_row_sha256,,944f93c6fa033d604d9e90219484c40564bfebf4e3306a041f5ec522a76c0b9b,0f2cf9a67445117338a1c28f1312c232b1cbb8285fc218b4057ed38b092a75be,0.40653394535183907,0.454318942502141,0.3278888761997223,0.9790419135242701,0.5239939782768488,1.2504030019044876,0.4022789653390646,4.344459623098373,0.0,1676.4548476785421,202.48431735672057,363.28077013604343,False,False,False,ok
BNCI2014_001,ebsw_full_bscale,ebsw,full,bscale,normalized,1,1788,427,426,500,500,2,0.00019272026788288171,0.013882372559576469,,,,7.486581121936876e-05,2.793683898093503,122.7769233819667,,499.9506685512806,0.9999013371025612,,6.21455891074533,0.0020879828298432978,0.010370133900519366,0.02064495627664309,fixed_beta,0,0,92739,c568974fef3fdec75829bc1ecc6b80aa364c300bf858c4623ef89aeab0ba9ee6,three_row_sha256,,944f93c6fa033d604d9e90219484c40564bfebf4e3306a041f5ec522a76c0b9b,0f2cf9a67445117338a1c28f1312c232b1cbb8285fc218b4057ed38b092a75be,0.24187006056308746,0.326043926179409,0.5905418656766415,0.8586538024246693,0.4101239610463381,0.7701900321990252,0.26140199042856693,3.4588256385177374,0.0,1679.9136733170599,202.48431735672057,363.28077013604343,False,False,False,ok
BNCI2014_001,ebsw_full_bscale,ebsw,full,bscale,normalized,1,1788,428,427,500,500,2,0.00018752942546528022,0.013694138361550178,,,,7.377787399112137e-05,2.793683898093503,122.7769233819667,,499.9596322055521,0.9999192644111042,,6.214567819175545,0.002096073896864803,0.010316527818367447,0.02053194870362241,fixed_beta,0,0,93166,175dd7b7e4d5cc5f1ef5b615ca5a70ffa86258f6bbae4f9232f28041117d670a,three_row_sha256,,944f93c6fa033d604d9e90219484c40564bfebf4e3306a041f5ec522a76c0b9b,0f2cf9a67445117338a1c28f1312c232b1cbb8285fc218b4057ed38b092a75be,0.4263990558683872,0.4962559323757887,0.30806194990873337,0.7173249032348394,0.4735691472887993,0.8908540476113558,0.2192668616771698,3.5317318979650736,0.0,1683.445405215025,202.48431735672057,363.28077013604343,False,False,False,ok
BNCI2014_001,ebsw_full_bscale,ebsw,full,bscale,normalized,1,1788,429,428,500,500,2,0.0001876808205333855,0.013699664978873954,,,,7.39539412163821e-05,2.793683898093503,122.7769233819667,,499.9391576063034,0.9998783152126068,,6.214547550591397,0.002116242144962395,0.01046498079647522,0.020776561522087074,fixed_beta,0,0,93594,5e7e464a10b66bd654c3ee69e621f25f03c3cbd72e64e006201e9b9f4ef62152,three_row_sha256,,944f93c6fa033d604d9e90219484c40564bfebf4e3306a041f5ec522a76c0b9b,0f2cf9a67445117338a1c28f1312c232b1cbb8285fc218b4057ed38b092a75be,0.49886107444763184,0.34359609708189964,0.3178538754582405,0.8881089743226767,0.45193894766271114,0.8381451480090618,0.35556009970605373,3.6940642166882753,0.0,1687.1394694317132,202.48431735672057,363.28077013604343,False,False,False,ok
BNCI2014_001,ebsw_full_bscale,ebsw,full,bscale,normalized,1,1788,430,429,500,500,2,0.00018499144580568614,0.013601156046663319,,,,7.376039342068404e-05,2.793683898093503,122.7769233819667,,499.95623970458826,0.9999124794091765,,6.2145644896127505,0.0021184071822744114,0.010346417897170841,0.02058666137034524,fixed_beta,0,0,94023,ab120a4b14260965acee3442dd61d6cd00bbc0d3b0b369953f83ef8cbc7bbab2,three_row_sha256,,944f93c6fa033d604d9e90219484c40564bfebf4e3306a041f5ec522a76c0b9b,0f2cf9a67445117338a1c28f1312c232b1cbb8285fc218b4057ed38b092a75be,0.5272920243442059,0.5172549281269312,0.30765682458877563,0.7079141214489937,0.3831449430435896,2.1920681465417147,0.27946592308580875,4.914796911180019,0.0,1692.0542663428932,202.48431735672057,363.28077013604343,False,False,False,ok
BNCI2014_001,ebsw_full_bscale,ebsw,full,bscale,normalized,1,1788,431,430,500,500,2,0.00019575001983653255,0.013991069288533045,,,,7.578671231428852e-05,2.793683898093503,122.7769233819667,,499.9487290823716,0.9998974581647432,,6.2145570135405,0.002113893713847905,0.010426494253963664,0.02067949183609512,fixed_beta,0,0,94453,0e48afc9a58880933b82c566f8f4532f4c0c0f17dfebf724ca3292cb36890230,three_row_sha256,,944f93c6fa033d604d9e90219484c40564bfebf4e3306a041f5ec522a76c0b9b,0f2cf9a67445117338a1c28f1312c232b1cbb8285fc218b4057ed38b092a75be,0.490404199808836,0.3473821561783552,0.32061291858553886,0.8766970131546259,0.4625909496098757,0.9618860203772783,0.3840029239654541,3.843576181679964,0.0,1695.8978425245732,202.48431735672057,363.28077013604343,False,False,False,ok
BNCI2014_001,ebsw_full_bscale,ebsw,full,bscale,normalized,1,1788,432,431,500,500,2,0.00018501859861840106,0.013602154190362682,,,,7.398107873181997e-05,2.793683898093503,122.7769233819667,,499.94921927661244,0.9998984385532249,,6.214557542977868,0.0021103091426159363,0.010416319446261351,0.02070163153712232,fixed_beta,0,0,94884,f2ec451909f157bc3bdabee2e520594cce3d92a0648be8b6d00020b0e72c330b,three_row_sha256,,944f93c6fa033d604d9e90219484c40564bfebf4e3306a041f5ec522a76c0b9b,0f2cf9a67445117338a1c28f1312c232b1cbb8285fc218b4057ed38b092a75be,0.5187620408833027,0.5030462052673101,0.3295170608907938,0.9622019715607166,0.6289738230407238,2.2125469986349344,0.23660296574234962,5.391651066020131,0.0,1701.2894935905933,202.48431735672057,363.28077013604343,False,False,False,ok
BNCI2014_001,ebsw_full_bscale,ebsw,full,bscale,normalized,1,1788,433,432,500,500,2,0.00018693722122360652,0.013672498719093248,,,,7.376578830334904e-05,2.793683898093503,122.7769233819667,,499.950670169779,0.999901340339558,,6.214558920445043,0.0020822250911672236,0.010353903171001997,0.020630812336201596,fixed_beta,0,0,95316,53148424f5c2a781f25817f2fa2f85978db7fc3e3a872dc641dac88570c23967,three_row_sha256,,944f93c6fa033d604d9e90219484c40564bfebf4e3306a041f5ec522a76c0b9b,0f2cf9a67445117338a1c28f1312c232b1cbb8285fc218b4057ed38b092a75be,0.31271204352378845,0.6166051607578993,0.3593140281736851,0.7621971890330315,0.4030880518257618,1.0548080317676067,0.35690702497959137,3.865631530061364,0.0,1705.1551251206547,202.48431735672057,363.28077013604343,False,False,False,ok
BNCI2014_001,ebsw_full_bscale,ebsw,full,bscale,normalized,1,1788,434,433,500,500,2,0.00019061264254341815,0.013806253747610832,,,,7.440192107658792e-05,2.793683898093503,122.7769233819667,,499.9474748694639,0.9998949497389279,,6.214555782760419,0.0020880492275754704,0.0103910405708079,0.020706818191628125,fixed_beta,0,0,95749,88dcfecdbd59b6850f84d59421afeab08371a43f59375725f26c23f6a50d84b9,three_row_sha256,,944f93c6fa033d604d9e90219484c40564bfebf4e3306a041f5ec522a76c0b9b,0f2cf9a67445117338a1c28f1312c232b1cbb8285fc218b4057ed38b092a75be,0.36399904638528824,0.334413954988122,0.31510787084698677,0.632008071988821,0.24433014914393425,0.8967739995568991,0.4204271826893091,3.2070602755993605,0.0,1708.362185396254,202.48431735672057,363.28077013604343,False,False,False,ok
BNCI2014_001,ebsw_full_bscale,ebsw,full,bscale,normalized,1,1788,435,434,500,500,2,0.00019089302250350582,0.013816404109011353,,,,7.513764576221347e-05,2.793683898093503,122.7769233819667,,499.9543305453182,0.9999086610906365,,6.2145625637677,0.002086622294169534,0.010367232425475782,0.020630624605204113,fixed_beta,0,0,96183,84440da6a25f3471e2b1fb3d9821ce06c02fd2055a01912951e24e8496571189,three_row_sha256,,944f93c6fa033d604d9e90219484c40564bfebf4e3306a041f5ec522a76c0b9b,0f2cf9a67445117338a1c28f1312c232b1cbb8285fc218b4057ed38b092a75be,0.3390558995306492,0.40594814345240593,0.4116280470043421,1.0113969910889864,1.6673961654305458,1.0361340828239918,0.6506799254566431,5.522239254787564,0.0,1713.8844246510416,202.48431735672057,363.28077013604343,False,False,False,ok
BNCI2014_001,ebsw_full_bscale,ebsw,full,bscale,normalized,1,1788,436,435,500,500,2,0.00018883336176245253,0.013741665174295746,,,,7.446997735798193e-05,2.793683898093503,122.7769233819667,,499.9448219762823,0.9998896439525646,,6.214553153116525,0.002099528164358252,0.010414712316347451,0.02074668100714515,fixed_beta,0,0,96618,a68af723c41014922aa7326e4829a0a4d6a2f8ce502931485768e8e446896663,three_row_sha256,,944f93c6fa033d604d9e90219484c40564bfebf4e3306a041f5ec522a76c0b9b,0f2cf9a67445117338a1c28f1312c232b1cbb8285fc218b4057ed38b092a75be,0.3663168754428625,0.3369161859154701,0.31341100111603737,0.8147698827087879,0.29364204965531826,1.1465810239315033,0.36149611696600914,3.6331331357359886,0.0,1717.5175577867776,202.48431735672057,363.28077013604343,False,False,False,ok
BNCI2014_001,ebsw_full_bscale,ebsw,full,bscale,normalized,1,1788,437,436,500,500,2,0.0001783829757733942,0.013356008976239654,,,,7.235747970319329e-05,2.793683898093503,122.7769233819667,,499.955648091242,0.999911296182484,,6.214563925839967,0.0020959507618525017,0.010408969073938373,0.020664891125860035,fixed_beta,0,0,97054,8c22c43ad4806a769c306b8229c86ccfa4f6847eafdc2e294fad85cd7a192139,three_row_sha256,,944f93c6fa033d604d9e90219484c40564bfebf4e3306a041f5ec522a76c0b9b,0f2cf9a67445117338a1c28f1312c232b1cbb8285fc218b4057ed38b092a75be,0.42957114055752754,0.5137110128998756,0.3186110407114029,1.0225209407508373,0.24947989732027054,1.5474739484488964,0.4231259226799011,4.5044939033687115,0.0,1722.0220516901463,202.48431735672057,363.28077013604343,False,False,False,ok
BNCI2014_001,ebsw_full_bscale,ebsw,full,bscale,normalized,1,1788,438,437,500,500,2,0.0001815060540010643,0.013472418268487076,,,,7.266734974903688e-05,2.793683898093503,122.7769233819667,,499.9566637919889,0.9999133275839778,,6.214564912291828,0.002089391464757278,0.010349283806713887,0.02063575594374016,fixed_beta,0,0,97491,a550f6d24d61d3d03ff70f0165f71b306dbdb7e24ed4d250e2c813290464bffc,three_row_sha256,,944f93c6fa033d604d9e90219484c40564bfebf4e3306a041f5ec522a76c0b9b,0f2cf9a67445117338a1c28f1312c232b1cbb8285fc218b4057ed38b092a75be,0.25193579494953156,0.3432128578424454,0.3241659142076969,0.6204070523381233,0.33188797533512115,0.907080015167594,0.5443119443953037,3.323001554235816,0.0,1725.3450532443821,202.48431735672057,363.28077013604343,False,False,False,ok
BNCI2014_001,ebsw_full_bscale,ebsw,full,bscale,normalized,1,1788,439,438,500,500,2,0.00018494463397110772,0.013599435060733505,,,,7.340550791272733e-05,2.793683898093503,122.7769233819667,,499.95791699107167,0.9999158339821433,,6.214566141819197,0.0020803877305183185,0.01034668829842737,0.020598941604329353,fixed_beta,0,0,97929,9f7451919e0415e17889062a94a63e15b8e0d9d000e7624e069e7166e22f70dc,three_row_sha256,,944f93c6fa033d604d9e90219484c40564bfebf4e3306a041f5ec522a76c0b9b,0f2cf9a67445117338a1c28f1312c232b1cbb8285fc218b4057ed38b092a75be,0.563519075512886,0.5280880723148584,0.31127803958952427,0.7089560385793447,0.38980599492788315,1.4199379365891218,0.4338601138442755,4.355445271357894,0.0,1729.70049851574,202.48431735672057,363.28077013604343,False,False,False,ok
BNCI2014_001,ebsw_full_bscale,ebsw,full,bscale,normalized,1,1788,440,439,500,500,2,0.00018675878815270448,0.01366597190662649,,,,7.406813618186111e-05,2.793683898093503,122.7769233819667,,499.95383429248164,0.9999076685849633,,6.214562079014128,0.0020802437949202497,0.010362733158281689,0.020630881214219673,fixed_beta,0,0,98368,4bfdee17a211481ab5a0a8e761fd7eee98421adbc0b8243a37aff8d407d92ecf,three_row_sha256,,944f93c6fa033d604d9e90219484c40564bfebf4e3306a041f5ec522a76c0b9b,0f2cf9a67445117338a1c28f1312c232b1cbb8285fc218b4057ed38b092a75be,0.26029092259705067,0.3821889404207468,0.3112268168479204,0.8545420132577419,0.2599898725748062,1.216538017615676,0.5561239086091518,3.840900491923094,0.0,1733.5413990076631,202.48431735672057,363.28077013604343,False,False,False,ok
BNCI2014_001,ebsw_full_bscale,ebsw,full,bscale,normalized,1,1788,441,440,500,500,2,0.00018265075217266112,0.013514834522577814,,,,7.323813911448937e-05,2.793683898093503,122.7769233819667,,499.94946854605627,0.9998989370921125,,6.214557814352941,0.002113871049367527,0.010446749168313438,0.020728566364337706,fixed_beta,0,0,98808,bf309dd34a42435c660e5888650aa94d994fffb2c8536f31e7d139e8d7a43a88,three_row_sha256,,944f93c6fa033d604d9e90219484c40564bfebf4e3306a041f5ec522a76c0b9b,0f2cf9a67445117338a1c28f1312c232b1cbb8285fc218b4057ed38b092a75be,0.43195695616304874,0.5157880950719118,0.31532393768429756,0.6257968489080667,0.4547208081930876,1.2714241165667772,0.42682397179305553,4.041834734380245,0.0,1737.5832337420434,202.48431735672057,363.28077013604343,False,False,False,ok
BNCI2014_001,ebsw_full_bscale,ebsw,full,bscale,normalized,1,1788,442,441,500,500,2,0.0001845946372897198,0.01358656090737166,,,,7.363143685264297e-05,2.793683898093503,122.7769233819667,,499.954123330335,0.99990824666067,,6.214562357794388,0.00209549503992202,0.010349497197310688,0.020608268832566126,fixed_beta,0,0,99249,21b6c526a3476402b4ba755051c8504893dc18c88d281fa4a02effdfdb2dbae2,three_row_sha256,,944f93c6fa033d604d9e90219484c40564bfebf4e3306a041f5ec522a76c0b9b,0f2cf9a67445117338a1c28f1312c232b1cbb8285fc218b4057ed38b092a75be,0.24731107987463474,0.35039312206208706,0.31243800185620785,0.6343410350382328,0.31760591082274914,1.2197140604257584,0.5067081656306982,3.588511375710368,0.0,1741.1717451177537,202.48431735672057,363.28077013604343,False,False,False,ok
BNCI2014_001,ebsw_full_bscale,ebsw,full,bscale,normalized,1,1788,443,442,500,500,2,0.00018554830754520895,0.013621611782208776,,,,7.420936992540656e-05,2.793683898093503,122.7769233819667,,499.95040353071926,0.9999008070614386,,6.2145586866773,0.0020845857031147144,0.010373582759420096,0.02066396994871112,fixed_beta,0,0,99691,12338de0c0093480e59a123f73a6a63bad6cdb23bd142917d4e599b5f82fcd20,three_row_sha256,,944f93c6fa033d604d9e90219484c40564bfebf4e3306a041f5ec522a76c0b9b,0f2cf9a67445117338a1c28f1312c232b1cbb8285fc218b4057ed38b092a75be,0.42950292117893696,0.47888001427054405,0.30988501384854317,0.9670369327068329,0.32205600291490555,2.013632096350193,0.36147888749837875,4.882471868768334,0.0,1746.054216986522,202.48431735672057,363.28077013604343,False,False,False,ok
BNCI2014_001,ebsw_full_bscale,ebsw,full,bscale,normalized,1,1788,444,443,500,500,2,0.0001893499241104593,0.013760447816494175,,,,7.470175388858886e-05,2.793683898093503,122.7769233819667,,499.950657558672,0.999901315117344,,6.2145589183834,0.002076468005289466,0.01036094399478087,0.02065803380009218,fixed_beta,0,0,100134,97d08c0a0acebee1f2e17e935d8bc0e2bdac41a16ace68c0506b74a9693345e4,three_row_sha256,,944f93c6fa033d604d9e90219484c40564bfebf4e3306a041f5ec522a76c0b9b,0f2cf9a67445117338a1c28f1312c232b1cbb8285fc218b4057ed38b092a75be,0.4136310890316963,0.3480489831417799,0.3205819521099329,0.6318169180303812,0.30996999703347683,0.9169650729745626,0.5041239783167839,3.4451379906386137,0.0,1749.4993549771607,202.48431735672057,363.28077013604343,False,False,False,ok
BNCI2014_001,ebsw_full_bscale,ebsw,full,bscale,normalized,1,1788,445,444,500,500,2,0.0001906393061388533,0.013807219348545648,,,,7.461114023488445e-05,2.7936838980935033,122.7769233819667,,499.9456930716338,0.9998913861432677,,6.214554030429898,0.0020986534115903753,0.010417630040555233,0.02073933824116074,fixed_beta,0,0,100578,fc983669a007ce9095d5669a118e809d2bd434dedd713aa35665699f63acb575,three_row_sha256,,944f93c6fa033d604d9e90219484c40564bfebf4e3306a041f5ec522a76c0b9b,0f2cf9a67445117338a1c28f1312c232b1cbb8285fc218b4057ed38b092a75be,0.4255380481481552,0.5334899760782719,0.3041578456759453,0.6054698023945093,0.4756511189043522,0.9894170798361301,0.34896889701485634,3.6826927680522203,0.0,1753.182047745213,202.48431735672057,363.28077013604343,False,False,False,ok
BNCI2014_001,ebsw_full_bscale,ebsw,full,bscale,normalized,1,1788,446,445,500,500,2,0.0001847667481142421,0.013592893294447732,,,,7.365662253054828e-05,2.793683898093503,122.7769233819667,,499.960291211416,0.999920582422832,,6.214568518596408,0.0020777269167471754,0.010334577761614118,0.02060343297588369,fixed_beta,0,0,101023,e8c430b8e323c5991c5fd04f60fffad21e6ad13e3df74a75d679896b5761ff29,three_row_sha256,,944f93c6fa033d604d9e90219484c40564bfebf4e3306a041f5ec522a76c0b9b,0f2cf9a67445117338a1c28f1312c232b1cbb8285fc218b4057ed38b092a75be,0.24014408700168133,0.3489898517727852,0.30925078317523,0.6052700337022543,0.32223109155893326,1.18497502990067,0.5166411865502596,3.5275020636618137,0.0,1756.7095498088747,202.48431735672057,363.28077013604343,False,False,False,ok
BNCI2014_001,ebsw_full_bscale,ebsw,full,bscale,normalized,1,1788,447,446,500,500,2,0.0001872810293143339,0.013685065922907858,,,,7.401884980077304e-05,2.793683898093503,122.7769233819667,,499.95093325923665,0.9999018665184733,,6.214559281601087,0.002118486674519965,0.010458185916525685,0.020751433404205634,fixed_beta,0,0,101469,f1a01db7647adb42f69e21a10a9d9ac92103ad49c1578663423c603d8b9ff56b,three_row_sha256,,944f93c6fa033d604d9e90219484c40564bfebf4e3306a041f5ec522a76c0b9b,0f2cf9a67445117338a1c28f1312c232b1cbb8285fc218b4057ed38b092a75be,0.23903697729110718,0.502303009852767,0.2941729035228491,0.5866941064596176,0.4643627908080816,2.263567177578807,0.32285205088555813,4.6729890163987875,0.0,1761.3825388252735,202.48431735672057,363.28077013604343,False,False,False,ok
BNCI2014_001,ebsw_full_bscale,ebsw,full,bscale,normalized,1,1788,448,447,500,500,2,0.00018873437366835318,0.013738062951826694,,,,7.44871402271325e-05,2.793683898093503,122.7769233819667,,499.95032977066484,0.9999006595413297,,6.214558572768509,0.002085343238071669,0.010336114401857784,0.02059558623499029,fixed_beta,0,0,101916,dbf12f6523cc11bef47f497a865226593fc1681002c50d3ca159150de197818c,three_row_sha256,,944f93c6fa033d604d9e90219484c40564bfebf4e3306a041f5ec522a76c0b9b,0f2cf9a67445117338a1c28f1312c232b1cbb8285fc218b4057ed38b092a75be,0.2015349455177784,0.39273593574762344,0.2929489128291607,0.5526070017367601,0.3274648915976286,1.1404100805521011,0.3876409027725458,3.295342670753598,0.0,1764.677881496027,202.48431735672057,363.28077013604343,False,False,False,ok
BNCI2014_001,ebsw_full_bscale,ebsw,full,bscale,normalized,1,1788,449,448,500,500,2,0.00018243352088174235,0.01350679535943824,,,,7.29293177460704e-05,2.793683898093503,122.7769233819667,,499.95178658231924,0.9999035731646385,,6.2145600713309355,0.002098210791582091,0.010384556318778677,0.020677920814754464,fixed_beta,0,0,102364,e96fd2568e505c36a10c03fde6c146363e4fba28cdb0db5d1f236b28d110edf0,three_row_sha256,,944f93c6fa033d604d9e90219484c40564bfebf4e3306a041f5ec522a76c0b9b,0f2cf9a67445117338a1c28f1312c232b1cbb8285fc218b4057ed38b092a75be,0.20961114205420017,0.3715760540217161,0.3223591484129429,0.7256621029227972,0.3167910035699606,1.0555970948189497,0.15768804587423801,3.1592845916748047,0.0,1767.837166087702,202.48431735672057,363.28077013604343,False,False,False,ok
BNCI2014_001,ebsw_full_bscale,ebsw,full,bscale,normalized,1,1788,450,449,500,500,2,0.0001836867238572566,0.01355310753507315,4.5695519234546955,0.6525688927282248,34.743110727177516,7.33897429842289e-05,2.793683898093503,122.7769233819667,,499.95291047227937,0.9999058209445587,,6.214561177413285,0.002081058727283469,0.010367072328868032,0.02065385789711339,fixed_beta,0,0,102813,e2c8032ae9c51a82ed41f554232c7730717a24e72b77f360998106596021b285,three_row_sha256,,944f93c6fa033d604d9e90219484c40564bfebf4e3306a041f5ec522a76c0b9b,0f2cf9a67445117338a1c28f1312c232b1cbb8285fc218b4057ed38b092a75be,0.2634089905768633,0.34287781454622746,0.34373393282294273,0.5981619469821453,0.326795969158411,1.1070959735661745,0.3830899950116873,3.3651646226644516,9.094480890780687,1771.2023307103664,211.57879824750125,363.28077013604343,False,False,False,ok
BNCI2014_001,ebsw_full_bscale,ebsw,full,bscale,normalized,1,1788,451,450,500,500,2,0.00018634593406799654,0.013650858363780518,,,,7.395788436905219e-05,2.793683898093503,122.7769233819667,,499.9431002781147,0.9998862005562293,,6.214551548570327,0.0021316116910992176,0.010509942959531612,0.02082091945974343,fixed_beta,0,0,103263,580d859870e32bf33b89351284bc12dc9c81724597eea6fb854f6fb3e6dfe484,three_row_sha256,,944f93c6fa033d604d9e90219484c40564bfebf4e3306a041f5ec522a76c0b9b,0f2cf9a67445117338a1c28f1312c232b1cbb8285fc218b4057ed38b092a75be,0.4301250446587801,0.3365150187164545,0.33161789178848267,0.6223767995834351,0.3342290874570608,1.0256089735776186,0.53433608263731,3.6148088984191418,0.0,1774.8171396087855,211.57879824750125,363.28077013604343,False,False,False,ok
BNCI2014_001,ebsw_full_bscale,ebsw,full,bscale,normalized,1,1788,452,451,500,500,2,0.00018833498350331244,0.013723519355592153,,,,7.395046170308215e-05,2.793683898093503,122.7769233819667,,499.94833664598707,0.9998966732919742,,6.2145566192382695,0.002101609698150699,0.010389310694415774,0.02065920292662026,fixed_beta,0,0,103714,f4fc35e2a708daefa0c7327581e587bc5d9c19faa4488e844e461c09e679b52e,three_row_sha256,,944f93c6fa033d604d9e90219484c40564bfebf4e3306a041f5ec522a76c0b9b,0f2cf9a67445117338a1c28f1312c232b1cbb8285fc218b4057ed38b092a75be,0.23116287775337696,0.39295200258493423,0.29105297289788723,0.743356067687273,0.5036499351263046,0.852938974276185,0.188005855306983,3.203118685632944,0.0,1778.0202582944185,211.57879824750125,363.28077013604343,False,False,False,ok
BNCI2014_001,ebsw_full_bscale,ebsw,full,bscale,normalized,1,1788,453,452,500,500,2,0.00018907597796427735,0.013750490099057464,,,,7.442545301590424e-05,2.793683898093503,122.7769233819667,,499.94851440044147,0.9998970288008829,,6.214556779633007,0.002084526916874216,0.010363160880927775,0.02064063817713741,fixed_beta,0,0,104166,6816994876a2fbd89955c4cccd25826e8122ef41fc11ed7ec80999f51e16ef17,three_row_sha256,,944f93c6fa033d604d9e90219484c40564bfebf4e3306a041f5ec522a76c0b9b,0f2cf9a67445117338a1c28f1312c232b1cbb8285fc218b4057ed38b092a75be,0.24818303063511848,0.6353228818625212,0.29493216425180435,0.8002810645848513,0.2930271439254284,0.7564330007880926,0.38760597817599773,3.415785264223814,0.0,1781.4360435586423,211.57879824750125,363.28077013604343,False,False,False,ok
BNCI2014_001,ebsw_full_bscale,ebsw,full,bscale,normalized,1,1788,454,453,500,500,2,0.0001818741744696264,0.013486073352522832,,,,7.282077491010943e-05,2.793683898093503,122.7769233819667,,499.9589156171716,0.9999178312343432,,6.214567134691968,0.002082536549875916,0.010341647710144973,0.020583194801873685,fixed_beta,0,0,104619,fff1f173e0f5f2c34391b79c9d5b7a383cb89d3ec1a3d36654885c9fcff27a0c,three_row_sha256,,944f93c6fa033d604d9e90219484c40564bfebf4e3306a041f5ec522a76c0b9b,0f2cf9a67445117338a1c28f1312c232b1cbb8285fc218b4057ed38b092a75be,0.1969621516764164,0.4746869672089815,0.2943649888038635,0.6346257869154215,0.4950480069965124,0.9037861600518227,1.9104909151792526,4.909964976832271,0.0,1786.3460085354745,211.57879824750125,363.28077013604343,False,False,False,ok
BNCI2014_001,ebsw_full_bscale,ebsw,full,bscale,normalized,1,1788,455,454,500,500,2,0.00018792968563660834,0.013708744860001164,,,,7.454020511749837e-05,2.793683898093503,122.7769233819667,,499.9505676204949,0.9999011352409898,,6.2145588331432595,0.0020821052785385246,0.010352802024546878,0.020642813951620383,fixed_beta,0,0,105073,1c1c55a707027fca8b465449e85adb51cbf3b3d8842deb38bd879ce09b2c876b,three_row_sha256,,944f93c6fa033d604d9e90219484c40564bfebf4e3306a041f5ec522a76c0b9b,0f2cf9a67445117338a1c28f1312c232b1cbb8285fc218b4057ed38b092a75be,0.22886809892952442,0.3951599355787039,0.29153586365282536,0.5592911038547754,0.3790510818362236,1.132237957790494,0.35159592516720295,3.3377399668097496,0.0,1789.6837485022843,211.57879824750125,363.28077013604343,False,False,False,ok
BNCI2014_001,ebsw_full_bscale,ebsw,full,bscale,normalized,1,1788,456,455,500,500,2,0.0001903624359460824,0.013797189421983101,,,,7.440274870947906e-05,2.793683898093503,122.7769233819667,,499.95039648978536,0.9999007929795708,,6.214558712686751,0.002136161645251647,0.010408333146930838,0.02066932271230902,fixed_beta,0,0,105528,d9012638ba8cd42e1d1dfe3a60b34ddc341b421266eecd7507c62b1a9b216e4f,three_row_sha256,,944f93c6fa033d604d9e90219484c40564bfebf4e3306a041f5ec522a76c0b9b,0f2cf9a67445117338a1c28f1312c232b1cbb8285fc218b4057ed38b092a75be,0.3544760402292013,0.4366091452538967,0.4024570807814598,0.729741994291544,0.5011330358684063,1.40386912971735,0.26440806686878204,4.09269449301064,0.0,1793.776442995295,211.57879824750125,363.28077013604343,False,False,False,ok
BNCI2014_001,ebsw_full_bscale,ebsw,full,bscale,normalized,1,1788,457,456,500,500,2,0.00018793725072622635,0.0137090207792616,,,,7.427807525997888e-05,2.793683898093503,122.7769233819667,,499.95006225754423,0.9999001245150885,,6.214558324661422,0.0020762679661730115,0.010351613332479019,0.020647767995276536,fixed_beta,0,0,105984,e487fbcb5c5415d567a46cb705ee4c755456540ab672708caa2b228d6d237f5a,three_row_sha256,,944f93c6fa033d604d9e90219484c40564bfebf4e3306a041f5ec522a76c0b9b,0f2cf9a67445117338a1c28f1312c232b1cbb8285fc218b4057ed38b092a75be,0.40507898665964603,0.32574404031038284,0.4467910621315241,0.8043290581554174,0.41025388054549694,0.7301401346921921,0.37970696575939655,3.502044128254056,0.0,1797.278487123549,211.57879824750125,363.28077013604343,False,False,False,ok
BNCI2014_001,ebsw_full_bscale,ebsw,full,bscale,normalized,1,1788,458,457,500,500,2,0.00018428343856075467,0.013575103629834826,,,,7.353265575048907e-05,2.793683898093503,122.7769233819667,,499.95507856097305,0.9999101571219461,,6.214563303476172,0.002072008131449634,0.010320976056080088,0.02058416884270717,fixed_beta,0,0,106441,63c652d325e1d67f3ecc0ba81fcb61b93553672bcd5b35def9b3c2d3f11fd6a5,three_row_sha256,,944f93c6fa033d604d9e90219484c40564bfebf4e3306a041f5ec522a76c0b9b,0f2cf9a67445117338a1c28f1312c232b1cbb8285fc218b4057ed38b092a75be,0.20864000543951988,0.3753090277314186,0.31053018756210804,0.6948858499526978,0.43266313150525093,0.8511240594089031,0.4831159021705389,3.3562681637704372,0.0,1800.6347552873194,211.57879824750125,363.28077013604343,False,False,False,ok
BNCI2014_001,ebsw_full_bscale,ebsw,full,bscale,normalized,1,1788,459,458,500,500,2,0.00018849228600633657,0.01372924928779198,,,,7.447180136560702e-05,2.793683898093503,122.7769233819667,,499.94879087700497,0.99989758175401,,6.214557065721378,0.002075054250672948,0.010360426047438233,0.020672291088281707,fixed_beta,0,0,106899,e52c23edcce53854593039604aafcf23fc50dc0a0c5a8d4bcc004724f71a7bf8,three_row_sha256,,944f93c6fa033d604d9e90219484c40564bfebf4e3306a041f5ec522a76c0b9b,0f2cf9a67445117338a1c28f1312c232b1cbb8285fc218b4057ed38b092a75be,0.35763392224907875,0.19293511286377907,0.21091988310217857,0.5547348409891129,0.5677130538970232,2.1294590551406145,0.2565931063145399,4.269988974556327,0.0,1804.9047442618757,211.57879824750125,363.28077013604343,False,False,False,ok
BNCI2014_001,ebsw_full_bscale,ebsw,full,bscale,normalized,1,1788,460,459,500,500,2,0.00018430826202963963,0.01357601790031376,,,,7.33125537211016e-05,2.7936838980935033,122.7769233819667,,499.9569137292695,0.9999138274585391,,6.214565137022188,0.0020799022887655226,0.010335965290200321,0.02058389277424086,fixed_beta,0,0,107358,b5c537dc00242151f613a79c22308d58d04cfe53ada35df0b63669382bc42549,three_row_sha256,,944f93c6fa033d604d9e90219484c40564bfebf4e3306a041f5ec522a76c0b9b,0f2cf9a67445117338a1c28f1312c232b1cbb8285fc218b4057ed38b092a75be,0.2168961800634861,0.4989779554307461,0.2888930030167103,0.5843839608132839,2.2803829051554203,0.5724031943827868,0.5300522316247225,4.971989430487156,0.0,1809.876733692363,211.57879824750125,363.28077013604343,False,False,False,ok
BNCI2014_001,ebsw_full_bscale,ebsw,full,bscale,normalized,1,1788,461,460,500,500,2,0.00017807201658889208,0.013344362726967972,,,,7.227161061580866e-05,2.793683898093503,122.7769233819667,,499.9562871790173,0.9999125743580346,,6.214564503477566,0.0020610499092982336,0.010292787723027778,0.02056182726789437,fixed_beta,0,0,107818,bb9046af42c72fcee287d8eb47ff063e7dc5a94e2494f4af1f7cb7dba71af391,three_row_sha256,,944f93c6fa033d604d9e90219484c40564bfebf4e3306a041f5ec522a76c0b9b,0f2cf9a67445117338a1c28f1312c232b1cbb8285fc218b4057ed38b092a75be,0.2454312052577734,0.5066918674856424,0.28813304379582405,2.1111639216542244,0.2526689786463976,3.7439328152686357,0.41790492832660675,7.565926760435104,0.0,1817.442660452798,211.57879824750125,363.28077013604343,False,False,False,ok
BNCI2014_001,ebsw_full_bscale,ebsw,full,bscale,normalized,1,1788,462,461,500,500,2,0.00018601961608453232,0.013638900838576851,,,,7.413675382592342e-05,2.793683898093503,122.7769233819667,,499.95114956982013,0.9999022991396402,,6.2145594796028405,0.002135920386230181,0.010429049615971379,0.020692814561921166,fixed_beta,0,0,108279,ca01d1367fb3e939f895bbc139f00a2f801b9b089a5cf8eddf2325ac81ef4c91,three_row_sha256,,944f93c6fa033d604d9e90219484c40564bfebf4e3306a041f5ec522a76c0b9b,0f2cf9a67445117338a1c28f1312c232b1cbb8285fc218b4057ed38b092a75be,0.24575600400567055,0.19576214253902435,0.2166498452425003,0.5986930336803198,0.23722602054476738,0.7210790645331144,0.40089013054966927,2.616056241095066,0.0,1820.058716693893,211.57879824750125,363.28077013604343,False,False,False,ok
BNCI2014_001,ebsw_full_bscale,ebsw,full,bscale,normalized,1,1788,463,462,500,500,2,0.0001823747217775562,0.013504618535062594,,,,7.304591908685853e-05,2.793683898093503,122.7769233819667,,499.9515027967694,0.9999030055935387,,6.214559788828071,0.002091599309253465,0.010373610346053727,0.02065581531395112,fixed_beta,0,0,108741,0a6aa4b50a322059c2ab3267e123a39a4b46f8e14ab0848a51acd65a7f6f1ff7,three_row_sha256,,944f93c6fa033d604d9e90219484c40564bfebf4e3306a041f5ec522a76c0b9b,0f2cf9a67445117338a1c28f1312c232b1cbb8285fc218b4057ed38b092a75be,0.20714709535241127,0.5062709096819162,0.2917521633207798,0.5919390823692083,0.45118597336113453,0.7942449301481247,0.4259150009602308,3.2684551551938057,0.0,1823.3271718490869,211.57879824750125,363.28077013604343,False,False,False,ok
BNCI2014_001,ebsw_full_bscale,ebsw,full,bscale,normalized,1,1788,464,463,500,500,2,0.00017840539905313542,0.013356848395229146,,,,7.218108464006355e-05,2.793683898093503,122.7769233819667,,499.9580245436626,0.9999160490873252,,6.214566240178185,0.002074649608140128,0.01032463458385848,0.020592097632865423,fixed_beta,0,0,109204,c4af8bce1dcdb39c1a28d3641be569714a5bd5d71ebe7c43e8ff1154362c11ba,three_row_sha256,,944f93c6fa033d604d9e90219484c40564bfebf4e3306a041f5ec522a76c0b9b,0f2cf9a67445117338a1c28f1312c232b1cbb8285fc218b4057ed38b092a75be,0.4267690237611532,0.19472092390060425,0.21246192045509815,0.5845469422638416,0.23456686176359653,0.6219849456101656,0.16468693502247334,2.4397375527769327,0.0,1825.7669094018638,211.57879824750125,363.28077013604343,False,False,False,ok
BNCI2014_001,ebsw_full_bscale,ebsw,full,bscale,normalized,1,1788,465,464,500,500,2,0.00018097698455423427,0.013452768657575075,,,,7.246223895927367e-05,2.793683898093503,122.7769233819667,,499.9625432138783,0.9999250864277566,,6.214570745000983,0.0020920073407588017,0.010311586848838511,0.020544801082984135,fixed_beta,0,0,109668,56f033cee6ea7df496559d795d3a143dcdb24805a1f4fa65362fbf4c1c306437,three_row_sha256,,944f93c6fa033d604d9e90219484c40564bfebf4e3306a041f5ec522a76c0b9b,0f2cf9a67445117338a1c28f1312c232b1cbb8285fc218b4057ed38b092a75be,0.20690308883786201,0.33958698622882366,0.28946506790816784,0.6174179725348949,0.32172794453799725,0.8579050190746784,0.4802960902452469,3.113302169367671,0.0,1828.8802115712315,211.57879824750125,363.28077013604343,False,False,False,ok
BNCI2014_001,ebsw_full_bscale,ebsw,full,bscale,normalized,1,1788,466,465,500,500,2,0.00018435971375832592,0.01357791271728928,,,,7.351112603196985e-05,2.793683898093503,122.7769233819667,,499.95534105809224,0.9999106821161845,,6.21456358511708,0.0020816918577314615,0.010347567451379503,0.020627734616764218,fixed_beta,0,0,110133,2c8baf9549a868f36b684c6dfb95d62ea10ac03646158f9d34a2e44014af55da,three_row_sha256,,944f93c6fa033d604d9e90219484c40564bfebf4e3306a041f5ec522a76c0b9b,0f2cf9a67445117338a1c28f1312c232b1cbb8285fc218b4057ed38b092a75be,0.3446361515671015,0.4949420690536499,0.2933021169155836,2.78659095056355,0.41637313552200794,0.8275480940937996,0.6404020823538303,5.803794600069523,0.0,1834.684006171301,211.57879824750125,363.28077013604343,False,False,False,ok
BNCI2014_001,ebsw_full_bscale,ebsw,full,bscale,normalized,1,1788,467,466,500,500,2,0.0001895608002235307,0.013768108084393101,,,,7.429629623310003e-05,2.793683898093503,122.7769233819667,,499.95492210822874,0.9999098442164575,,6.21456315999952,0.0020798658754571098,0.010347528468954592,0.020627604580639374,fixed_beta,0,0,110599,162fdcaa49d4b24a4b55b30f5e3d2d79d69253c6e31fafc7cc45a9cdde4eeaed,three_row_sha256,,944f93c6fa033d604d9e90219484c40564bfebf4e3306a041f5ec522a76c0b9b,0f2cf9a67445117338a1c28f1312c232b1cbb8285fc218b4057ed38b092a75be,0.20715687423944473,0.3579349722713232,0.21333899348974228,0.5380578804761171,0.3268308937549591,0.7512359879910946,0.4290798678994179,2.823635470122099,0.0,1837.507641641423,211.57879824750125,363.28077013604343,False,False,False,ok
BNCI2014_001,ebsw_full_bscale,ebsw,full,bscale,normalized,1,1788,468,467,500,500,2,0.0001811574118211546,0.013459472939946595,,,,7.301957438957452e-05,2.793683898093503,122.7769233819667,,499.9507869246929,0.9999015738493858,,6.214559170363891,0.00213282259595667,0.010472932682589765,0.020782683419456986,fixed_beta,0,0,111066,16515ce9338921e13ba59a1eb39b4b737658da9b083ee30c06b08c07783233d0,three_row_sha256,,944f93c6fa033d604d9e90219484c40564bfebf4e3306a041f5ec522a76c0b9b,0f2cf9a67445117338a1c28f1312c232b1cbb8285fc218b4057ed38b092a75be,0.19016209989786148,0.3644288517534733,0.29412913136184216,0.5890640895813704,0.4306382033973932,3.701386973261833,1.9120408687740564,7.48185021802783,0.0,1844.989491859451,211.57879824750125,363.28077013604343,False,False,False,ok
BNCI2014_001,ebsw_full_bscale,ebsw,full,bscale,normalized,1,1788,469,468,500,500,2,0.00018146928262994226,0.013471053508539792,,,,7.302902643473379e-05,2.793683898093503,122.7769233819667,,499.95763825169604,0.9999152765033921,,6.214565868927795,0.002091928566723978,0.010340209433484434,0.020593188662464686,fixed_beta,0,0,111534,ce5c1fc089f56750b51c25cc0479bfaba03031cf08e5e532fcd588642ff6e3fb,three_row_sha256,,944f93c6fa033d604d9e90219484c40564bfebf4e3306a041f5ec522a76c0b9b,0f2cf9a67445117338a1c28f1312c232b1cbb8285fc218b4057ed38b092a75be,0.2295889426022768,0.39321393705904484,0.28854887932538986,0.8194539695978165,0.2734761219471693,0.7616379298269749,0.35945000126957893,3.125369781628251,0.0,1848.1148616410792,211.57879824750125,363.28077013604343,False,False,False,ok
BNCI2014_001,ebsw_full_bscale,ebsw,full,bscale,normalized,1,1788,470,469,500,500,2,0.00018977367130455878,0.013775836501082567,,,,7.455431379979955e-05,2.793683898093503,122.7769233819667,,499.95514489500493,0.9999102897900098,,6.214563390314838,0.0020846689993493086,0.01035678452560226,0.0206390639032029,fixed_beta,0,0,112003,6bccde65e3556bec330ed1d6640f376124cdbad50f17526476bd0d7f0da4f558,three_row_sha256,,944f93c6fa033d604d9e90219484c40564bfebf4e3306a041f5ec522a76c0b9b,0f2cf9a67445117338a1c28f1312c232b1cbb8285fc218b4057ed38b092a75be,0.39206817746162415,0.3439309075474739,0.301603926345706,0.7986500859260559,0.3396070096641779,6.567507982254028,1.88707304187119,10.630441131070256,0.0,1858.7453027721494,211.57879824750125,363.28077013604343,False,False,False,ok
BNCI2014_001,ebsw_full_bscale,ebsw,full,bscale,normalized,1,1788,471,470,500,500,2,0.00018362789562575705,0.013550937075558909,,,,7.328512503866677e-05,2.793683898093503,122.7769233819667,,499.9496655041093,0.9998993310082186,,6.214557976031252,0.0020888829665161096,0.010405271039633781,0.020711557131759217,fixed_beta,0,0,112473,29ddff6151d0fbb7478acf3869d7bcc4519961a4ef5eb925203e68693f635cfb,three_row_sha256,,944f93c6fa033d604d9e90219484c40564bfebf4e3306a041f5ec522a76c0b9b,0f2cf9a67445117338a1c28f1312c232b1cbb8285fc218b4057ed38b092a75be,4.188833059743047,0.3847170155495405,0.2503679133951664,0.7554669864475727,0.4881718195974827,0.7688880432397127,0.3920900635421276,7.228534901514649,0.0,1865.973837673664,211.57879824750125,363.28077013604343,False,False,False,ok
BNCI2014_001,ebsw_full_bscale,ebsw,full,bscale,normalized,1,1788,472,471,500,500,2,0.00018272163718689271,0.013517456757352424,,,,7.34927178285462e-05,2.793683898093503,122.7769233819667,,499.95660081377827,0.9999132016275566,,6.214564813269483,0.0020744206879094217,0.010312697299232315,0.02055679408584731,fixed_beta,0,0,112944,92a54810b828a67515a7afcc02fcf1601180d8494ecf9ed42e4a8868a20cf57f,three_row_sha256,,944f93c6fa033d604d9e90219484c40564bfebf4e3306a041f5ec522a76c0b9b,0f2cf9a67445117338a1c28f1312c232b1cbb8285fc218b4057ed38b092a75be,0.34367782063782215,0.4968298599123955,0.29716198332607746,0.5896440707147121,0.4540160298347473,0.6842378061264753,0.3890260122716427,3.2545935828238726,0.0,1869.228431256488,211.57879824750125,363.28077013604343,False,False,False,ok
BNCI2014_001,ebsw_full_bscale,ebsw,full,bscale,normalized,1,1788,473,472,500,500,2,0.0001890148195935933,0.013748266057710451,,,,7.427010046246184e-05,2.793683898093503,122.7769233819667,,499.95428262606544,0.9999085652521309,,6.214562524184549,0.002089622470764335,0.010358624378701584,0.020620705366886836,fixed_beta,0,0,113416,264f9d8902d2db2959f97b401bd8d16ada939e6ce58f29b23e22fc1c81cb2877,three_row_sha256,,944f93c6fa033d604d9e90219484c40564bfebf4e3306a041f5ec522a76c0b9b,0f2cf9a67445117338a1c28f1312c232b1cbb8285fc218b4057ed38b092a75be,0.7011278066784143,0.6360439583659172,0.29063201509416103,0.8681218605488539,0.41615311056375504,0.8092869538813829,0.27896417304873466,4.000329878181219,0.0,1873.2287611346692,211.57879824750125,363.28077013604343,False,False,False,ok
BNCI2014_001,ebsw_full_bscale,ebsw,full,bscale,normalized,1,1788,474,473,500,500,2,0.00018266978325791122,0.01351553858556555,,,,7.305938466592798e-05,2.793683898093503,122.7769233819667,,499.95535809506936,0.9999107161901387,,6.214563597329085,0.0020822724233277765,0.010339284438711974,0.0205979773423257,fixed_beta,0,0,113889,bc64d1dd3314cf752648160accaa2daa44f11f3f3c1a5f420bd10935c36c4891,three_row_sha256,,944f93c6fa033d604d9e90219484c40564bfebf4e3306a041f5ec522a76c0b9b,0f2cf9a67445117338a1c28f1312c232b1cbb8285fc218b4057ed38b092a75be,0.38248696364462376,0.4944589454680681,0.2937649842351675,0.9772139601409435,0.2642988692969084,0.7135439664125443,0.1748839858919382,3.3006516750901937,0.0,1876.5294128097594,211.57879824750125,363.28077013604343,False,False,False,ok
BNCI2014_001,ebsw_full_bscale,ebsw,full,bscale,normalized,1,1788,475,474,500,500,2,0.00018792047679356636,0.013708408981116896,4.503350807759731,0.643114839138267,35.68851608617331,7.439645035364935e-05,2.793683898093503,122.7769233819667,,499.9460572721605,0.999892114544321,,6.214554436535557,0.002110609903275806,0.010454442815318316,0.020814916147183678,fixed_beta,0,0,114363,8019f0e500710d933c1a0e0ba7279a0e0528843b3b64b946703d2871a750f6f1,three_row_sha256,,944f93c6fa033d604d9e90219484c40564bfebf4e3306a041f5ec522a76c0b9b,0f2cf9a67445117338a1c28f1312c232b1cbb8285fc218b4057ed38b092a75be,0.2230699174106121,0.195253174751997,0.2156530972570181,0.6815651431679726,0.3855710383504629,0.8387479465454817,0.34166104160249233,2.8815213590860367,16.769355861470103,1879.4109341688454,228.34815410897136,363.28077013604343,False,False,False,ok
BNCI2014_001,ebsw_full_bscale,ebsw,full,bscale,normalized,1,1788,476,475,500,500,2,0.00018320119036105073,0.013535183425467522,,,,7.289847699920192e-05,2.793683898093503,122.7769233819667,,499.95824015602886,0.9999164803120577,,6.214566432470141,0.002075001788935692,0.010304954171144028,0.020545515702059012,fixed_beta,0,0,114838,d9494729fec8a4d801fb8c4d281637741a9b564ae109c1a30a4497c66209b6f2,three_row_sha256,,944f93c6fa033d604d9e90219484c40564bfebf4e3306a041f5ec522a76c0b9b,0f2cf9a67445117338a1c28f1312c232b1cbb8285fc218b4057ed38b092a75be,0.4298009444028139,0.38163107819855213,0.31379307620227337,0.7268961053341627,0.3068558871746063,1.384844072163105,0.5053950008004904,4.049216164276004,0.0,1883.4601503331214,228.34815410897136,363.28077013604343,False,False,False,ok
BNCI2014_001,ebsw_full_bscale,ebsw,full,bscale,normalized,1,1788,477,476,500,500,2,0.00019045636931711992,0.01380059307845572,,,,7.458355291748189e-05,2.793683898093503,122.7769233819667,,499.946843161202,0.999893686322404,,6.2145551778051145,0.002095826283034342,0.010428744058302096,0.020758603456026512,fixed_beta,0,0,115314,3c1552777bc6b008bc0cb22cdedbdb173fb467212e39d22ff57c06c1361bbc30,three_row_sha256,,944f93c6fa033d604d9e90219484c40564bfebf4e3306a041f5ec522a76c0b9b,0f2cf9a67445117338a1c28f1312c232b1cbb8285fc218b4057ed38b092a75be,0.4084410611540079,0.3725991118699312,0.3014528192579746,0.6920290179550648,0.329064205288887,2.0740609616041183,0.2798221539705992,4.457469331100583,0.0,1887.917619664222,228.34815410897136,363.28077013604343,False,False,False,ok
BNCI2014_001,ebsw_full_bscale,ebsw,full,bscale,normalized,1,1788,478,477,500,500,2,0.00018778790082813336,0.013703572557115658,,,,7.404590892838843e-05,2.793683898093503,122.7769233819667,,499.9546902202323,0.9999093804404646,,6.214562927702698,0.002078543934547279,0.010341044879147616,0.020604360103088228,fixed_beta,0,0,115791,7e0bd929b603585f5ec10acc00a23c541627adf560eb37f2febba6b10192fcce,three_row_sha256,,944f93c6fa033d604d9e90219484c40564bfebf4e3306a041f5ec522a76c0b9b,0f2cf9a67445117338a1c28f1312c232b1cbb8285fc218b4057ed38b092a75be,0.4032610449939966,0.1954101026058197,0.21955883130431175,0.6397929973900318,0.2549891360104084,1.2506300117820501,0.40876399725675583,3.3724061213433743,0.0,1891.2900257855654,228.34815410897136,363.28077013604343,False,False,False,ok
BNCI2014_001,ebsw_full_bscale,ebsw,full,bscale,normalized,1,1788,479,478,500,500,2,0.00018565669598396932,0.013625589748116201,,,,7.390594930659476e-05,2.793683898093503,122.7769233819667,,499.9570839230874,0.9999141678461748,,6.214565334597308,0.0020917847081068906,0.010358879463188992,0.02062126386719477,fixed_beta,0,0,116269,61d9ff5f578d7c707365bad73d0a307e4d53d15104ba49f8974c4991c2735f5b,three_row_sha256,,944f93c6fa033d604d9e90219484c40564bfebf4e3306a041f5ec522a76c0b9b,0f2cf9a67445117338a1c28f1312c232b1cbb8285fc218b4057ed38b092a75be,0.4231708589941263,0.3956418950110674,0.2935670781880617,1.3588909059762955,0.4507761914283037,0.8755379822105169,0.18145819194614887,3.9790431037545204,0.0,1895.26906888932,228.34815410897136,363.28077013604343,False,False,False,ok
BNCI2014_001,ebsw_full_bscale,ebsw,full,bscale,normalized,1,1788,480,479,500,500,2,0.000185623513280087,0.01362437203250436,,,,7.384669178594562e-05,2.793683898093503,122.7769233819667,,499.9528357085711,0.9999056714171423,,6.214561091661381,0.0020894823506749445,0.010353906135862833,0.020625364431788522,fixed_beta,0,0,116748,cddaeccba4e1b3239e983450f73835e1156d165a3dcb6a97d818379a7be581fd,three_row_sha256,,944f93c6fa033d604d9e90219484c40564bfebf4e3306a041f5ec522a76c0b9b,0f2cf9a67445117338a1c28f1312c232b1cbb8285fc218b4057ed38b092a75be,0.2347179688513279,0.19673211500048637,0.21922588348388672,0.643732026219368,0.2456118818372488,3.619602881371975,0.18017995171248913,5.339802708476782,0.0,1900.6088715977967,228.34815410897136,363.28077013604343,False,False,False,ok
BNCI2014_001,ebsw_full_bscale,ebsw,full,bscale,normalized,1,1788,481,480,500,500,2,0.0001933483038114031,0.01390497406726827,,,,7.526593084347885e-05,2.793683898093503,122.7769233819667,,499.9455246083536,0.9998910492167072,,6.214553817231924,0.0020830274993936426,0.01037785330611666,0.02070415561769802,fixed_beta,0,0,117228,e2471d7a06c5efeafc670a914b0c8f1d35ff93c70523233a255dd6d1d64bf9fe,three_row_sha256,,944f93c6fa033d604d9e90219484c40564bfebf4e3306a041f5ec522a76c0b9b,0f2cf9a67445117338a1c28f1312c232b1cbb8285fc218b4057ed38b092a75be,0.24353503249585629,0.639287056401372,0.2951030619442463,0.6302180700004101,0.2604289911687374,0.7176757790148258,0.4184660501778126,3.2047140412032604,0.0,1903.813585639,228.34815410897136,363.28077013604343,False,False,False,ok
BNCI2014_001,ebsw_full_bscale,ebsw,full,bscale,normalized,1,1788,482,481,500,500,2,0.00018804617555823582,0.013712992946772628,,,,7.406593508182289e-05,2.793683898093503,122.7769233819667,,499.9546630814545,0.9999093261629091,,6.214562901160395,0.0021017131886045225,0.010366873817104421,0.02062693161126791,fixed_beta,0,0,117709,8a89c7ab32899e2f5cc29a2c3d5eff18723c85d2272553280a97698057c54613,three_row_sha256,,944f93c6fa033d604d9e90219484c40564bfebf4e3306a041f5ec522a76c0b9b,0f2cf9a67445117338a1c28f1312c232b1cbb8285fc218b4057ed38b092a75be,0.42263418436050415,0.3455840051174164,0.3279710654169321,0.6045501213520765,0.2709559630602598,0.8941320702433586,0.5212039686739445,3.387031378224492,0.0,1907.2006170172244,228.34815410897136,363.28077013604343,False,False,False,ok
BNCI2014_001,ebsw_full_bscale,ebsw,full,bscale,normalized,1,1788,483,482,500,500,2,0.00018925663120478257,0.013757057505323678,,,,7.417894958478295e-05,2.793683898093503,122.7769233819667,,499.9511938850795,0.9999023877701589,,6.214559467168398,0.0020806206117434116,0.010348720901528902,0.020653308463686328,fixed_beta,0,0,118191,9ce10a150e0154a259b2139a50dbcead3f8b379c0bac2da4869982f5b3f679e9,three_row_sha256,,944f93c6fa033d604d9e90219484c40564bfebf4e3306a041f5ec522a76c0b9b,0f2cf9a67445117338a1c28f1312c232b1cbb8285fc218b4057ed38b092a75be,0.23100594989955425,0.5033400375396013,0.28850091621279716,0.5938441026955843,0.44678780250251293,0.7228669710457325,0.4059139173477888,3.1922596972435713,0.0,1910.392876714468,228.34815410897136,363.28077013604343,False,False,False,ok
BNCI2014_001,ebsw_full_bscale,ebsw,full,bscale,normalized,1,1788,484,483,500,500,2,0.00018779224499981833,0.013703731061277376,,,,7.417002377987996e-05,2.793683898093503,122.7769233819667,,499.9494109808582,0.9998988219617164,,6.214557718539375,0.00212230674089383,0.010390474269070114,0.020672766431383383,fixed_beta,0,0,118674,d2679c823d5b8722b247966c43d1e3f8a52878b92c6ecda43733f5bcdb162bf4,three_row_sha256,,944f93c6fa033d604d9e90219484c40564bfebf4e3306a041f5ec522a76c0b9b,0f2cf9a67445117338a1c28f1312c232b1cbb8285fc218b4057ed38b092a75be,0.21330895833671093,0.37923105992376804,0.29004504904150963,0.581751111894846,0.31501101329922676,3.587489016354084,0.1659549307078123,5.532791139557958,0.0,1915.925667854026,228.34815410897136,363.28077013604343,False,False,False,ok
BNCI2014_001,ebsw_full_bscale,ebsw,full,bscale,normalized,1,1788,485,484,500,500,2,0.00018174995777950573,0.013481467196841216,,,,7.276071070758679e-05,2.793683898093503,122.7769233819667,,499.95280189178544,0.9999056037835709,,6.214561056747,0.0020798993773483037,0.010368351282241945,0.020649468259973384,fixed_beta,0,0,119158,f18207fb379cae6bd887e0d6113911a0584016ca809c67e325dab918a590fb75,three_row_sha256,,944f93c6fa033d604d9e90219484c40564bfebf4e3306a041f5ec522a76c0b9b,0f2cf9a67445117338a1c28f1312c232b1cbb8285fc218b4057ed38b092a75be,0.20183995366096497,0.19451510161161423,0.21831411868333817,0.5819089710712433,0.2416230272501707,0.5610920488834381,0.4186909645795822,2.4179841857403517,0.0,1918.3436520397663,228.34815410897136,363.28077013604343,False,False,False,ok
BNCI2014_001,ebsw_full_bscale,ebsw,full,bscale,normalized,1,1788,486,485,500,500,2,0.00018043095759195252,0.013432459104421368,,,,7.224181902888134e-05,2.793683898093503,122.7769233819667,,499.95815118072437,0.9999163023614488,,6.214566393636476,0.002102138130200028,0.010362060014379532,0.020607644770761522,fixed_beta,0,0,119643,7a404053645ce247b9d0219dd591573c15bf99ab681a85235cb1972855be54b8,three_row_sha256,,944f93c6fa033d604d9e90219484c40564bfebf4e3306a041f5ec522a76c0b9b,0f2cf9a67445117338a1c28f1312c232b1cbb8285fc218b4057ed38b092a75be,0.38381596095860004,0.3267349675297737,0.30857999809086323,1.0692530777305365,0.4168320447206497,3.6346320994198322,0.17209001816809177,6.311938166618347,0.0,1924.6555902063847,228.34815410897136,363.28077013604343,False,False,False,ok
BNCI2014_001,ebsw_full_bscale,ebsw,full,bscale,normalized,1,1788,487,486,500,500,2,0.00018605634214202119,0.013640247143729516,,,,7.375090523983321e-05,2.7936838980935033,122.7769233819667,,499.95405846898876,0.9999081169379775,,6.21456228378727,0.002073347130749023,0.010327367790293272,0.020598047003714023,fixed_beta,0,0,120129,23b8167e3728c1ea080ca691c23ba3721bccd5fa0383eaac39ed3e87cd20f9aa,three_row_sha256,,944f93c6fa033d604d9e90219484c40564bfebf4e3306a041f5ec522a76c0b9b,0f2cf9a67445117338a1c28f1312c232b1cbb8285fc218b4057ed38b092a75be,0.25194697082042694,0.34201890230178833,0.3263200633227825,0.6063028704375029,0.32430002465844154,0.5526519380509853,0.17732707783579826,2.580867847427726,0.0,1927.2364580538124,228.34815410897136,363.28077013604343,False,False,False,ok
BNCI2014_001,ebsw_full_bscale,ebsw,full,bscale,normalized,1,1788,488,487,500,500,2,0.00018389327010155947,0.013560725279333679,,,,7.355358540128901e-05,2.793683898093503,122.7769233819667,,499.962408344974,0.999924816689948,,6.214570596289237,0.002080457047597859,0.010292387118931327,0.020523284613532197,fixed_beta,0,0,120616,6c977258f67439ae79c97fbd32aca45acffa669d07df9b308ca219a58dce7121,three_row_sha256,,944f93c6fa033d604d9e90219484c40564bfebf4e3306a041f5ec522a76c0b9b,0f2cf9a67445117338a1c28f1312c232b1cbb8285fc218b4057ed38b092a75be,0.20606489852070808,0.19705086015164852,0.21143793128430843,0.5808610003441572,0.24370686151087284,3.512823022902012,0.36742701195180416,5.319371586665511,0.0,1932.555829640478,228.34815410897136,363.28077013604343,False,False,False,ok
BNCI2014_001,ebsw_full_bscale,ebsw,full,bscale,normalized,1,1788,489,488,500,500,2,0.0001807780702523881,0.013445373563140151,,,,7.328840361596524e-05,2.793683898093503,122.7769233819667,,499.95376369639837,0.9999075273927968,,6.214562052865192,0.002091978952403947,0.010419620782198137,0.02068390853178633,fixed_beta,0,0,121104,f99eda71e8b5643cb4b775714ccf2b8b7798d93f3f559a369c9aba4f3d8e0140,three_row_sha256,,944f93c6fa033d604d9e90219484c40564bfebf4e3306a041f5ec522a76c0b9b,0f2cf9a67445117338a1c28f1312c232b1cbb8285fc218b4057ed38b092a75be,0.21738302893936634,0.19590603187680244,0.21150195971131325,1.0101250372827053,0.43942383490502834,0.7422000635415316,0.1948750577867031,3.0114150140434504,0.0,1935.5672446545213,228.34815410897136,363.28077013604343,False,False,False,ok
BNCI2014_001,ebsw_full_bscale,ebsw,full,bscale,normalized,1,1788,490,489,500,500,2,0.00018459086997840523,0.013586422265571066,,,,7.375263140832559e-05,2.7936838980935033,122.7769233819667,,499.9533472476959,0.9999066944953918,,6.214561628535079,0.0020969515791168405,0.01039381382673623,0.020669510552534888,fixed_beta,0,0,121593,d39f3b77c233d9262def0ff8e62de72c728ea859f7825a393f0bc4561555ec97,three_row_sha256,,944f93c6fa033d604d9e90219484c40564bfebf4e3306a041f5ec522a76c0b9b,0f2cf9a67445117338a1c28f1312c232b1cbb8285fc218b4057ed38b092a75be,0.20649610087275505,0.3624008968472481,0.2884790301322937,0.5856859497725964,0.4338240250945091,0.8946610614657402,0.3743681591004133,3.145915223285556,0.0,1938.713159877807,228.34815410897136,363.28077013604343,False,False,False,ok
BNCI2014_001,ebsw_full_bscale,ebsw,full,bscale,normalized,1,1788,491,490,500,500,2,0.00018456070324044104,0.013585312040598886,,,,7.368452825567584e-05,2.793683898093503,122.7769233819667,,499.9555275540759,0.9999110551081518,,6.214563762375354,0.0020859601023359847,0.01036045320623482,0.02063009295166126,fixed_beta,0,0,122083,d4f91063020ed943ca231582e82b7ee6ad2b04ebeeee47b8ac52293274cc49c1,three_row_sha256,,944f93c6fa033d604d9e90219484c40564bfebf4e3306a041f5ec522a76c0b9b,0f2cf9a67445117338a1c28f1312c232b1cbb8285fc218b4057ed38b092a75be,0.2568671479821205,0.3420331049710512,0.3225977998226881,0.6043449975550175,0.32759690657258034,4.059222061187029,0.16497704200446606,6.077639060094953,0.0,1944.7907989379019,228.34815410897136,363.28077013604343,False,False,False,ok
BNCI2014_001,ebsw_full_bscale,ebsw,full,bscale,normalized,1,1788,492,491,500,500,2,0.00019045071762394925,0.013800388314244974,,,,7.473444551724658e-05,2.793683898093503,122.7769233819667,,499.95356437569177,0.9999071287513835,,6.214561817045295,0.0020870514304405542,0.010353081708188832,0.02062166944931433,fixed_beta,0,0,122574,f81c2c14bdb08e481f45c07fbc0a5d49cdbab6b80b338ff12b833c139fcca360,three_row_sha256,,944f93c6fa033d604d9e90219484c40564bfebf4e3306a041f5ec522a76c0b9b,0f2cf9a67445117338a1c28f1312c232b1cbb8285fc218b4057ed38b092a75be,0.212871003895998,0.3729029558598995,0.3191768191754818,0.6766109727323055,0.35273004323244095,0.8949870243668556,0.5208759102970362,3.3501547295600176,0.0,1948.1409536674619,228.34815410897136,363.28077013604343,False,False,False,ok
BNCI2014_001,ebsw_full_bscale,ebsw,full,bscale,normalized,1,1788,493,492,500,500,2,0.00019062343985362722,0.013806644771762154,,,,7.451445841856412e-05,2.793683898093503,122.7769233819667,,499.9413339999904,0.9998826679999808,,6.214549714702747,0.00209394016176409,0.010417377427410987,0.020771865761449494,fixed_beta,0,0,123066,6574b22fa27d3683d9be0cdf3dd3ec03f7759f13cf6dc9f0cd169e41acbaa246,three_row_sha256,,944f93c6fa033d604d9e90219484c40564bfebf4e3306a041f5ec522a76c0b9b,0f2cf9a67445117338a1c28f1312c232b1cbb8285fc218b4057ed38b092a75be,0.3436119295656681,0.6376029923558235,0.298128928989172,0.6110530812293291,0.3241589292883873,0.7511158473789692,0.3699760418385267,3.335647750645876,0.0,1951.4766014181077,228.34815410897136,363.28077013604343,False,False,False,ok
BNCI2014_001,ebsw_full_bscale,ebsw,full,bscale,normalized,1,1788,494,493,500,500,2,0.00018537783838816713,0.013615353039424542,,,,7.300855689499742e-05,2.793683898093503,122.7769233819667,,499.95645012741966,0.9999129002548394,,6.214564687138157,0.002075873319503865,0.010335159420738278,0.02060836046021848,fixed_beta,0,0,123559,15d3f41733e9c368a7dac6ed5a8b94ed9df5ac3d86bbb8dcab7078ffd8527a6a,three_row_sha256,,944f93c6fa033d604d9e90219484c40564bfebf4e3306a041f5ec522a76c0b9b,0f2cf9a67445117338a1c28f1312c232b1cbb8285fc218b4057ed38b092a75be,0.22807903587818146,0.19567692652344704,0.2136598341166973,0.6024250760674477,0.2461927942931652,0.7619329262524843,0.39547309279441833,2.6434396859258413,0.0,1954.1200411040336,228.34815410897136,363.28077013604343,False,False,False,ok
BNCI2014_001,ebsw_full_bscale,ebsw,full,bscale,normalized,1,1788,495,494,500,500,2,0.00018537843637809852,0.013615374999539989,,,,7.386526504451654e-05,2.793683898093503,122.7769233819667,,499.9493498297764,0.9998986996595528,,6.214557684403747,0.002101784980112996,0.010437718614234016,0.020758689509151645,fixed_beta,0,0,124053,440dbdea6e61537af4888c1aa6e0341b783a57faaa9ebdbf2f9fb161978d23a2,three_row_sha256,,944f93c6fa033d604d9e90219484c40564bfebf4e3306a041f5ec522a76c0b9b,0f2cf9a67445117338a1c28f1312c232b1cbb8285fc218b4057ed38b092a75be,0.2221579197794199,0.4796460270881653,0.2892350312322378,0.6097301375120878,0.4621699918061495,0.7539170328527689,0.3847039770334959,3.201560117304325,0.0,1957.321601221338,228.34815410897136,363.28077013604343,False,False,False,ok
BNCI2014_001,ebsw_full_bscale,ebsw,full,bscale,normalized,1,1788,496,495,500,500,2,0.00018678979665583744,0.013667106374644102,,,,7.407310334720787e-05,2.793683898093503,122.7769233819667,,499.9447107628745,0.999889421525749,,6.214553109043927,0.002107840106094332,0.01047464354938562,0.020807412197998414,fixed_beta,0,0,124548,df7dd42a875bc6ec10a2d90d74eb9fb25d1c8dc85fd260eb5a32467421bdf700,three_row_sha256,,944f93c6fa033d604d9e90219484c40564bfebf4e3306a041f5ec522a76c0b9b,0f2cf9a67445117338a1c28f1312c232b1cbb8285fc218b4057ed38b092a75be,0.21236902102828026,0.19510299898684025,0.211379025131464,0.5860370583832264,0.23179384879767895,0.731609994545579,0.3844390157610178,2.5527309626340866,0.0,1959.874332183972,228.34815410897136,363.28077013604343,False,False,False,ok
BNCI2014_001,ebsw_full_bscale,ebsw,full,bscale,normalized,1,1788,497,496,500,500,2,0.000187863583561747,0.01370633370240733,,,,7.40178445917587e-05,2.793683898093503,122.7769233819667,,499.9512411204575,0.999902482240915,,6.214559500966678,0.002080888816917244,0.0103649553962372,0.02064494512415571,fixed_beta,0,0,125044,6fdd4fed67a957871a2abc89cad11950750d2bc53426478f99742fc049d4fef7,three_row_sha256,,944f93c6fa033d604d9e90219484c40564bfebf4e3306a041f5ec522a76c0b9b,0f2cf9a67445117338a1c28f1312c232b1cbb8285fc218b4057ed38b092a75be,0.30982005409896374,0.36551104858517647,0.2919540274888277,0.6492419634014368,0.32927701249718666,0.602256041020155,0.16673700883984566,2.714797155931592,0.0,1962.5891293399036,228.34815410897136,363.28077013604343,False,False,False,ok
BNCI2014_001,ebsw_full_bscale,ebsw,full,bscale,normalized,1,1788,498,497,500,500,2,0.00018604848035009945,0.013639958957053333,,,,7.381860368723017e-05,2.793683898093503,122.7769233819667,,499.95577159322977,0.9999115431864596,,6.214563986325537,0.0020801214911988215,0.010302418612560128,0.020557206128470396,fixed_beta,0,0,125541,b70858f2415b922f5fc37b267c2288d77be10214c0046a2982daa8f03f5dea99,three_row_sha256,,944f93c6fa033d604d9e90219484c40564bfebf4e3306a041f5ec522a76c0b9b,0f2cf9a67445117338a1c28f1312c232b1cbb8285fc218b4057ed38b092a75be,0.20417501218616962,0.3769660834223032,0.21101091988384724,0.6058821454644203,0.3958689048886299,0.8129689376801252,0.18004397861659527,2.786915982142091,0.0,1965.3760453220457,228.34815410897136,363.28077013604343,False,False,False,ok
BNCI2014_001,ebsw_full_bscale,ebsw,full,bscale,normalized,1,1788,499,498,500,500,2,0.00018706957664461714,0.01367733806866735,,,,7.39700536846228e-05,2.793683898093503,122.7769233819667,,499.95333528879524,0.9999066705775905,,6.21456155324846,0.0020790695790825478,0.01032037294695903,0.020558426874277037,fixed_beta,0,0,126039,59a8a0f6da761cab37d24a83cf2daa893acb90134d06db7de56d985f4338efe8,three_row_sha256,,944f93c6fa033d604d9e90219484c40564bfebf4e3306a041f5ec522a76c0b9b,0f2cf9a67445117338a1c28f1312c232b1cbb8285fc218b4057ed38b092a75be,0.20799110643565655,0.3507251385599375,0.304823974147439,0.65019098110497,0.5402599927037954,2.1827828604727983,0.3579279873520136,4.59470204077661,0.0,1969.9707473628223,228.34815410897136,363.28077013604343,False,False,False,ok
BNCI2014_001,ebsw_full_bscale,ebsw,full,bscale,normalized,1,1788,500,499,500,500,2,0.00018700422966577837,0.013674948982200202,4.451484279393703,0.6357078803045685,36.42921196954315,7.37019632626512e-05,2.7936838980935024,122.7769233819667,,499.9472745464572,0.9998945490929144,,6.21455566334882,0.00213107744608781,0.01045558841624887,0.020773042613782627,fixed_beta,0,0,126538,3725168aa5e9af404c7e229f4cdbbfd17560f54f9bec9c2737c9facf538349c3,three_row_sha256,,944f93c6fa033d604d9e90219484c40564bfebf4e3306a041f5ec522a76c0b9b,0f2cf9a67445117338a1c28f1312c232b1cbb8285fc218b4057ed38b092a75be,0.3883389290422201,0.365343876183033,0.37023192271590233,0.9137780871242285,0.6344961002469063,0.687402905896306,0.2542280126363039,3.6138198338449,11.499375104904175,1973.5845671966672,239.84752921387553,363.28077013604343,False,False,False,ok
