dataset,method,sampling,aggregation,update,subject,seed,epoch,epochs,N_proj,sigma,d,m,objective_power,rooted_distance,lew,relative_lew,lew_reduction_pct,gap_closure,raw_gradient_norm,applied_update_norm,mean_h,std_h,max_h,min_h,spectral_effective_N,spectral_entropy,spectral_max_weight,spectral_top5_mass,spectral_top10_mass,bank_seed,bank_hash,bank_hash_kind,target_projection_hash,initial_source_hash,target_hash,direction_sampling_ms,source_projection_ms,target_projection_ms,wasserstein_1d_ms,sorting_aggregation_ms,backward_ms,optimizer_update_ms,total_epoch_ms,one_time_bank_sampling_ms,one_time_target_projection_ms,evaluation_ms,cumulative_optimization_ms,cumulative_evaluation_ms,cumulative_direct_projection_count,cumulative_direction_draw_count,learning_rate,eta_norm,eta_root,nan,diverged,status
BNCI2014_001,resampled_spectral_normalized_power_s1,resampled,spectral,normalized_power,3,6398,0,500,500,1.0,22,253,0.024891469120813525,0.15777030493985084,10.198606317621376,1.0,0.0,0.0,,0.0,0.009585455706095446,0.012217054384110936,0.10797315935296217,0.00016127324901714807,188.24073761048203,5.716247880429664,0.03017952124818757,0.09236224807369398,0.1459989447547685,6398,2b1b45e4e4a812f6d748c2c175962332f0dbca2acd50b6a4d146c963428b0e9a,full_tensor_sha256,b210ca7b4f0f46c4010bc46c227d3f81f7eea7d35a4e170ab97d6f3e458d47f8,8b3956404398690bbe02d2f590fbbfce2ca696f3e3b691ed979e35e9b8276d71,8b10f26c63efc1e7b779523080bc9e1215bab2b21d36db41ba7894df17ba36f1,0.0,0.0,0.0,0.0,0.0,0.0,0.0,0.0,0.0,0.0,13.987850164994597,0.0,13.987850164994597,0,0,,2.793683898093503,,False,False,initial
BNCI2014_001,resampled_spectral_normalized_power_s1,resampled,spectral,normalized_power,3,6398,1,500,500,1.0,22,253,0.024891469120813525,0.15777030493985084,9.868371576003398,0.9676196206292038,3.238037937079615,3.238037937079615,0.002810257466188013,2.7936838980935024,0.009585455706095446,0.012217054384110936,0.10797315935296217,0.00016127324901714807,188.24073761048203,5.716247880429664,0.03017952124818757,0.09236224807369398,0.1459989447547685,6398,2b1b45e4e4a812f6d748c2c175962332f0dbca2acd50b6a4d146c963428b0e9a,full_tensor_sha256,b210ca7b4f0f46c4010bc46c227d3f81f7eea7d35a4e170ab97d6f3e458d47f8,8b3956404398690bbe02d2f590fbbfce2ca696f3e3b691ed979e35e9b8276d71,8b10f26c63efc1e7b779523080bc9e1215bab2b21d36db41ba7894df17ba36f1,0.41684811003506184,0.25559309870004654,0.27782702818512917,1.0401180479675531,0.2631479874253273,0.6078148726373911,0.19505387172102928,3.0564030166715384,0.0,0.0,13.132270891219378,3.0564030166715384,27.120121056213975,500,500,,2.793683898093503,,False,False,ok
BNCI2014_001,resampled_spectral_normalized_power_s1,resampled,spectral,normalized_power,3,6398,2,500,500,1.0,22,253,0.021290321059765558,0.1459120319225442,9.578939940358898,0.9392400924240203,6.075990757597973,6.075990757597973,0.002705229335626372,2.7936838980935024,0.0077204146466309,0.010675609472482526,0.10303067062472476,0.00012212084886739868,188.24073761048203,5.716247880429664,0.03017952124818757,0.09236224807369398,0.1459989447547685,6399,4c59c11f613225d31f7f98b61959e7575c5511f9a749fff71a191e3208a8cae1,three_row_sha256,63f06e7df0a9e9ff42c4be5c7067c3dad796fb5ff3c2ef8e0dc536b1da91bac3,8b3956404398690bbe02d2f590fbbfce2ca696f3e3b691ed979e35e9b8276d71,8b10f26c63efc1e7b779523080bc9e1215bab2b21d36db41ba7894df17ba36f1,0.25767507031559944,0.22927997633814812,0.246803043410182,0.5860321689397097,0.14782999642193317,0.6512149702757597,0.1981048844754696,2.3169401101768017,0.0,0.0,10.86576608940959,5.37334312684834,37.985887145623565,1000,1000,,2.793683898093503,,False,False,ok
BNCI2014_001,resampled_spectral_normalized_power_s1,resampled,spectral,normalized_power,3,6398,3,500,500,1.0,22,253,0.01666136904439082,0.12907892564005488,9.300129289026843,0.911901979484969,8.8098020515031,8.8098020515031,0.002182336041017529,2.7936838980935033,0.006773077068865176,0.00805337526274967,0.05266474688260063,0.00014221736034916604,188.24073761048203,5.716247880429664,0.03017952124818757,0.09236224807369398,0.1459989447547685,6401,87d6859fa43dbc057c7206d96a4af671689812819a7e9b4870a4260850be388e,three_row_sha256,be5d9f99f9653d88475e0c196d8360565a1e01fe1fa5a622516652623ae50806,8b3956404398690bbe02d2f590fbbfce2ca696f3e3b691ed979e35e9b8276d71,8b10f26c63efc1e7b779523080bc9e1215bab2b21d36db41ba7894df17ba36f1,0.24515902623534203,0.2230331301689148,0.22732699289917946,0.5953370127826929,0.1327649224549532,0.6441879086196423,0.17040083184838295,2.2382098250091076,0.0,0.0,10.592213831841946,7.611552951857448,48.57810097746551,1500,1500,,2.793683898093503,,False,False,ok
BNCI2014_001,resampled_spectral_normalized_power_s1,resampled,spectral,normalized_power,3,6398,4,500,500,1.0,22,253,0.013488028018064487,0.11613796975177622,9.060175344220001,0.8883738681593808,11.162613184061916,11.162613184061916,0.0020247592129620457,2.7936838980935024,0.005214728790322663,0.00661319169977497,0.054041836899152984,0.000138765022413958,188.24073761048203,5.716247880429664,0.03017952124818757,0.09236224807369398,0.1459989447547685,6404,25e4bdd77bc6f0e59a3b5e133be99511971c9ed954f20e34384eb96524116bd9,three_row_sha256,2a6e78852bd2576c5e9d70b9e1927e6f3d5b34094f411670d3e47fbb1e15bbda,8b3956404398690bbe02d2f590fbbfce2ca696f3e3b691ed979e35e9b8276d71,8b10f26c63efc1e7b779523080bc9e1215bab2b21d36db41ba7894df17ba36f1,0.22232416085898876,0.21982588805258274,0.22143707610666752,0.5490879993885756,0.13172603212296963,0.5869062151759863,0.15939213335514069,2.090699505060911,0.0,0.0,11.278905905783176,9.702252456918359,59.85700688324869,2000,2000,,2.793683898093503,,False,False,ok
BNCI2014_001,resampled_spectral_normalized_power_s1,resampled,spectral,normalized_power,3,6398,5,500,500,1.0,22,253,0.01318258504547544,0.11481543905536154,8.825808192687122,0.8653935565134715,13.460644348652853,13.460644348652853,0.002010661133573925,2.793683898093503,0.004972490168796513,0.006508428812961598,0.0537590614414063,0.00011085793150462302,188.24073761048203,5.716247880429664,0.03017952124818757,0.09236224807369398,0.1459989447547685,6408,83856b747164a8dd88eeaffee92426f6aa5d3532691bd1b4a78641b2c71350bf,three_row_sha256,9e1e610e98e943686ffe72d4f2430740db276fa5c34d4c23acf47f338294de1d,8b3956404398690bbe02d2f590fbbfce2ca696f3e3b691ed979e35e9b8276d71,8b10f26c63efc1e7b779523080bc9e1215bab2b21d36db41ba7894df17ba36f1,0.21362397819757462,0.2206841018050909,0.2185450866818428,0.5336550530046225,0.13631279580295086,0.5699410103261471,0.16148993745446205,2.0542519632726908,0.0,0.0,13.799770968034863,11.75650442019105,73.65677785128355,2500,2500,,2.793683898093503,,False,False,ok
BNCI2014_001,resampled_spectral_normalized_power_s1,resampled,spectral,normalized_power,3,6398,6,500,500,1.0,22,253,0.01060981638714649,0.103003962968162,8.622329410048936,0.8454419301538374,15.455806984616265,15.455806984616265,0.0018112855002859818,2.793683898093503,0.003964866644281619,0.0052112636083042905,0.06092644138526514,0.00012013138992215775,188.24073761048203,5.716247880429664,0.03017952124818757,0.09236224807369398,0.1459989447547685,6413,47e2c18e24dc57072a8f0abfa7530ba5db6404455691bacc23a60497d1cce59c,three_row_sha256,6fdcb2717667d8f3c40815dd4990ddf95c2be1bb74d25e1a5abcd0246cb3f257,8b3956404398690bbe02d2f590fbbfce2ca696f3e3b691ed979e35e9b8276d71,8b10f26c63efc1e7b779523080bc9e1215bab2b21d36db41ba7894df17ba36f1,0.23077591322362423,0.224557938054204,0.22915098816156387,0.5727109964936972,0.13401196338236332,0.8162041194736958,0.22210786119103432,2.4295197799801826,0.0,0.0,11.358479969203472,14.186024200171232,85.01525782048702,3000,3000,,2.793683898093503,,False,False,ok
BNCI2014_001,resampled_spectral_normalized_power_s1,resampled,spectral,normalized_power,3,6398,7,500,500,1.0,22,253,0.007201429467392892,0.0848612365417385,8.451965961492295,0.8287373488364584,17.126265116354155,17.126265116354155,0.0013856763785140155,2.793683898093503,0.0031763957587381078,0.003350364488347121,0.01950079282170507,0.00010548100605993458,188.24073761048203,5.716247880429664,0.03017952124818757,0.09236224807369398,0.1459989447547685,6419,5868f6515297be1334f553f9df365ab632d5ef8edf639fb4a7317aedf2fb04dc,three_row_sha256,f6fa61cda855a84d85ca746cf69a413061035d84d07c9c10b688008be0e35571,8b3956404398690bbe02d2f590fbbfce2ca696f3e3b691ed979e35e9b8276d71,8b10f26c63efc1e7b779523080bc9e1215bab2b21d36db41ba7894df17ba36f1,0.23451494053006172,0.22182590328156948,0.23252307437360287,0.5794090684503317,0.13535097241401672,0.6720388773828745,0.17121084965765476,2.2468736860901117,0.0,0.0,10.673869866877794,16.432897886261344,95.68912768736482,3500,3500,,2.793683898093503,,False,False,ok
BNCI2014_001,resampled_spectral_normalized_power_s1,resampled,spectral,normalized_power,3,6398,8,500,500,1.0,22,253,0.006590223597159391,0.08118019214783487,8.308798021342497,0.8146993581844976,18.530064181550244,18.530064181550244,0.0014564057348294822,2.793683898093503,0.0026812329822265405,0.0030995815833183035,0.02726258841202603,0.00011750842110201448,188.24073761048203,5.716247880429664,0.03017952124818757,0.09236224807369398,0.1459989447547685,6426,ab892f114bac21ab0e3c01a4b00e88116c16f5bb1d8ebcdb4502f1ef3d2251f9,three_row_sha256,23dfdf6afc92c83f5432915945aa9850fa57a19bfe2e455008efbdd751205413,8b3956404398690bbe02d2f590fbbfce2ca696f3e3b691ed979e35e9b8276d71,8b10f26c63efc1e7b779523080bc9e1215bab2b21d36db41ba7894df17ba36f1,0.23783906362950802,0.225515803322196,0.2331230789422989,0.583629822358489,0.13461289927363396,0.622183084487915,0.175846042111516,2.212749794125557,0.0,0.0,9.942339034751058,18.6456476803869,105.63146672211587,4000,4000,,2.793683898093503,,False,False,ok
BNCI2014_001,resampled_spectral_normalized_power_s1,resampled,spectral,normalized_power,3,6398,9,500,500,1.0,22,253,0.004175396932919285,0.06461731140274474,8.192860016248137,0.8033313338208117,19.66686661791883,19.66686661791883,0.0010167291974223435,2.793683898093503,0.0019048883359700755,0.00185948122125118,0.012988517717342118,0.0001408618005225405,188.24073761048203,5.716247880429664,0.03017952124818757,0.09236224807369398,0.1459989447547685,6434,5fe6a64c4486fd7e681b8b1ddd6ef9591e6a2da3d152d762c40cbac10dffe005,three_row_sha256,356cd561c50ab1b3b7731d425f2327b61244923ac11f1bc954e22b122c58f1f4,8b3956404398690bbe02d2f590fbbfce2ca696f3e3b691ed979e35e9b8276d71,8b10f26c63efc1e7b779523080bc9e1215bab2b21d36db41ba7894df17ba36f1,0.2216980792582035,0.2229760866612196,0.2253199927508831,0.5642739124596119,0.13593817129731178,0.5785089451819658,0.1678531989455223,2.116568386554718,0.0,0.0,11.32177491672337,20.76221606694162,116.95324163883924,4500,4500,,2.793683898093503,,False,False,ok
BNCI2014_001,resampled_spectral_normalized_power_s1,resampled,spectral,normalized_power,3,6398,10,500,500,1.0,22,253,0.0032497579296519616,0.05700664811802183,8.090395619406223,0.7932844319549289,20.671556804507105,20.671556804507105,0.0009185717030884535,2.793683898093503,0.0014626648114450292,0.0014406671669382864,0.010002141432256358,8.322329668903398e-05,188.240737610482,5.716247880429664,0.03017952124818757,0.09236224807369398,0.1459989447547685,6443,35444c4e0d7cd75f23656a66f28f2cc1de595f106fac6a0f2e925106add1c0ff,three_row_sha256,85d549e701b16bc695ec0b2598d3f3ff9f0ee946e4166d1d66a0370b975b75c8,8b3956404398690bbe02d2f590fbbfce2ca696f3e3b691ed979e35e9b8276d71,8b10f26c63efc1e7b779523080bc9e1215bab2b21d36db41ba7894df17ba36f1,0.3260248340666294,0.23020082153379917,0.24360301904380322,0.5879849195480347,0.13864110223948956,0.6465581245720387,0.18505100160837173,2.3580638226121664,0.0,0.0,10.508514940738678,23.120279889553785,127.46175657957792,5000,5000,,2.793683898093503,,False,False,ok
BNCI2014_001,resampled_spectral_normalized_power_s1,resampled,spectral,normalized_power,3,6398,11,500,500,1.0,22,253,0.0021923932670416743,0.046822999338377226,8.015319401948249,0.7859230126472481,21.407698735275194,21.407698735275194,0.0007284794349278255,2.793683898093503,0.0011106623418936103,0.0009179961275592927,0.004969884358876637,7.751525880800144e-05,188.240737610482,5.716247880429664,0.03017952124818757,0.09236224807369398,0.1459989447547685,6453,d27c394a7d786dc54ee143e9a78e877a467c2c1b1a45486002a71e9dafb0b5ca,three_row_sha256,4b3127b1428264ab031af30c8c7073a464f5071bf1152f9c61f51eb46820625a,8b3956404398690bbe02d2f590fbbfce2ca696f3e3b691ed979e35e9b8276d71,8b10f26c63efc1e7b779523080bc9e1215bab2b21d36db41ba7894df17ba36f1,0.2844058908522129,0.22674794308841228,0.24684309028089046,0.6945140194147825,0.15402096323668957,0.6905461195856333,0.2051331102848053,2.5022111367434263,0.0,0.0,10.562703013420105,25.62249102629721,138.02445959299803,5500,5500,,2.793683898093503,,False,False,ok
BNCI2014_001,resampled_spectral_normalized_power_s1,resampled,spectral,normalized_power,3,6398,12,500,500,1.0,22,253,0.0016762922241031037,0.04094254784576924,7.955621179667647,0.7800694459518208,21.993055404817916,21.993055404817916,0.0005958827333827023,2.793683898093503,0.000882649135438125,0.0006544441573568158,0.004917893325335226,0.00012029609263666791,188.240737610482,5.716247880429664,0.03017952124818757,0.09236224807369398,0.1459989447547685,6464,c9bf8a38de3ced49a95858ecaaca1dfd622ed7f19d8059adcdb03f3897d4c6a5,three_row_sha256,1f29f6e77e9fe1cf93ed014d9bd2fd043f8947b8066116c5f86a3836b002739c,8b3956404398690bbe02d2f590fbbfce2ca696f3e3b691ed979e35e9b8276d71,8b10f26c63efc1e7b779523080bc9e1215bab2b21d36db41ba7894df17ba36f1,0.2289090771228075,0.22145709954202175,0.22385502234101295,0.5560850258916616,0.1313032116740942,0.5841441452503204,0.16815587878227234,2.113909460604191,0.0,0.0,9.666817029938102,27.736400486901402,147.69127662293613,6000,6000,,2.793683898093503,,False,False,ok
BNCI2014_001,resampled_spectral_normalized_power_s1,resampled,spectral,normalized_power,3,6398,13,500,500,1.0,22,253,0.0012610949998771467,0.03551189941241029,7.9451894177048885,0.779046584431543,22.095341556845707,22.095341556845707,0.00046909685396614396,2.793683898093503,0.000696607850642695,0.0004567680530980098,0.004624604032111642,8.118474715215563e-05,188.240737610482,5.716247880429664,0.03017952124818757,0.09236224807369398,0.1459989447547685,6476,287a07980b0806f18f67df932e981cc954ed0925bb7ccffc99db0617ec3ca6c8,three_row_sha256,81ec602b1eb4a4f9ad11422b8c1ae890e0ab67305bde3caf588a2c0c82ff9ec4,8b3956404398690bbe02d2f590fbbfce2ca696f3e3b691ed979e35e9b8276d71,8b10f26c63efc1e7b779523080bc9e1215bab2b21d36db41ba7894df17ba36f1,0.23824605159461498,0.2230491954833269,0.23036589846014977,0.5669249221682549,0.13222103007137775,0.6026949267834425,0.17141480930149555,2.1649168338626623,0.0,0.0,9.89678199402988,29.901317320764065,157.588058616966,6500,6500,,2.793683898093503,,False,False,ok
BNCI2014_001,resampled_spectral_normalized_power_s1,resampled,spectral,normalized_power,3,6398,14,500,500,1.0,22,253,0.0010316869430401475,0.03211988392009142,7.958318602203896,0.780333935280288,21.966606471971193,21.966606471971193,0.00039707863242971643,2.793683898093503,0.0005919226585960392,0.0003615659875662979,0.002745571283026579,0.000125774414780299,188.24073761048203,5.716247880429664,0.03017952124818757,0.09236224807369398,0.1459989447547685,6489,59cbdb89cd1f3574bb080dc85b023055f9d1d120406e0d4c45da21f97a52426b,three_row_sha256,7184c20c6564f965959418caa37ee32d42d2bcc582e10adba99656b48c9ed36c,8b3956404398690bbe02d2f590fbbfce2ca696f3e3b691ed979e35e9b8276d71,8b10f26c63efc1e7b779523080bc9e1215bab2b21d36db41ba7894df17ba36f1,0.21092290990054607,0.2203318290412426,0.22156606428325176,0.5386348348110914,0.13142707757651806,0.5763059016317129,0.15975302085280418,2.058941638097167,0.0,0.0,9.45201120339334,31.960258958861232,167.04006982035935,7000,7000,,2.793683898093503,,False,False,ok
BNCI2014_001,resampled_spectral_normalized_power_s1,resampled,spectral,normalized_power,3,6398,15,500,500,1.0,22,253,0.0010113171417563752,0.0318012128975669,7.916043648184282,0.7761887655675823,22.381123443241766,22.381123443241766,0.0004159776016079844,2.793683898093503,0.0005292760724900233,0.00038007575996722767,0.004108396132288007,0.0001266710994045059,188.24073761048203,5.716247880429664,0.03017952124818757,0.09236224807369398,0.1459989447547685,6503,c994de82f70996dc93117039f800138189c32c180e7f382cc49b30dbd4a10dc1,three_row_sha256,d33d36513ba3f0fd169ad9b9c487c7b984b03ab118afe606b2a775b26932be50,8b3956404398690bbe02d2f590fbbfce2ca696f3e3b691ed979e35e9b8276d71,8b10f26c63efc1e7b779523080bc9e1215bab2b21d36db41ba7894df17ba36f1,0.2427890431135893,0.22166105918586254,0.23502600379288197,0.544319162145257,0.12925616465508938,0.6671280134469271,0.20023505203425884,2.240414498373866,0.0,0.0,8.995888056233525,34.2006734572351,176.03595787659287,7500,7500,,2.793683898093503,,False,False,ok
BNCI2014_001,resampled_spectral_normalized_power_s1,resampled,spectral,normalized_power,3,6398,16,500,500,1.0,22,253,0.0008462121155478603,0.029089725257345767,7.878581794186263,0.7725155328893788,22.748446711062115,22.748446711062115,0.00034258879758958325,2.7936838980935024,0.00048436743277227335,0.0002945872608316372,0.0026470125087379778,9.350661687093142e-05,188.240737610482,5.716247880429664,0.03017952124818757,0.09236224807369398,0.1459989447547685,6518,aa14e8189ed9091febf681bd8aa1b756cdb2f25b65f195db910aa35cff4f9807,three_row_sha256,8a511a51d24f8ad8d5cc425e2fe73c324de27b93a6d945be4a7d8f30204703d6,8b3956404398690bbe02d2f590fbbfce2ca696f3e3b691ed979e35e9b8276d71,8b10f26c63efc1e7b779523080bc9e1215bab2b21d36db41ba7894df17ba36f1,0.2088241744786501,0.22624805569648743,0.2195490524172783,0.532906036823988,0.13017095625400543,0.659167068079114,0.16159191727638245,2.1384572610259056,0.0,0.0,11.783429887145758,36.339130718261,187.81938776373863,8000,8000,,2.793683898093503,,False,False,ok
BNCI2014_001,resampled_spectral_normalized_power_s1,resampled,spectral,normalized_power,3,6398,17,500,500,1.0,22,253,0.0007983979382648755,0.028255936336721802,7.915384542599369,0.7761241385426354,22.387586145736464,22.387586145736464,0.00032522912333965485,2.793683898093503,0.0004606113338437611,0.0002773518608365883,0.0022971655778071228,0.00010528640011719192,188.24073761048203,5.716247880429664,0.03017952124818757,0.09236224807369398,0.1459989447547685,6534,1c541a573d205dc3c0c1c1ede37e6da5f0e69e1cfea60698b9a26781555e52cb,three_row_sha256,27ae9ed1916fc5ee1f86b48bd732b827bfb8c77a3ea272bf65c3f47d0c22b871,8b3956404398690bbe02d2f590fbbfce2ca696f3e3b691ed979e35e9b8276d71,8b10f26c63efc1e7b779523080bc9e1215bab2b21d36db41ba7894df17ba36f1,0.2564250025898218,0.22651185281574726,0.24314993061125278,0.5889090243726969,0.1364811323583126,0.7071320433169603,0.18467404879629612,2.343283034861088,0.0,0.0,9.597001131623983,38.68241375312209,197.41638889536262,8500,8500,,2.793683898093503,,False,False,ok
BNCI2014_001,resampled_spectral_normalized_power_s1,resampled,spectral,normalized_power,3,6398,18,500,500,1.0,22,253,0.0007604261745647976,0.02757582590902397,7.900100952334427,0.7746255425787403,22.537445742125968,22.537445742125968,0.0003120245097014798,2.793683898093503,0.000437465047681314,0.00026772877893543943,0.001805563559893687,6.748764007168261e-05,188.24073761048206,5.716247880429664,0.03017952124818757,0.09236224807369398,0.1459989447547685,6551,6fa29e7018c593da5980dee4279fb8ce8846091ee43a278913fc398805215f96,three_row_sha256,aa10c122654e019617d80242981f9ca3fc1061bea0a73919662dc358d4b44fb6,8b3956404398690bbe02d2f590fbbfce2ca696f3e3b691ed979e35e9b8276d71,8b10f26c63efc1e7b779523080bc9e1215bab2b21d36db41ba7894df17ba36f1,0.23004179820418358,0.22392207756638527,0.2370739821344614,0.577990896999836,0.13447203673422337,0.5908950697630644,0.17046299763023853,2.1648588590323925,0.0,0.0,9.671261999756098,40.847272612154484,207.0876508951187,9000,9000,,2.793683898093503,,False,False,ok
BNCI2014_001,resampled_spectral_normalized_power_s1,resampled,spectral,normalized_power,3,6398,19,500,500,1.0,22,253,0.000697608236828352,0.02641227435925108,7.85570087755009,0.7702719992217797,22.97280007782203,22.97280007782203,0.0003052756754208916,2.793683898093503,0.0004016309941053371,0.00024089487085774235,0.0018707656989283448,7.881943861159873e-05,188.24073761048203,5.716247880429664,0.03017952124818757,0.09236224807369398,0.1459989447547685,6569,94dab82fd362cf026b0f4f16e79465b0f3ef4ea1e83c05c233caa020fbef0f28,three_row_sha256,1bf6cd896323f930d2d254fe39f0a963ff7b13127809acd7d20e01e13b14bb63,8b3956404398690bbe02d2f590fbbfce2ca696f3e3b691ed979e35e9b8276d71,8b10f26c63efc1e7b779523080bc9e1215bab2b21d36db41ba7894df17ba36f1,0.21298695355653763,0.22011203691363335,0.22111507132649422,0.5512621719390154,0.1306470949202776,0.5418190266937017,0.16378797590732574,2.0417303312569857,0.0,0.0,9.304360020905733,42.88900294341147,216.39201091602445,9500,9500,,2.793683898093503,,False,False,ok
BNCI2014_001,resampled_spectral_normalized_power_s1,resampled,spectral,normalized_power,3,6398,20,500,500,1.0,22,253,0.0006589572192201485,0.025670162041174352,7.798392521966763,0.7646527652011167,23.53472347988834,23.53472347988834,0.00028870381497015095,2.793683898093503,0.0003901624085149138,0.0002247301653650798,0.0015738509554453443,7.54153601316254e-05,188.24073761048203,5.716247880429664,0.03017952124818757,0.09236224807369398,0.1459989447547685,6588,0e6e554e8431dea25620df1e79be8c5e978cf973a4cceb9301a99eca33705da6,three_row_sha256,2cca6dd06582d809f9e2851a3ab00fb09924b01ff4b46cccd5a86927e8dd0227,8b3956404398690bbe02d2f590fbbfce2ca696f3e3b691ed979e35e9b8276d71,8b10f26c63efc1e7b779523080bc9e1215bab2b21d36db41ba7894df17ba36f1,0.20894105546176434,0.22667786106467247,0.21967594511806965,0.5344320088624954,0.12917607091367245,0.5309111438691616,0.16005011275410652,2.0098641980439425,0.0,0.0,9.25467093475163,44.89886714145541,225.64668185077608,10000,10000,,2.793683898093503,,False,False,ok
BNCI2014_001,resampled_spectral_normalized_power_s1,resampled,spectral,normalized_power,3,6398,21,500,500,1.0,22,253,0.0006328158064157268,0.025155830465634143,7.822169562913615,0.7669841661990912,23.301583380090882,23.301583380090882,0.0002783302256864798,2.793683898093503,0.00038189497459338714,0.00021308835199598873,0.0013133117267068147,6.240774214971988e-05,188.24073761048203,5.716247880429664,0.03017952124818757,0.09236224807369398,0.1459989447547685,6608,f5765d4f1f3d7cfcfe76040ada3dcc6e960f0b52f90d8583b7e7bcf8d2a8df47,three_row_sha256,e7536f449e36293ddf19395f12575c02b5364d62f41c31fc2472f7adc39d9c82,8b3956404398690bbe02d2f590fbbfce2ca696f3e3b691ed979e35e9b8276d71,8b10f26c63efc1e7b779523080bc9e1215bab2b21d36db41ba7894df17ba36f1,0.2102828584611416,0.2199290320277214,0.22460916079580784,0.5407070275396109,0.13008317910134792,0.7292360533028841,0.16818102449178696,2.2230283357203007,0.0,0.0,10.38067089393735,47.12189547717571,236.02735274471343,10500,10500,,2.793683898093503,,False,False,ok
BNCI2014_001,resampled_spectral_normalized_power_s1,resampled,spectral,normalized_power,3,6398,22,500,500,1.0,22,253,0.0006362206710682023,0.025223415134913874,7.7939597017745985,0.7642181155976208,23.578188440237923,23.578188440237923,0.0002777768039295624,2.793683898093503,0.00038900812926693465,0.0002088930515783816,0.0015144833812423494,7.561233922396829e-05,188.240737610482,5.716247880429664,0.03017952124818757,0.09236224807369398,0.1459989447547685,6629,def7b9746b73e496b7f4e3323549f67156eb3965c03bac7edd6b525803f8352e,three_row_sha256,92cc48594f946825ef54cc9d402398a2fa26437c6d56ae858b5d332368f27f88,8b3956404398690bbe02d2f590fbbfce2ca696f3e3b691ed979e35e9b8276d71,8b10f26c63efc1e7b779523080bc9e1215bab2b21d36db41ba7894df17ba36f1,0.30200020410120487,0.22963201627135277,0.258331885561347,0.697143143042922,0.15461305156350136,0.7859210018068552,0.2064630389213562,2.6341043412685394,0.0,0.0,9.612014051526785,49.75599981844425,245.6393667962402,11000,11000,,2.793683898093503,,False,False,ok
BNCI2014_001,resampled_spectral_normalized_power_s1,resampled,spectral,normalized_power,3,6398,23,500,500,1.0,22,253,0.0006007297743162803,0.024509789356832103,7.764936859060569,0.7613723500282721,23.862764997172796,23.862764997172796,0.0002767507877406608,2.793683898093503,0.0003587448691262794,0.0002017771348793797,0.0016407676708639174,6.92328669235661e-05,188.24073761048203,5.716247880429664,0.03017952124818757,0.09236224807369398,0.1459989447547685,6651,6cf8489619526108b0e10fb020d1d04942d228563f0f20d90a2459ab310cd02b,three_row_sha256,9625f1a408a534825f66503379c7268e8fdbeaec3d95244647395ae9b18666f9,8b3956404398690bbe02d2f590fbbfce2ca696f3e3b691ed979e35e9b8276d71,8b10f26c63efc1e7b779523080bc9e1215bab2b21d36db41ba7894df17ba36f1,0.22351299412548542,0.22204406559467316,0.22197002544999123,0.5651849787682295,0.14047208242118359,0.7602940313518047,0.1814030110836029,2.3148811887949705,0.0,0.0,9.272931143641472,52.07088100723922,254.91229793988168,11500,11500,,2.793683898093503,,False,False,ok
BNCI2014_001,resampled_spectral_normalized_power_s1,resampled,spectral,normalized_power,3,6398,24,500,500,1.0,22,253,0.0005813147281548597,0.024110469264509552,7.778989779853059,0.7627502756344609,23.724972436553912,23.724972436553912,0.00026207017004142277,2.793683898093503,0.000360622003805672,0.000188435799796925,0.0014013313942153288,7.684755384535489e-05,188.24073761048206,5.716247880429664,0.03017952124818757,0.09236224807369398,0.1459989447547685,6674,547982c4eed730e63a2b8f77bbbb561827f860ff661c433ee118b66ee7f577b6,three_row_sha256,2a72d79fb4f64622ea4aa355397e9f6b44bbeda5f15aa1c2423ab002913f5962,8b3956404398690bbe02d2f590fbbfce2ca696f3e3b691ed979e35e9b8276d71,8b10f26c63efc1e7b779523080bc9e1215bab2b21d36db41ba7894df17ba36f1,0.21111988462507725,0.22043706849217415,0.22176397033035755,0.5408439319580793,0.12989877723157406,0.5725179798901081,0.16155606135725975,2.05813767388463,0.0,0.0,9.315436938777566,54.12901868112385,264.22773487865925,12000,12000,,2.793683898093503,,False,False,ok
BNCI2014_001,resampled_spectral_normalized_power_s1,resampled,spectral,normalized_power,3,6398,25,500,500,1.0,22,253,0.0006241873967414192,0.024983742648799025,7.800821695148065,0.7648909519793538,23.51090480206463,23.51090480206463,0.00028402589270127974,2.793683898093503,0.0003648315235420876,0.00021346779217425976,0.002002976962550621,5.443079449750518e-05,188.24073761048206,5.716247880429664,0.03017952124818757,0.09236224807369398,0.1459989447547685,6698,59556ffff343a55262574d838f5ee4dcc75aee3ef7a6e5794d435886c162ce96,three_row_sha256,eec8851a2f6912fbbdf90feb055e5d37c0aa3a9889c686a2612a3c6db284490a,8b3956404398690bbe02d2f590fbbfce2ca696f3e3b691ed979e35e9b8276d71,8b10f26c63efc1e7b779523080bc9e1215bab2b21d36db41ba7894df17ba36f1,0.2217451110482216,0.21988991647958755,0.22181705571711063,0.5460439715534449,0.12964196503162384,0.7151358295232058,0.23942487314343452,2.2936987224966288,0.0,0.0,9.783624904230237,56.42271740362048,274.0113597828895,12500,12500,,2.793683898093503,,False,False,ok
BNCI2014_001,resampled_spectral_normalized_power_s1,resampled,spectral,normalized_power,3,6398,26,500,500,1.0,22,253,0.0005684418725426904,0.023842019053400037,7.779641434578477,0.7628141720831642,23.718582791683588,23.718582791683588,0.00026302663198484523,2.7936838980935033,0.000349022721520763,0.00018289737538264728,0.0013756867537715854,8.171030307065461e-05,188.24073761048206,5.716247880429664,0.03017952124818757,0.09236224807369398,0.1459989447547685,6723,a6a2b278d97fda7809fb6952fddfd02497b0c4008e8dcc97c0efe98ec3380f2f,three_row_sha256,211e78b2bd12dd64eed8b3be0ff94321ca1ecd9a9b8a2d5736aeb1d165168409,8b3956404398690bbe02d2f590fbbfce2ca696f3e3b691ed979e35e9b8276d71,8b10f26c63efc1e7b779523080bc9e1215bab2b21d36db41ba7894df17ba36f1,0.21977489814162254,0.22240099497139454,0.22468902170658112,0.5480609834194183,0.13269484043121338,0.650324858725071,0.1669679768383503,2.164913574233651,0.0,0.0,9.49777103960514,58.58763097785413,283.5091308224946,13000,13000,,2.793683898093503,,False,False,ok
BNCI2014_001,resampled_spectral_normalized_power_s1,resampled,spectral,normalized_power,3,6398,27,500,500,1.0,22,253,0.0005443031805691772,0.02333030605391145,7.738907803675852,0.758820133129798,24.117986687020196,24.117986687020196,0.0002518880267225835,2.7936838980935024,0.0003437278517847637,0.00017140547696211237,0.0012301882678145688,7.091617532913218e-05,188.24073761048203,5.716247880429665,0.03017952124818757,0.09236224807369398,0.1459989447547685,6749,6ece0b1951912571f4cbe2c6ea79cfa6c8e4add1aa44b041b1bd17b4037327e5,three_row_sha256,9e6d277ca7776706ab58f93f3b863e36ed00f5a5e026725bdc8d49a4fd7e8864,8b3956404398690bbe02d2f590fbbfce2ca696f3e3b691ed979e35e9b8276d71,8b10f26c63efc1e7b779523080bc9e1215bab2b21d36db41ba7894df17ba36f1,0.21419511176645756,0.21963100880384445,0.21930504590272903,0.5350769497454166,0.157573027536273,0.8407691493630409,0.19760988652706146,2.384160179644823,0.0,0.0,10.73363795876503,60.971791157498956,294.24276878125966,13500,13500,,2.793683898093503,,False,False,ok
BNCI2014_001,resampled_spectral_normalized_power_s1,resampled,spectral,normalized_power,3,6398,28,500,500,1.0,22,253,0.0005295368533585338,0.02301166776569082,7.707145463899027,0.7557057527147069,24.42942472852931,24.42942472852931,0.00024393542889359168,2.793683898093503,0.0003412513793176518,0.00016471611496811996,0.0010766900509554427,8.831489994444048e-05,188.24073761048203,5.716247880429665,0.03017952124818757,0.09236224807369398,0.1459989447547685,6776,17bf349fce87ec578a1608e86a45a9ede41e68a4626354785087de74c2da1a04,three_row_sha256,61d66619424c139a4f18327708fc4fd1af376430b91590ded7c00f9b2ba43a06,8b3956404398690bbe02d2f590fbbfce2ca696f3e3b691ed979e35e9b8276d71,8b10f26c63efc1e7b779523080bc9e1215bab2b21d36db41ba7894df17ba36f1,0.22630393505096436,0.2227469813078642,0.22538891062140465,0.565648078918457,0.13588299043476582,0.6230729632079601,0.1783908810466528,2.177434740588069,0.0,0.0,9.062692988663912,63.149225898087025,303.30546176992357,14000,14000,,2.793683898093503,,False,False,ok
BNCI2014_001,resampled_spectral_normalized_power_s1,resampled,spectral,normalized_power,3,6398,29,500,500,1.0,22,253,0.0005281041181319323,0.022980516054517407,7.705715374897666,0.7555655287510767,24.44344712489233,24.44344712489233,0.00024302909127202417,2.793683898093503,0.0003409799001625641,0.00016418708725561272,0.001070323950697831,6.185853122024054e-05,188.240737610482,5.716247880429664,0.03017952124818757,0.09236224807369398,0.1459989447547685,6804,ba5dce0b1b6c76f5560a4d15d137a076ec24969c7c702c933c98c2b89c88a93e,three_row_sha256,b135459636d0a1189efc99990366275df518a9a1d276ac31d8a7fc91468d5fb6,8b3956404398690bbe02d2f590fbbfce2ca696f3e3b691ed979e35e9b8276d71,8b10f26c63efc1e7b779523080bc9e1215bab2b21d36db41ba7894df17ba36f1,0.22163894027471542,0.22027804516255856,0.22075604647397995,0.5500270053744316,0.13077398762106895,0.5979940760880709,0.16385107301175594,2.1053191740065813,0.0,0.0,9.015728021040559,65.2545450720936,312.3211897909641,14500,14500,,2.793683898093503,,False,False,ok
BNCI2014_001,resampled_spectral_normalized_power_s1,resampled,spectral,normalized_power,3,6398,30,500,500,1.0,22,253,0.0005296845006949726,0.02301487563935492,7.719103495294414,0.7568782689412353,24.312173105876465,24.312173105876465,0.0002464060914821123,2.793683898093503,0.0003361171666844355,0.00016543060252480606,0.0011332483830095435,8.339592554229267e-05,188.240737610482,5.716247880429664,0.03017952124818757,0.09236224807369398,0.1459989447547685,6833,90062b7f18245ff1c6c2a914709594b12de3205421c3171ec5d864a9146e7407,three_row_sha256,0904913e182b3ea1054af542e6bf0786fe3bf87c4ab000151d78a7b7959cfc54,8b3956404398690bbe02d2f590fbbfce2ca696f3e3b691ed979e35e9b8276d71,8b10f26c63efc1e7b779523080bc9e1215bab2b21d36db41ba7894df17ba36f1,0.2035261131823063,0.2186889760196209,0.21784799173474312,0.537186861038208,0.19435188733041286,0.6879260763525963,0.15793507918715477,2.2174629848450422,0.0,0.0,9.087800979614258,67.47200805693865,321.4089907705784,15000,15000,,2.793683898093503,,False,False,ok
BNCI2014_001,resampled_spectral_normalized_power_s1,resampled,spectral,normalized_power,3,6398,31,500,500,1.0,22,253,0.0005210297574559227,0.022826076260626195,7.734295958419417,0.7583679296509299,24.16320703490701,24.16320703490701,0.0002458290145300668,2.793683898093503,0.0003271676917512012,0.00016390668502566143,0.0011960966740397325,6.35441779624974e-05,188.24073761048203,5.716247880429664,0.03017952124818757,0.09236224807369398,0.1459989447547685,6863,73254bf11fec1755f3e6816295550493274f4feb6f4f7b2a7c30a534a6d758b8,three_row_sha256,6cf48058076a6303ba7bb3b563de5ed3aa9a4d5478ef6302ea8bdd8ddbc35702,8b3956404398690bbe02d2f590fbbfce2ca696f3e3b691ed979e35e9b8276d71,8b10f26c63efc1e7b779523080bc9e1215bab2b21d36db41ba7894df17ba36f1,0.21373690105974674,0.2206109929829836,0.23278803564608097,0.5416260100901127,0.13036211021244526,0.6920730229467154,0.15980983152985573,2.1910069044679403,0.0,0.0,9.514898993074894,69.66301496140659,330.9238897636533,15500,15500,,2.793683898093503,,False,False,ok
BNCI2014_001,resampled_spectral_normalized_power_s1,resampled,spectral,normalized_power,3,6398,32,500,500,1.0,22,253,0.0005387841684802075,0.02321172480623117,7.7111369157130065,0.756097124995357,24.390287500464307,24.390287500464307,0.00024956372823440535,2.793683898093503,0.00033864835200487543,0.0001722872975496489,0.0011085013281617172,6.341079409967173e-05,188.24073761048203,5.716247880429664,0.03017952124818757,0.09236224807369398,0.1459989447547685,6894,ccecf529bec309412040d45987d1234d336c4d3513065104ecc1ec9733603bc3,three_row_sha256,325b6edf46f25501ff48014a73ba79dd8ba7bda82f05b7d37ebf6d206a6a13bc,8b3956404398690bbe02d2f590fbbfce2ca696f3e3b691ed979e35e9b8276d71,8b10f26c63efc1e7b779523080bc9e1215bab2b21d36db41ba7894df17ba36f1,0.20949612371623516,0.2202601172029972,0.22105197422206402,0.5353707820177078,0.13121799565851688,0.5791620351374149,0.17319293692708015,2.069751964882016,0.0,0.0,10.137281846255064,71.7327669262886,341.06117160990834,16000,16000,,2.793683898093503,,False,False,ok
BNCI2014_001,resampled_spectral_normalized_power_s1,resampled,spectral,normalized_power,3,6398,33,500,500,1.0,22,253,0.000555099686093239,0.02356055360328443,7.697536842889484,0.754763602315888,24.523639768411194,24.523639768411194,0.0002561441744675631,2.793683898093503,0.00034288139528340655,0.00018006139776865197,0.0011678325188408693,7.612830328787355e-05,188.240737610482,5.716247880429664,0.03017952124818757,0.09236224807369398,0.1459989447547685,6926,2fd4926d5d694c46ffd1d4d1416f274285676df74bdd7455ff496983665aa8a1,three_row_sha256,2c03020424cd1aead0d18aef2c63c08f471a01a6280024e159ded02b6a8161da,8b3956404398690bbe02d2f590fbbfce2ca696f3e3b691ed979e35e9b8276d71,8b10f26c63efc1e7b779523080bc9e1215bab2b21d36db41ba7894df17ba36f1,0.28194114565849304,0.22881291806697845,0.24993694387376308,0.6736761424690485,0.15477300621569157,0.6817509420216084,0.22190413437783718,2.49279523268342,0.0,0.0,10.038558160886168,74.22556215897202,351.0997297707945,16500,16500,,2.793683898093503,,False,False,ok
BNCI2014_001,resampled_spectral_normalized_power_s1,resampled,spectral,normalized_power,3,6398,34,500,500,1.0,22,253,0.0005525406672500532,0.023506183596025392,7.69620478918566,0.754632990969363,24.536700903063707,24.536700903063707,0.00025013452922242934,2.7936838980935033,0.00034672200525432886,0.00017849634091258315,0.0011008948208986189,6.778207141146226e-05,188.24073761048203,5.716247880429665,0.03017952124818757,0.09236224807369398,0.1459989447547685,6959,eb8f132bddd31ec0620580bd1b7f37736a90abea5ab5b40c4cdf91abc7847ba8,three_row_sha256,c4ae2057b7e388cfe123ede2c9cdcc696ca98af0787a82d38a04149e1aa19b79,8b3956404398690bbe02d2f590fbbfce2ca696f3e3b691ed979e35e9b8276d71,8b10f26c63efc1e7b779523080bc9e1215bab2b21d36db41ba7894df17ba36f1,0.22803503088653088,0.2231290563941002,0.22582104429602623,0.5704110953956842,0.13481196947395802,0.6120749749243259,0.1695349346846342,2.1638181060552597,0.0,0.0,9.451828198507428,76.38938026502728,360.55155796930194,17000,17000,,2.793683898093503,,False,False,ok
BNCI2014_001,resampled_spectral_normalized_power_s1,resampled,spectral,normalized_power,3,6398,35,500,500,1.0,22,253,0.0005221910582692499,0.022851500131703603,7.684486075847719,0.7534839405037427,24.651605949625733,24.651605949625733,0.0002467806515213065,2.793683898093503,0.0003242274315644211,0.00016881381895832636,0.001080450704157312,5.999821724475477e-05,188.24073761048203,5.716247880429664,0.03017952124818757,0.09236224807369398,0.1459989447547685,6993,d391c47deeb5a0fffbc4a7707a4c183aa87e17627cde3a3b9f181bafd6e811fd,three_row_sha256,66cf353a7f5367c94fea2b6b13ed3a7d83dd7fe8dcd7ac5058a8fe2ea6a4ad8e,8b3956404398690bbe02d2f590fbbfce2ca696f3e3b691ed979e35e9b8276d71,8b10f26c63efc1e7b779523080bc9e1215bab2b21d36db41ba7894df17ba36f1,0.2212589606642723,0.22047595120966434,0.2228070516139269,0.5507930181920528,0.13017095625400543,0.5666620563715696,0.16013090498745441,2.072298899292946,0.0,0.0,9.253553813323379,78.46167916432023,369.8051117826253,17500,17500,,2.793683898093503,,False,False,ok
BNCI2014_001,resampled_spectral_normalized_power_s1,resampled,spectral,normalized_power,3,6398,36,500,500,1.0,22,253,0.0005177006014820136,0.022753034994963058,7.68029208087295,0.7530727083369001,24.692729166309984,24.692729166309984,0.0002503832362665651,2.7936838980935033,0.00032654483069961804,0.00015970878522450577,0.0013299390303428218,6.665167196880984e-05,188.240737610482,5.716247880429664,0.03017952124818757,0.09236224807369398,0.1459989447547685,7028,2025cb164f1612fad3abc4fa22d76b671362dd3115b7ee38b779e5a1f220b6ac,three_row_sha256,c7efa83f708d045a9e0820543514ea236f97d608a930c270dddfddb8b2e30b74,8b3956404398690bbe02d2f590fbbfce2ca696f3e3b691ed979e35e9b8276d71,8b10f26c63efc1e7b779523080bc9e1215bab2b21d36db41ba7894df17ba36f1,0.2244438510388136,0.222046859562397,0.2256869338452816,0.5490840412676334,0.1414930447936058,0.7288120687007904,0.17647095955908298,2.268037758767605,0.0,0.0,9.782413952052593,80.72971692308784,379.5875257346779,18000,18000,,2.793683898093503,,False,False,ok
BNCI2014_001,resampled_spectral_normalized_power_s1,resampled,spectral,normalized_power,3,6398,37,500,500,1.0,22,253,0.00051851651563642,0.022770957723302284,7.677846579907067,0.7528329205767179,24.71670794232821,24.71670794232821,0.0002480098220463285,2.793683898093503,0.00032220477469677047,0.00016636118103118068,0.0012207806831270103,7.112588735998902e-05,188.240737610482,5.716247880429664,0.03017952124818757,0.09236224807369398,0.1459989447547685,7064,6ed3b7d6134f213e5455c036771aa26b2e7886f6f0d2a2d4546dbf01ee551a69,three_row_sha256,8ba9c7a41b9006970730753178e572717353dc7abb72ab57c447811e478912cf,8b3956404398690bbe02d2f590fbbfce2ca696f3e3b691ed979e35e9b8276d71,8b10f26c63efc1e7b779523080bc9e1215bab2b21d36db41ba7894df17ba36f1,0.2260750625282526,0.22102915681898594,0.23229699581861496,0.5616000853478909,0.1320168375968933,0.6152710411697626,0.17133797518908978,2.15962715446949,0.0,0.0,9.173101978376508,82.88934407755733,388.7606277130544,18500,18500,,2.793683898093503,,False,False,ok
BNCI2014_001,resampled_spectral_normalized_power_s1,resampled,spectral,normalized_power,3,6398,38,500,500,1.0,22,253,0.000530560882699392,0.023033907239098452,7.673306203488264,0.7523877248041388,24.761227519586114,24.761227519586114,0.00024931886361789535,2.793683898093503,0.00033618388667695483,0.00016400321032429216,0.0012015431686941747,7.630450133642031e-05,188.240737610482,5.716247880429664,0.03017952124818757,0.09236224807369398,0.1459989447547685,7101,8299ec5f5ab99e7033dbe8764c1888df148229e327e270aed0e790a361c17988,three_row_sha256,df2d5ccf39aeba5be5c854552b77a2f8114cddeb187af0ba93c7915668da62a4,8b3956404398690bbe02d2f590fbbfce2ca696f3e3b691ed979e35e9b8276d71,8b10f26c63efc1e7b779523080bc9e1215bab2b21d36db41ba7894df17ba36f1,0.22829603403806686,0.22607995197176933,0.2346099354326725,0.6635929457843304,0.15293690375983715,0.8996720425784588,0.19446597434580326,2.5996537879109383,0.0,0.0,11.869279900565743,85.48899786546826,400.62990761362016,19000,19000,,2.793683898093503,,False,False,ok
BNCI2014_001,resampled_spectral_normalized_power_s1,resampled,spectral,normalized_power,3,6398,39,500,500,1.0,22,253,0.0005320389891389126,0.023065970370632852,7.669812533081947,0.752045161291291,24.795483870870903,24.795483870870903,0.00024598365624375814,2.7936838980935033,0.00033367097977263807,0.0001688817054963381,0.0010938925012509986,7.640720221707832e-05,188.240737610482,5.716247880429664,0.03017952124818757,0.09236224807369398,0.1459989447547685,7139,f1d0f3345cc0bd2a53e0a3bbf14b5b40496271cc8adeb226416b07ceab169be7,three_row_sha256,6be959170f57163b4e46a398afa16423a1285c565da101043497b1f847b98987,8b3956404398690bbe02d2f590fbbfce2ca696f3e3b691ed979e35e9b8276d71,8b10f26c63efc1e7b779523080bc9e1215bab2b21d36db41ba7894df17ba36f1,0.2649009693413973,0.22735283710062504,0.24107005447149277,0.6459029391407967,0.14713802374899387,0.7834769785404205,0.18335389904677868,2.493195701390505,0.0,0.0,10.311956983059645,87.98219356685877,410.9418645966798,19500,19500,,2.793683898093503,,False,False,ok
BNCI2014_001,resampled_spectral_normalized_power_s1,resampled,spectral,normalized_power,3,6398,40,500,500,1.0,22,253,0.0005225624528156477,0.022859624949146642,7.650859586258363,0.7501867753282171,24.981322467178284,24.981322467178284,0.000247457220508329,2.7936838980935024,0.000328107570862156,0.0001666810122981013,0.0013003297102802563,6.968915870883201e-05,188.24073761048203,5.716247880429664,0.03017952124818757,0.09236224807369398,0.1459989447547685,7178,4c92b9733b03e21b218235120710d36856f872a54c69fb55eb7f1f78a0a1743f,three_row_sha256,9e41b08b81a1c2c9ac1d7616f050053979d1f31836475afe06922cdf7dd59f86,8b3956404398690bbe02d2f590fbbfce2ca696f3e3b691ed979e35e9b8276d71,8b10f26c63efc1e7b779523080bc9e1215bab2b21d36db41ba7894df17ba36f1,0.23234100081026554,0.2244559582322836,0.22887089289724827,0.5717671010643244,0.14440296217799187,0.76243095099926,0.180188100785017,2.3444569669663906,0.0,0.0,9.791414020583034,90.32665053382516,420.73327861726284,20000,20000,,2.793683898093503,,False,False,ok
BNCI2014_001,resampled_spectral_normalized_power_s1,resampled,spectral,normalized_power,3,6398,41,500,500,1.0,22,253,0.0004689708099835137,0.021655733882358124,7.645776264035001,0.7496883423006985,25.031165769930148,25.031165769930148,0.0002287515050408911,2.793683898093503,0.00030402006014704534,0.00014246083807191245,0.0009464662254779204,6.266432115961761e-05,188.240737610482,5.716247880429664,0.03017952124818757,0.09236224807369398,0.1459989447547685,7218,b038d0c99f18d2715baa5ebb80caf881366e1cda5961d0848f6c3ec8a3064d8b,three_row_sha256,e7206af9abd12271eb0e5801579000134470393d5cec717674b9559349337be6,8b3956404398690bbe02d2f590fbbfce2ca696f3e3b691ed979e35e9b8276d71,8b10f26c63efc1e7b779523080bc9e1215bab2b21d36db41ba7894df17ba36f1,0.21563912741839886,0.22026710212230682,0.22660312242805958,0.5491550546139479,0.13055210001766682,0.7216888479888439,0.16084103845059872,2.2247463930398226,0.0,0.0,9.749807883054018,92.55139692686498,430.48308650031686,20500,20500,,2.793683898093503,,False,False,ok
BNCI2014_001,resampled_spectral_normalized_power_s1,resampled,spectral,normalized_power,3,6398,42,500,500,1.0,22,253,0.00048413043381476014,0.02200296420518745,7.626175493825033,0.7477664355617257,25.223356443827434,25.223356443827434,0.00023580735250133535,2.793683898093503,0.0003161782620710796,0.00014476265372914224,0.00110676992658323,6.866601445425544e-05,188.24073761048203,5.716247880429664,0.03017952124818757,0.09236224807369398,0.1459989447547685,7259,d51410d7cce3f5b6eaf27892e546389411cea3f6ea2fa7a7f4306d4b7aaaa841,three_row_sha256,75ba63c64784892fbb964bbeb73c742a4cbc9e96a82de4a3603832d4f71dc159,8b3956404398690bbe02d2f590fbbfce2ca696f3e3b691ed979e35e9b8276d71,8b10f26c63efc1e7b779523080bc9e1215bab2b21d36db41ba7894df17ba36f1,0.21513807587325573,0.22054300643503666,0.21983892656862736,0.6469420623034239,0.1303351018577814,0.5755219608545303,0.16191089525818825,2.1702300291508436,0.0,0.0,10.308421915397048,94.72162695601583,440.7915084157139,21000,21000,,2.793683898093503,,False,False,ok
BNCI2014_001,resampled_spectral_normalized_power_s1,resampled,spectral,normalized_power,3,6398,43,500,500,1.0,22,253,0.00046458066496731285,0.02155413336154606,7.610694042973676,0.7462484388502919,25.375156114970814,25.375156114970814,0.00022848530724262441,2.793683898093503,0.0003040271992687821,0.0001385086712144305,0.0009687248214429053,9.177311988807881e-05,188.24073761048203,5.716247880429664,0.03017952124818757,0.09236224807369398,0.1459989447547685,7301,72d78ca0b03f8b5297252e1f187a84370af9fdfc6fd4379f187a6bed2c8d621e,three_row_sha256,20b91c06d8167714a6d73b04a438feebba2800062ab6d5931dc33064d627c029,8b3956404398690bbe02d2f590fbbfce2ca696f3e3b691ed979e35e9b8276d71,8b10f26c63efc1e7b779523080bc9e1215bab2b21d36db41ba7894df17ba36f1,0.4340310115367174,0.2277048770338297,0.25461590848863125,0.6778419483453035,0.15578698366880417,0.6761278491467237,0.20285090431571007,2.62895948253572,0.0,0.0,9.90248005837202,97.35058643855155,450.6939884740859,21500,21500,,2.793683898093503,,False,False,ok
BNCI2014_001,resampled_spectral_normalized_power_s1,resampled,spectral,normalized_power,3,6398,44,500,500,1.0,22,253,0.0004939808925293469,0.022225680923862533,7.595246175387079,0.7447337350657262,25.526626493427386,25.526626493427386,0.000241861004929212,2.793683898093503,0.000312177029267019,0.00015272722434707514,0.0012244582570839402,6.270073333035286e-05,188.240737610482,5.716247880429664,0.03017952124818757,0.09236224807369398,0.1459989447547685,7344,14251a909ac5a6044f6c6f1c0ab08e51fa87dc5535a1c4ada32465d6cd149bef,three_row_sha256,75dfe9a91f9c42e47df9350a656f279902e0254974da8d7cdfedcc6c963324e2,8b3956404398690bbe02d2f590fbbfce2ca696f3e3b691ed979e35e9b8276d71,8b10f26c63efc1e7b779523080bc9e1215bab2b21d36db41ba7894df17ba36f1,0.22002612240612507,0.22287783212959766,0.22247107699513435,0.56047597900033,0.1331120729446411,0.5822291132062674,0.1784639898687601,2.1196561865508556,0.0,0.0,9.285376872867346,99.4702426251024,459.9793653469533,22000,22000,,2.793683898093503,,False,False,ok
BNCI2014_001,resampled_spectral_normalized_power_s1,resampled,spectral,normalized_power,3,6398,45,500,500,1.0,22,253,0.0004712050814820744,0.021707258727947994,7.605653943134676,0.7457542438905069,25.424575610949308,25.424575610949308,0.00022335243878756307,2.793683898093503,0.00031566989502757693,0.0001414939421856655,0.0008401606166972108,7.52947994462039e-05,188.240737610482,5.716247880429664,0.03017952124818757,0.09236224807369398,0.1459989447547685,7388,f2da1261362b0cc355c3c6eba3fbce23bc78c408d443c0df40cf898443bbd739,three_row_sha256,e21fee69d50ddd886e081ddcec1b7b1e3d533581d4ebbaa97584b020d95ef21f,8b3956404398690bbe02d2f590fbbfce2ca696f3e3b691ed979e35e9b8276d71,8b10f26c63efc1e7b779523080bc9e1215bab2b21d36db41ba7894df17ba36f1,0.3071099054068327,0.2224829513579607,0.22710696794092655,0.5523550789803267,0.1395260915160179,0.5689340177923441,0.17024297267198563,2.1877579856663942,0.0,0.0,9.262063074856997,101.6580006107688,469.24142842181027,22500,22500,,2.793683898093503,,False,False,ok
BNCI2014_001,resampled_spectral_normalized_power_s1,resampled,spectral,normalized_power,3,6398,46,500,500,1.0,22,253,0.0005174020202029352,0.02274647269804563,7.604665306969616,0.7456573055310615,25.434269446893854,25.434269446893854,0.0002484181108351357,2.7936838980935033,0.0003227483625048774,0.00016267776790881676,0.0013724230837176693,7.915455784709912e-05,188.240737610482,5.716247880429664,0.03017952124818757,0.09236224807369398,0.1459989447547685,7433,8bc1a9f84f4ec4c3d3321d024b7babd9cebb5b24a569dfc15a3a6126de16a265,three_row_sha256,f07fae9f2bb92a52ff6578cf44bbb7c246f6dcbacc1add43fe70d4d103934aa5,8b3956404398690bbe02d2f590fbbfce2ca696f3e3b691ed979e35e9b8276d71,8b10f26c63efc1e7b779523080bc9e1215bab2b21d36db41ba7894df17ba36f1,0.22210297174751759,0.22016698494553566,0.22211694158613682,0.5612948443740606,0.13094302266836166,0.5973959341645241,0.16510696150362492,2.1191276609897614,0.0,0.0,9.587242966517806,103.77712827175856,478.8286713883281,23000,23000,,2.793683898093503,,False,False,ok
BNCI2014_001,resampled_spectral_normalized_power_s1,resampled,spectral,normalized_power,3,6398,47,500,500,1.0,22,253,0.0004847827302196922,0.022017782136711503,7.59539601335846,0.7447484270703701,25.52515729296298,25.52515729296298,0.00024160153887408054,2.793683898093503,0.00030230979316128904,0.00015346819185952631,0.0012026506205977186,6.374118731058284e-05,188.24073761048206,5.716247880429664,0.03017952124818757,0.09236224807369398,0.1459989447547685,7479,90b0f404cda9ec5f77cd314cd303422b99a86c3ced5c00dd6c5ea04060808354,three_row_sha256,d3ab87486bb8e30bd8798d5730043dd18109ff49f7e05325c94e4682fccd175d,8b3956404398690bbe02d2f590fbbfce2ca696f3e3b691ed979e35e9b8276d71,8b10f26c63efc1e7b779523080bc9e1215bab2b21d36db41ba7894df17ba36f1,0.22325199097394943,0.22134697064757347,0.2213160041719675,0.5514631047844887,0.13239402323961258,0.7365420460700989,0.1637190580368042,2.2500331979244947,0.0,0.0,9.09817311912775,106.02716146968305,487.9268445074558,23500,23500,,2.793683898093503,,False,False,ok
BNCI2014_001,resampled_spectral_normalized_power_s1,resampled,spectral,normalized_power,3,6398,48,500,500,1.0,22,253,0.0004972610250199348,0.022299350327306282,7.584712229367457,0.7437008541316498,25.62991458683502,25.62991458683502,0.0002343287710725294,2.793683898093503,0.00031804552701371623,0.0001566812265960969,0.0010226451557614497,5.1048282887656906e-05,188.24073761048203,5.716247880429665,0.03017952124818757,0.09236224807369398,0.1459989447547685,7526,78d79a36787197f6382f83aff57e1710c3c8aa2935b54128bbc0b4a17d0845b7,three_row_sha256,0437d0596c9c60942ae73ad00d448a8c79713ca0885d326c7bd51423c802ede2,8b3956404398690bbe02d2f590fbbfce2ca696f3e3b691ed979e35e9b8276d71,8b10f26c63efc1e7b779523080bc9e1215bab2b21d36db41ba7894df17ba36f1,0.2207017969340086,0.22232020273804665,0.22486713714897633,0.5577721167355776,0.14306697994470596,0.7580819074064493,0.185021897777915,2.3118320386856794,0.0,0.0,11.051733046770096,108.33899350836873,498.9785775542259,24000,24000,,2.793683898093503,,False,False,ok
BNCI2014_001,resampled_spectral_normalized_power_s1,resampled,spectral,normalized_power,3,6398,49,500,500,1.0,22,253,0.00044921207041206577,0.02119462362043888,7.579472400561199,0.7431870752247021,25.681292477529798,25.681292477529798,0.00022522721337017606,2.793683898093503,0.0002958535333994542,0.00013188533997037354,0.0010414318163766833,5.79654600971769e-05,188.240737610482,5.716247880429664,0.03017952124818757,0.09236224807369398,0.1459989447547685,7574,d576304badfeec304c070a144f69ed0b098ee8264cb2254972ea85e265efde4d,three_row_sha256,5dea092765c75ec551f15db75ed1eeded734b13b3c1aea9d926fb500d2d9198f,8b3956404398690bbe02d2f590fbbfce2ca696f3e3b691ed979e35e9b8276d71,8b10f26c63efc1e7b779523080bc9e1215bab2b21d36db41ba7894df17ba36f1,0.2477569505572319,0.22531207650899887,0.2386961132287979,0.5812288727611303,0.1374769490212202,0.6250871811062098,0.17882115207612514,2.234379295259714,0.0,0.0,9.108916157856584,110.57337280362844,508.0874937120825,24500,24500,,2.793683898093503,,False,False,ok
BNCI2014_001,resampled_spectral_normalized_power_s1,resampled,spectral,normalized_power,3,6398,50,500,500,1.0,22,253,0.0005006631741025343,0.022375503884885684,7.586753961671566,0.7439010513194343,25.60989486805657,25.60989486805657,0.0002465186560250306,2.793683898093503,0.0003126367228637531,0.00015738747354239268,0.0013392173615910026,7.623901074202615e-05,188.240737610482,5.716247880429664,0.03017952124818757,0.09236224807369398,0.1459989447547685,7623,810b2df2c25c2b4eb401f93467a3d4e4c898bde827b075db1a3528687c69f224,three_row_sha256,b78e973677474c2fd21950b9df1ae19c33a5be9332b24aa2b288cdc966cf9d30,8b3956404398690bbe02d2f590fbbfce2ca696f3e3b691ed979e35e9b8276d71,8b10f26c63efc1e7b779523080bc9e1215bab2b21d36db41ba7894df17ba36f1,0.2193818800151348,0.2248769160360098,0.22170203737914562,0.552590936422348,0.13248901814222336,0.5847620777785778,0.17076311632990837,2.106565982103348,0.0,0.0,9.117277106270194,112.67993878573179,517.2047708183527,25000,25000,,2.793683898093503,,False,False,ok
BNCI2014_001,resampled_spectral_normalized_power_s1,resampled,spectral,normalized_power,3,6398,51,500,500,1.0,22,253,0.0004803743780710011,0.021917444606317615,7.577257077046352,0.7429698569650836,25.70301430349164,25.70301430349164,0.0002312405728269357,2.793683898093503,0.00031665505631168567,0.00014187378790300812,0.0009818351297151496,7.710016126217332e-05,188.24073761048203,5.716247880429665,0.03017952124818757,0.09236224807369398,0.1459989447547685,7673,caa9b0e3db8eaa697f19673d40619f7bb8c14f888909b20ce6081e50649e8357,three_row_sha256,79b9b70ed161e85ca22972cf9db403ce23423c4f3dfd02ca529324204af78803,8b3956404398690bbe02d2f590fbbfce2ca696f3e3b691ed979e35e9b8276d71,8b10f26c63efc1e7b779523080bc9e1215bab2b21d36db41ba7894df17ba36f1,0.2062979619950056,0.2190170343965292,0.2198750153183937,0.5320699419826269,0.1294710673391819,0.6312571931630373,0.15930109657347202,2.0972893107682467,0.0,0.0,9.28238988853991,114.77722809650004,526.4871607068926,25500,25500,,2.793683898093503,,False,False,ok
BNCI2014_001,resampled_spectral_normalized_power_s1,resampled,spectral,normalized_power,3,6398,52,500,500,1.0,22,253,0.0005038966695475476,0.022447642850587844,7.579386598194631,0.743178662078445,25.6821337921555,25.6821337921555,0.00023880858339681645,2.793683898093503,0.00031372900010239504,0.00016393275817838709,0.0010333937281839676,7.271724792547453e-05,188.24073761048203,5.716247880429664,0.03017952124818757,0.09236224807369398,0.1459989447547685,7724,c2c860f288694fe6906eac224bb939016441a0f34e1ef82f4ea9f4493cc48d09,three_row_sha256,433d30add042c48dc8894e71195c39fc81623a0f30b1b1691a71dab92fc5e2ce,8b3956404398690bbe02d2f590fbbfce2ca696f3e3b691ed979e35e9b8276d71,8b10f26c63efc1e7b779523080bc9e1215bab2b21d36db41ba7894df17ba36f1,0.21495181135833263,0.22169295698404312,0.22254185751080513,0.5488330498337746,0.13250205665826797,0.7887191604822874,0.1691558863967657,2.2983967792242765,0.0,0.0,9.914038935676217,117.07562487572432,536.4011996425688,26000,26000,,2.793683898093503,,False,False,ok
BNCI2014_001,resampled_spectral_normalized_power_s1,resampled,spectral,normalized_power,3,6398,53,500,500,1.0,22,253,0.00046054547394483084,0.021460323248842988,7.579683088254227,0.7432077337035634,25.679226629643658,25.679226629643658,0.00022251455190450218,2.793683898093503,0.00031234683130380956,0.00013149724537180404,0.0008530246185346411,7.580432350564081e-05,188.240737610482,5.716247880429664,0.03017952124818757,0.09236224807369398,0.1459989447547685,7776,02ba7a2550eb0c57945327328c1f03d052b16b6f20a1130da53b3fc10793852c,three_row_sha256,f940c3752ece667d6eb9db03de8e0ced58fa116068e3df79416fb4ccfbfc7ec9,8b3956404398690bbe02d2f590fbbfce2ca696f3e3b691ed979e35e9b8276d71,8b10f26c63efc1e7b779523080bc9e1215bab2b21d36db41ba7894df17ba36f1,0.2138880081474781,0.22075511515140533,0.22069481201469898,0.545143149793148,0.12926990166306496,0.6885069888085127,0.16412604600191116,2.1823840215802193,0.0,0.0,9.494871133938432,119.25800889730453,545.8960707765073,26500,26500,,2.793683898093503,,False,False,ok
BNCI2014_001,resampled_spectral_normalized_power_s1,resampled,spectral,normalized_power,3,6398,54,500,500,1.0,22,253,0.0004781961112590915,0.0218676956092564,7.554032837753829,0.7406926596138734,25.93073403861266,25.93073403861266,0.0002284909850810836,2.793683898093503,0.0003129203466183702,0.00014638043417021643,0.0009143707961665156,7.587516663349537e-05,188.24073761048206,5.716247880429664,0.03017952124818757,0.09236224807369398,0.1459989447547685,7829,13e8d340181b8990d121aa5183fd8f9319c2eb7bea2220f7db6150d5dec7c7ba,three_row_sha256,accd014412dc089d250a1775a29f0e996d16fb6fa3d18fa3db9144864361c516,8b3956404398690bbe02d2f590fbbfce2ca696f3e3b691ed979e35e9b8276d71,8b10f26c63efc1e7b779523080bc9e1215bab2b21d36db41ba7894df17ba36f1,0.2490631304681301,0.23847585543990135,0.23105391301214695,0.6520638708025217,0.15881797298789024,0.7247950416058302,0.19981502555310726,2.454084809869528,0.0,0.0,9.891198948025703,121.71209370717406,555.787269724533,27000,27000,,2.793683898093503,,False,False,ok
BNCI2014_001,resampled_spectral_normalized_power_s1,resampled,spectral,normalized_power,3,6398,55,500,500,1.0,22,253,0.00047924308845834624,0.021891621421410205,7.542464746271667,0.7395583780148108,26.04416219851892,26.04416219851892,0.0002355702372823847,2.793683898093503,0.00030398488991913153,0.00014871110051101248,0.0010368973469344705,6.0105924044911234e-05,188.24073761048203,5.716247880429664,0.03017952124818757,0.09236224807369398,0.1459989447547685,7883,d7db0eb42abd293f65e8906ffe19f7795e3c6313013692f18e6bc4c665ba0ddc,three_row_sha256,afd9d289a8b0ec4051001a1d0cbe84c3ae9694df43e806cb7a7a4c73db4c5e60,8b3956404398690bbe02d2f590fbbfce2ca696f3e3b691ed979e35e9b8276d71,8b10f26c63efc1e7b779523080bc9e1215bab2b21d36db41ba7894df17ba36f1,0.23346580564975739,0.2220110036432743,0.226152827963233,0.5804391112178564,0.13442314229905605,0.5847308784723282,0.17365789972245693,2.1548806689679623,0.0,0.0,8.671196876093745,123.86697437614202,564.4584666006267,27500,27500,,2.793683898093503,,False,False,ok
BNCI2014_001,resampled_spectral_normalized_power_s1,resampled,spectral,normalized_power,3,6398,56,500,500,1.0,22,253,0.0004640690359908851,0.02154226162664647,7.5598655039749705,0.7412645677785276,25.87354322214724,25.87354322214724,0.0002215312992832197,2.793683898093503,0.00030891237671917647,0.00014048990556245663,0.0007998700241333262,7.229873830918297e-05,188.24073761048203,5.716247880429664,0.03017952124818757,0.09236224807369398,0.1459989447547685,7938,4e72f5c6840668b4ee849c954ae2690c05baf11249c79314dbd842e25b448b61,three_row_sha256,82d4b0fff28fc0009e5f5b5303061248e329290c8700f6544dd9824c4645bd32,8b3956404398690bbe02d2f590fbbfce2ca696f3e3b691ed979e35e9b8276d71,8b10f26c63efc1e7b779523080bc9e1215bab2b21d36db41ba7894df17ba36f1,0.2275649458169937,0.21948711946606636,0.22234790958464146,0.5557420663535595,0.13054790906608105,0.579687999561429,0.16208202578127384,2.097459975630045,0.0,0.0,9.229721035808325,125.96443435177207,573.688187636435,28000,28000,,2.793683898093503,,False,False,ok
BNCI2014_001,resampled_spectral_normalized_power_s1,resampled,spectral,normalized_power,3,6398,57,500,500,1.0,22,253,0.0004997899892395912,0.02235598329842799,7.552019479184607,0.7404952445449396,25.950475545506038,25.950475545506038,0.00024229508297056419,2.793683898093503,0.00031867095211491546,0.00015181134583783945,0.00118498356307648,8.407315976351047e-05,188.24073761048203,5.716247880429664,0.03017952124818757,0.09236224807369398,0.1459989447547685,7994,5ca68d2f3b796a81c8252783a9571d56574dc59db3658bcf0a57c577cdf5bfd2,three_row_sha256,3e097b572227d09b92077d1f3672c4e462a76c7e2f4e38bea45b44f82a9d600f,8b3956404398690bbe02d2f590fbbfce2ca696f3e3b691ed979e35e9b8276d71,8b10f26c63efc1e7b779523080bc9e1215bab2b21d36db41ba7894df17ba36f1,0.2115860115736723,0.22135279141366482,0.21940888836979866,0.536847859621048,0.13881688937544823,0.7252788636833429,0.16933400183916092,2.222625305876136,0.0,0.0,8.813653141260147,128.1870596576482,582.5018407776952,28500,28500,,2.793683898093503,,False,False,ok
BNCI2014_001,resampled_spectral_normalized_power_s1,resampled,spectral,normalized_power,3,6398,58,500,500,1.0,22,253,0.00047068403471619413,0.021695253737077935,7.537980498156946,0.739118685769119,26.088131423088097,26.088131423088097,0.00023184926073379876,2.793683898093503,0.00030851183070002355,0.00013910646909877285,0.0010429929532724184,7.271317274384105e-05,188.24073761048203,5.716247880429664,0.03017952124818757,0.09236224807369398,0.1459989447547685,8051,566b7b853a9873f0b333ccd3ae4085bf6e5f9e32e12006f1ed4ed3873e9e9bf2,three_row_sha256,9eac35869ec92e6205897f506b76320faf5494a6205cedf42cfb0dff759c55bb,8b3956404398690bbe02d2f590fbbfce2ca696f3e3b691ed979e35e9b8276d71,8b10f26c63efc1e7b779523080bc9e1215bab2b21d36db41ba7894df17ba36f1,0.21771900355815887,0.2200279850512743,0.22134603932499886,0.5564170423895121,0.1333821564912796,0.6841560825705528,0.164784025400877,2.1978323347866535,0.0,0.0,8.85431794449687,130.38489199243486,591.356158722192,29000,29000,,2.793683898093503,,False,False,ok
BNCI2014_001,resampled_spectral_normalized_power_s1,resampled,spectral,normalized_power,3,6398,59,500,500,1.0,22,253,0.00048449011362841925,0.022011136127615478,7.526718717830733,0.7380144387793363,26.19855612206637,26.19855612206637,0.00023125958622389293,2.793683898093503,0.0003131457906629364,0.00015032759423292885,0.001057867356608946,7.532264720002577e-05,188.240737610482,5.716247880429665,0.03017952124818757,0.09236224807369398,0.1459989447547685,8109,67f72984e49f168bde1b8a91a675b73328d878473eaca08ec474b6739c965e26,three_row_sha256,06b0d1db84454cc4ec231e786613403ad066f64a09047e69366511f41dd4baed,8b3956404398690bbe02d2f590fbbfce2ca696f3e3b691ed979e35e9b8276d71,8b10f26c63efc1e7b779523080bc9e1215bab2b21d36db41ba7894df17ba36f1,0.22827903740108013,0.22132694721221924,0.22383290342986584,0.5566021427512169,0.1320319715887308,0.5613721441477537,0.16559381037950516,2.089038956910372,0.0,0.0,10.873822961002588,132.47393094934523,602.2299816831946,29500,29500,,2.793683898093503,,False,False,ok
BNCI2014_001,resampled_spectral_normalized_power_s1,resampled,spectral,normalized_power,3,6398,60,500,500,1.0,22,253,0.000500983869591202,0.02238266895594004,7.530367393044767,0.7383722009186326,26.16277990813673,26.16277990813673,0.0002382083443822627,2.793683898093503,0.00031669443735770004,0.00015885203311879201,0.0010944893501233194,6.2232922859692e-05,188.24073761048203,5.716247880429664,0.03017952124818757,0.09236224807369398,0.1459989447547685,8168,bae2f08657984aa11ca7ab8f4e3a5704e577d718db5387950885d27aafa54441,three_row_sha256,65b2118523f8b3e6ac461ca7cf45e9f73ebb457a54a43f2981ed4a755f671b60,8b3956404398690bbe02d2f590fbbfce2ca696f3e3b691ed979e35e9b8276d71,8b10f26c63efc1e7b779523080bc9e1215bab2b21d36db41ba7894df17ba36f1,0.23463601246476173,0.22615795023739338,0.23163901641964912,0.5676799919456244,0.13384688645601273,0.6217409390956163,0.3585820086300373,2.374282805249095,0.0,0.0,12.283817864954472,134.84821375459433,614.5137995481491,30000,30000,,2.793683898093503,,False,False,ok
BNCI2014_001,resampled_spectral_normalized_power_s1,resampled,spectral,normalized_power,3,6398,61,500,500,1.0,22,253,0.0004786549121000088,0.021878183473497265,7.501110449785758,0.7355034811791072,26.449651882089277,26.449651882089277,0.00023631368595682862,2.793683898093503,0.00030425954327006286,0.00014689596456861757,0.0010503447116733612,6.473817833000804e-05,188.240737610482,5.716247880429665,0.03017952124818757,0.09236224807369398,0.1459989447547685,8228,3e2a377c59d6b08a6c0b02d0302e1108b1ce85fe0405d339d1e4f98ff4b645a8,three_row_sha256,2e595bac8ff71bf9394d1676d640bd2b8f16468ad7f946b6ac617203d1a866aa,8b3956404398690bbe02d2f590fbbfce2ca696f3e3b691ed979e35e9b8276d71,8b10f26c63efc1e7b779523080bc9e1215bab2b21d36db41ba7894df17ba36f1,0.23455009795725346,0.22703595459461212,0.2298979088664055,0.6937540601938963,0.24740397930145264,0.7783309556543827,0.2884380519390106,2.6994110085070133,0.0,0.0,12.200815137475729,137.54762476310134,626.7146146856248,30500,30500,,2.793683898093503,,False,False,ok
BNCI2014_001,resampled_spectral_normalized_power_s1,resampled,spectral,normalized_power,3,6398,62,500,500,1.0,22,253,0.00046374468359972846,0.02153473202990296,7.4897603761339,0.7343905767980207,26.560942320197928,26.560942320197928,0.00022933654447635077,2.793683898093503,0.0003012392610252981,0.00013975995221796145,0.0009996068775805487,6.968847693726524e-05,188.24073761048203,5.716247880429664,0.03017952124818757,0.09236224807369398,0.1459989447547685,8289,f2f3f3b9a838c44836cc33a33cd909c374a5bfa9d02ca6115a07938e4291ecc8,three_row_sha256,951169ec2de3c23b80a459d3d3986ad924cd434ad66b2321cb56b294587736ed,8b3956404398690bbe02d2f590fbbfce2ca696f3e3b691ed979e35e9b8276d71,8b10f26c63efc1e7b779523080bc9e1215bab2b21d36db41ba7894df17ba36f1,0.2834969200193882,0.22518797777593136,0.23649493232369423,0.5877160001546144,0.13726390898227692,0.5854959599673748,0.1743531320244074,2.2300088312476873,0.0,0.0,11.994469910860062,139.77763359434903,638.7090845964849,31000,31000,,2.793683898093503,,False,False,ok
BNCI2014_001,resampled_spectral_normalized_power_s1,resampled,spectral,normalized_power,3,6398,63,500,500,1.0,22,253,0.00047224908916442183,0.02173129285533702,7.492608593357373,0.7346698519396203,26.533014806037972,26.533014806037972,0.00023699800368653205,2.793683898093503,0.0003026403148775371,0.00014170646176002812,0.001236584205043362,8.024001245865878e-05,188.240737610482,5.716247880429664,0.03017952124818757,0.09236224807369398,0.1459989447547685,8351,e432f14564818fe85a9618695a54503949b56bc46c6b54658cb63ec2508fca1d,three_row_sha256,1b5280e1b3f459306a947a7b42b3265e98f0c48cc18b908cbd435889e51c56b3,8b3956404398690bbe02d2f590fbbfce2ca696f3e3b691ed979e35e9b8276d71,8b10f26c63efc1e7b779523080bc9e1215bab2b21d36db41ba7894df17ba36f1,0.22218003869056702,0.2230789978057146,0.22230297327041626,0.596711877733469,0.13416283763945103,0.5711130797863007,0.16723480075597763,2.136784605681896,0.0,0.0,11.442731134593487,141.91441820003092,650.1518157310784,31500,31500,,2.793683898093503,,False,False,ok
BNCI2014_001,resampled_spectral_normalized_power_s1,resampled,spectral,normalized_power,3,6398,64,500,500,1.0,22,253,0.0004478383822481772,0.021162192283602783,7.507868128963982,0.7361660892814073,26.38339107185928,26.38339107185928,0.0002231031801605134,2.793683898093503,0.00029214124926011796,0.00013528918486478705,0.0008975739827635779,7.998885116559771e-05,188.24073761048203,5.716247880429664,0.03017952124818757,0.09236224807369398,0.1459989447547685,8414,b96f75131450f140f032f535eb23e65b4148f8ddda44a4bbc83b07d1d5c4a954,three_row_sha256,e1df6fd3877981446c65a095363e451ce6cc94131aec05ae42bcc19d93aca8c5,8b3956404398690bbe02d2f590fbbfce2ca696f3e3b691ed979e35e9b8276d71,8b10f26c63efc1e7b779523080bc9e1215bab2b21d36db41ba7894df17ba36f1,0.3931920509785414,0.2513080835342407,0.2687252126634121,0.9584848303347826,0.16468181274831295,0.6415809039026499,0.19612093456089497,2.8740938287228346,0.0,0.0,11.200038949027658,144.78851202875376,661.351854680106,32000,32000,,2.793683898093503,,False,False,ok
BNCI2014_001,resampled_spectral_normalized_power_s1,resampled,spectral,normalized_power,3,6398,65,500,500,1.0,22,253,0.00044864194913241893,0.021181169682820137,7.4967594652738,0.735076855777905,26.492314422209493,26.492314422209493,0.00022160046048829815,2.793683898093503,0.0002992000893316602,0.00013246378299145017,0.0009281420062011793,7.005353840952244e-05,188.24073761048203,5.716247880429664,0.03017952124818757,0.09236224807369398,0.1459989447547685,8478,928ac97b4dfd5d5a4c5b60a625aeaa74d3ade5e2037104ec737fd60f65fcbf1f,three_row_sha256,1b60b4f9aef7f7e7de243145448e4f477bbdae8e615b84fa1d6510f6ac2d1a1c,8b3956404398690bbe02d2f590fbbfce2ca696f3e3b691ed979e35e9b8276d71,8b10f26c63efc1e7b779523080bc9e1215bab2b21d36db41ba7894df17ba36f1,0.3788350149989128,0.23009907454252243,0.26140594854950905,0.592151889577508,0.1581478863954544,1.1764070950448513,0.17847097478806973,2.9755178838968277,0.0,0.0,9.179666172713041,147.76402991265059,670.5315208528191,32500,32500,,2.793683898093503,,False,False,ok
BNCI2014_001,resampled_spectral_normalized_power_s1,resampled,spectral,normalized_power,3,6398,66,500,500,1.0,22,253,0.00047914816596851447,0.021889453304468672,7.490146216159669,0.7344284094208078,26.557159057919222,26.557159057919222,0.00022886289232057632,2.793683898093503,0.0003126548815950961,0.0001470852758736194,0.000880958498279957,6.05745198461766e-05,188.24073761048203,5.716247880429664,0.03017952124818757,0.09236224807369398,0.1459989447547685,8543,83fa97f832a56f6c850511095ad436a4fb5b30390c23696fb2426680929f43b9,three_row_sha256,5a0d98752b59c18e44a20e75d01202468d0c06223b757f391d0f90dc8b69a85e,8b3956404398690bbe02d2f590fbbfce2ca696f3e3b691ed979e35e9b8276d71,8b10f26c63efc1e7b779523080bc9e1215bab2b21d36db41ba7894df17ba36f1,0.23328582756221294,0.22354698739945889,0.22396398708224297,0.5681358743458986,0.13548508286476135,0.7455269806087017,0.16328203491866589,2.2932267747819424,0.0,0.0,9.683415992185473,150.05725668743253,680.2149368450046,33000,33000,,2.793683898093503,,False,False,ok
BNCI2014_001,resampled_spectral_normalized_power_s1,resampled,spectral,normalized_power,3,6398,67,500,500,1.0,22,253,0.00047145769145503125,0.021713076508294057,7.497707572494951,0.7351698201684917,26.483017983150823,26.483017983150823,0.00022990096463220208,2.793683898093503,0.00030221257276586447,0.0001455730599072079,0.0009338320675953613,8.356304526368528e-05,188.240737610482,5.716247880429664,0.03017952124818757,0.09236224807369398,0.1459989447547685,8609,4d4cda9b5b1379a37ef06aa2e088cf5c0577d3fb9d8f46bf83899064c7ae4bff,three_row_sha256,a03383b7ec5a51f25a826ba2ba7e54556e7a5e3b12249d59f57b795b35c88e33,8b3956404398690bbe02d2f590fbbfce2ca696f3e3b691ed979e35e9b8276d71,8b10f26c63efc1e7b779523080bc9e1215bab2b21d36db41ba7894df17ba36f1,0.21755998022854328,0.22176210768520832,0.22122799418866634,0.5929979961365461,0.13451185077428818,0.5726939998567104,0.16645505093038082,2.1272089798003435,0.0,0.0,9.478915017098188,152.18446566723287,689.6938518621027,33500,33500,,2.793683898093503,,False,False,ok
BNCI2014_001,resampled_spectral_normalized_power_s1,resampled,spectral,normalized_power,3,6398,68,500,500,1.0,22,253,0.0004641459611965619,0.02154404700135427,7.490780874929618,0.7344906393716641,26.550936062833586,26.550936062833586,0.00022227421206311615,2.7936838980935033,0.0003102775924357385,0.00013816937381921216,0.000836826251596626,6.449598867878413e-05,188.24073761048206,5.716247880429665,0.03017952124818757,0.09236224807369398,0.1459989447547685,8676,d19ecd572c05e795d83ed2afe5b509f8c23d920de39fbc0007d6452a74b91b09,three_row_sha256,f90f964609e69a6e36d2487548cde8744b88fd3ebf383b58aadd183b27252e2d,8b3956404398690bbe02d2f590fbbfce2ca696f3e3b691ed979e35e9b8276d71,8b10f26c63efc1e7b779523080bc9e1215bab2b21d36db41ba7894df17ba36f1,0.23680785670876503,0.22283196449279785,0.2266019582748413,0.5625700578093529,0.13435608707368374,0.5856079515069723,0.17015403136610985,2.138929907232523,0.0,0.0,8.992084069177508,154.3233955744654,698.6859359312803,34000,34000,,2.793683898093503,,False,False,ok
BNCI2014_001,resampled_spectral_normalized_power_s1,resampled,spectral,normalized_power,3,6398,69,500,500,1.0,22,253,0.0004816088802320329,0.02194558908373236,7.465907308235466,0.7320517211587731,26.79482788412268,26.79482788412268,0.00023782105126061336,2.793683898093503,0.0003037017653184955,0.00015035137159170715,0.0011228356257038845,7.101556945939575e-05,188.24073761048203,5.716247880429664,0.03017952124818757,0.09236224807369398,0.1459989447547685,8744,edfb9142fd11eb1a847b485cd0e703b481c9dd322d51bf210d85b39eecc1d619,three_row_sha256,06d0bf840d54a72a39b83440ed151529fb54aa6e93cebbeec16d54f02894e78e,8b3956404398690bbe02d2f590fbbfce2ca696f3e3b691ed979e35e9b8276d71,8b10f26c63efc1e7b779523080bc9e1215bab2b21d36db41ba7894df17ba36f1,0.29580690898001194,0.23089698515832424,0.23555918596684933,0.7236809469759464,0.1435740850865841,1.3081710785627365,0.31819590367376804,3.2558850944042206,0.0,0.0,11.857374105602503,157.57928066886961,710.5433100368828,34500,34500,,2.793683898093503,,False,False,ok
BNCI2014_001,resampled_spectral_normalized_power_s1,resampled,spectral,normalized_power,3,6398,70,500,500,1.0,22,253,0.0004595792706300864,0.0214378000417507,7.477749765127146,0.7332129050031989,26.678709499680114,26.678709499680114,0.00022933559457128817,2.793683898093503,0.0002958195467126079,0.00013995462536395433,0.0010703036761364982,5.050510697391736e-05,188.24073761048203,5.716247880429664,0.03017952124818757,0.09236224807369398,0.1459989447547685,8813,26326cf6359377e74ba7f6831f3f869a19d6a20063ffda9e6c79d0a7230162c0,three_row_sha256,8ef8413ecd9aa6dc9dea63af43b2144676ce09dab9e5cd1bd1e6ba5563d48fac,8b3956404398690bbe02d2f590fbbfce2ca696f3e3b691ed979e35e9b8276d71,8b10f26c63efc1e7b779523080bc9e1215bab2b21d36db41ba7894df17ba36f1,0.23733312264084816,0.22343709133565426,0.225909985601902,0.5816579796373844,0.13626902364194393,0.7187870796769857,0.17511798068881035,2.298512263223529,0.0,0.0,13.071401976048946,159.87779293209314,723.6147120129317,35000,35000,,2.793683898093503,,False,False,ok
BNCI2014_001,resampled_spectral_normalized_power_s1,resampled,spectral,normalized_power,3,6398,71,500,500,1.0,22,253,0.0004532253862928685,0.021289090781263263,7.461382833967517,0.7316080846336401,26.839191536635983,26.839191536635983,0.0002176674442116655,2.793683898093503,0.00030477213516239346,0.00013391350942990136,0.0007837227398376472,7.065757153041253e-05,188.24073761048206,5.716247880429664,0.03017952124818757,0.09236224807369398,0.1459989447547685,8883,cd8724125a06976b686a28dda53857ab5fe3751737df01b0c4cc0b904a2ff8a2,three_row_sha256,135bf1bb292854f3473613172be434e5fb768e8c73a11850f69c9cc7f91e676e,8b3956404398690bbe02d2f590fbbfce2ca696f3e3b691ed979e35e9b8276d71,8b10f26c63efc1e7b779523080bc9e1215bab2b21d36db41ba7894df17ba36f1,0.22718403488397598,0.22399891167879105,0.2231048420071602,0.604068161919713,0.13622618280351162,0.8147479966282845,0.1733950339257717,2.402725163847208,0.0,0.0,13.303851941600442,162.28051809594035,736.9185639545321,35500,35500,,2.793683898093503,,False,False,ok
BNCI2014_001,resampled_spectral_normalized_power_s1,resampled,spectral,normalized_power,3,6398,72,500,500,1.0,22,253,0.00044926638977138425,0.021195905023645115,7.424968340150485,0.7280375483580989,27.19624516419011,27.19624516419011,0.000226056091958446,2.793683898093503,0.0002949481951295122,0.00013343948144910536,0.0008891194225289644,4.945968939497943e-05,188.24073761048203,5.716247880429664,0.03017952124818757,0.09236224807369398,0.1459989447547685,8954,fa96d9efeda3eeec0c09b401e04c138b205ff7eff565f2a7937b32d03670ec7f,three_row_sha256,1fd40fda07c0d34d3cd20105bde4611a9b844842328e6b9722d81c35bb197c19,8b3956404398690bbe02d2f590fbbfce2ca696f3e3b691ed979e35e9b8276d71,8b10f26c63efc1e7b779523080bc9e1215bab2b21d36db41ba7894df17ba36f1,0.23268815129995346,0.22437120787799358,0.23030908778309822,0.5724828224629164,0.1354031264781952,0.8294822182506323,0.1705731265246868,2.395309740677476,0.0,0.0,12.501621851697564,164.67582783661783,749.4201858062297,36000,36000,,2.793683898093503,,False,False,ok
BNCI2014_001,resampled_spectral_normalized_power_s1,resampled,spectral,normalized_power,3,6398,73,500,500,1.0,22,253,0.00045393061000933846,0.021305647373626984,7.4384840002974775,0.7293627941540504,27.06372058459496,27.06372058459496,0.00022809105824566752,2.793683898093503,0.0002904198852483735,0.00014079014875012865,0.0009628913614821399,6.543191846405843e-05,188.240737610482,5.716247880429664,0.03017952124818757,0.09236224807369398,0.1459989447547685,9026,0cee2d06a4e27f756666e0dbc4f673d83b78d9f67897bbbc9d4fcfa693688450,three_row_sha256,b09fa01bf542b0f810bd3fe7d91f7bad7963f8efa9c942f1e4d9bf6b1d0b6d51,8b3956404398690bbe02d2f590fbbfce2ca696f3e3b691ed979e35e9b8276d71,8b10f26c63efc1e7b779523080bc9e1215bab2b21d36db41ba7894df17ba36f1,0.253134872764349,0.22525107488036156,0.239853048697114,0.5996020045131445,0.1364180352538824,0.7506660185754299,0.18130498938262463,2.386230044066906,0.0,0.0,13.859809143468738,167.06205788068473,763.2799949496984,36500,36500,,2.793683898093503,,False,False,ok
BNCI2014_001,resampled_spectral_normalized_power_s1,resampled,spectral,normalized_power,3,6398,74,500,500,1.0,22,253,0.00045758980903589286,0.021391348929786846,7.425044391136635,0.728045005356024,27.1954994643976,27.1954994643976,0.0002314751089589857,2.793683898093503,0.00029744838158087184,0.00013521480747281958,0.0011665883551759853,7.939500958820373e-05,188.24073761048203,5.716247880429664,0.03017952124818757,0.09236224807369398,0.1459989447547685,9099,e291559cc2ea9d7fa90ad0061a5417486e24e72dfcb7b33b31487b4fb01ceb90,three_row_sha256,feffd10b6c9fd27cbb51f446610041fd1c64c9e38f3438aee69d7201314e81c8,8b3956404398690bbe02d2f590fbbfce2ca696f3e3b691ed979e35e9b8276d71,8b10f26c63efc1e7b779523080bc9e1215bab2b21d36db41ba7894df17ba36f1,0.2799341455101967,0.2315330784767866,0.24578487500548363,0.7808769587427378,0.15240581706166267,0.7779859006404877,0.1867450773715973,2.6552658528089523,0.0,0.0,11.694559128955007,169.71732373349369,774.9745540786535,37000,37000,,2.793683898093503,,False,False,ok
BNCI2014_001,resampled_spectral_normalized_power_s1,resampled,spectral,normalized_power,3,6398,75,500,500,1.0,22,253,0.0004693063583354932,0.021663479829784806,7.420626874346648,0.7276118562911018,27.238814370889816,27.238814370889816,0.00023432559104976785,2.793683898093503,0.0002973096884115762,0.00014525641808616312,0.0010264804356580194,5.445671567768895e-05,188.240737610482,5.716247880429664,0.03017952124818757,0.09236224807369398,0.1459989447547685,9173,a6c8cf325b1f75e8618dbeb1e3ec6bf15264cde4aca6f0c8d32d3d23d44f87e5,three_row_sha256,ffd4bdf0c5fc04663142359f480e4b927622be3c0a81e8fba07e4176509130f3,8b3956404398690bbe02d2f590fbbfce2ca696f3e3b691ed979e35e9b8276d71,8b10f26c63efc1e7b779523080bc9e1215bab2b21d36db41ba7894df17ba36f1,0.3818608820438385,0.25015720166265965,0.25188690051436424,0.9762828703969717,0.15778117813169956,0.7692899089306593,0.19821897149085999,2.985477913171053,0.0,0.0,10.366720845922828,172.70280164666474,785.3412749245763,37500,37500,,2.793683898093503,,False,False,ok
BNCI2014_001,resampled_spectral_normalized_power_s1,resampled,spectral,normalized_power,3,6398,76,500,500,1.0,22,253,0.0004827389555985776,0.021971321207396192,7.41236524285399,0.7268017817343083,27.319821826569164,27.319821826569164,0.00023200883074142828,2.793683898093503,0.0003085552769327974,0.0001515079083606027,0.0009547469847512144,6.635870590400463e-05,188.24073761048203,5.716247880429665,0.03017952124818757,0.09236224807369398,0.1459989447547685,9248,98ee5f7c1646a78233eb60e7c6f26cb4dcbc7a7f2965db2e8651e951dee326f1,three_row_sha256,6039482ee9d5881b19e83e9bb38f0540029fd419229dc0dd8758eec9502458bb,8b3956404398690bbe02d2f590fbbfce2ca696f3e3b691ed979e35e9b8276d71,8b10f26c63efc1e7b779523080bc9e1215bab2b21d36db41ba7894df17ba36f1,0.35851309075951576,0.2447301521897316,0.24158996529877186,0.9434320963919163,0.24439208209514618,0.8172271773219109,0.2799360081553459,3.1298205722123384,0.0,0.0,10.727851884439588,175.83262221887708,796.0691268090159,38000,38000,,2.793683898093503,,False,False,ok
BNCI2014_001,resampled_spectral_normalized_power_s1,resampled,spectral,normalized_power,3,6398,77,500,500,1.0,22,253,0.0004602629251536322,0.021453739188160934,7.39809577637117,0.7254026232573147,27.45973767426852,27.45973767426852,0.00023841784820992343,2.793683898093503,0.00029336202960748235,0.00013916343983508432,0.0014081050349567636,7.777087198382654e-05,188.24073761048203,5.716247880429664,0.03017952124818757,0.09236224807369398,0.1459989447547685,9324,ee345bfd6ef78bc07ed45f9bb9e0d2e9cbdb2aa620538e78f3e40575ba266c2d,three_row_sha256,a7590149f6f9dcd82897200227e63d3c3c7c0e60f08f501bb53119476ab16667,8b3956404398690bbe02d2f590fbbfce2ca696f3e3b691ed979e35e9b8276d71,8b10f26c63efc1e7b779523080bc9e1215bab2b21d36db41ba7894df17ba36f1,0.23708492517471313,0.22529182024300098,0.22924295626580715,0.5694329738616943,0.13540382497012615,0.6685010157525539,0.17462903633713722,2.239586552605033,0.0,0.0,12.659598840400577,178.0722087714821,808.7287256494164,38500,38500,,2.793683898093503,,False,False,ok
BNCI2014_001,resampled_spectral_normalized_power_s1,resampled,spectral,normalized_power,3,6398,78,500,500,1.0,22,253,0.00046718160980398687,0.021614384326276492,7.404718812152922,0.7260520292227465,27.39479707772536,27.39479707772536,0.00023183364029856672,2.793683898093503,0.0003062237123790408,0.00013923709627571928,0.0011528773670820137,4.538358131483569e-05,188.240737610482,5.716247880429664,0.03017952124818757,0.09236224807369398,0.1459989447547685,9401,91120ffacbca2318e9440bbfce9044fe39ccb3146ce1aa4637dc39d87ff884bd,three_row_sha256,2991aaebf15a92667078182731038060198854d0c96683b23519bcd2e68a6bfb,8b3956404398690bbe02d2f590fbbfce2ca696f3e3b691ed979e35e9b8276d71,8b10f26c63efc1e7b779523080bc9e1215bab2b21d36db41ba7894df17ba36f1,0.25451392866671085,0.22788392379879951,0.24036387912929058,0.6019680295139551,0.1394499558955431,0.7031869608908892,0.186149962246418,2.3535166401416063,0.0,0.0,12.952782912179828,180.42572541162372,821.6815085615963,39000,39000,,2.793683898093503,,False,False,ok
BNCI2014_001,resampled_spectral_normalized_power_s1,resampled,spectral,normalized_power,3,6398,79,500,500,1.0,22,253,0.0004466143431007245,0.021133252071101706,7.399129586706976,0.725503991062249,27.44960089377509,27.44960089377509,0.00022226552419888097,2.793683898093503,0.00029566382389258295,0.00013154088584949158,0.0009544326501581255,4.29297395534e-05,188.24073761048203,5.716247880429664,0.03017952124818757,0.09236224807369398,0.1459989447547685,9479,c4796df146e5564342c48b98e091db0b669ed921eda9182154871daa20dd0994,three_row_sha256,1208209aef19ed62a9b93028f0e15357193099f1bc795314896da3f18a75489d,8b3956404398690bbe02d2f590fbbfce2ca696f3e3b691ed979e35e9b8276d71,8b10f26c63efc1e7b779523080bc9e1215bab2b21d36db41ba7894df17ba36f1,0.22750208154320717,0.22468902170658112,0.22369902580976486,0.5662168841809034,0.13716518878936768,1.189633971080184,0.17687911167740822,2.7457852847874165,0.0,0.0,11.208979180082679,183.17151069641113,832.890487741679,39500,39500,,2.793683898093503,,False,False,ok
BNCI2014_001,resampled_spectral_normalized_power_s1,resampled,spectral,normalized_power,3,6398,80,500,500,1.0,22,253,0.000446329103469988,0.021126502395569124,7.394736797613798,0.7250732666126164,27.492673338738356,27.492673338738356,0.00021769389408464083,2.793683898093503,0.00029752039878087313,0.00013406875419744304,0.0007762132705914391,6.881176572323367e-05,188.24073761048203,5.716247880429664,0.03017952124818757,0.09236224807369398,0.1459989447547685,9558,79fae59c9be0af789bcc9d9cfdef1da29035c845d1bf65b447d1fe9db20de404,three_row_sha256,5dd3c4ea8c8b35c839b9f780b9f74fe3f3c3e640debca013bdb1aad0fcf44ab1,8b3956404398690bbe02d2f590fbbfce2ca696f3e3b691ed979e35e9b8276d71,8b10f26c63efc1e7b779523080bc9e1215bab2b21d36db41ba7894df17ba36f1,0.3621331416070461,0.2546610776335001,0.24534296244382858,0.9602261707186699,0.2447629813104868,0.9004538878798485,0.2812610473483801,3.24884126894176,0.0,0.0,9.4213942065835,186.4203519653529,842.3118819482625,40000,40000,,2.793683898093503,,False,False,ok
BNCI2014_001,resampled_spectral_normalized_power_s1,resampled,spectral,normalized_power,3,6398,81,500,500,1.0,22,253,0.00046963583017707334,0.02167108281044289,7.392737018422622,0.7248771830371851,27.512281696281494,27.512281696281494,0.00023540719314375523,2.793683898093503,0.0002950874701600089,0.00014722357449610895,0.0010328712377970337,5.804288027759436e-05,188.24073761048203,5.716247880429664,0.03017952124818757,0.09236224807369398,0.1459989447547685,9638,24a94a99619e22203cd91df3a7bba39e99e6c0257f7891797dbd5c8c3a5b3d37,three_row_sha256,bd1ee6ebc6c267cf3b6db28e2e6d12302d6936b71438b65e45b15911b908950a,8b3956404398690bbe02d2f590fbbfce2ca696f3e3b691ed979e35e9b8276d71,8b10f26c63efc1e7b779523080bc9e1215bab2b21d36db41ba7894df17ba36f1,0.37756189703941345,0.24957489222288132,0.25504501536488533,0.9961498435586691,0.2459450624883175,0.9367689490318298,0.30458089895546436,3.365626558661461,0.0,0.0,11.365945916622877,189.78597852401435,853.6778278648853,40500,40500,,2.793683898093503,,False,False,ok
BNCI2014_001,resampled_spectral_normalized_power_s1,resampled,spectral,normalized_power,3,6398,82,500,500,1.0,22,253,0.000479788309191351,0.021904070607796877,7.377295651438063,0.7233631166536362,27.663688334636376,27.663688334636376,0.00024058081516186632,2.793683898093503,0.0003028570268554328,0.000148000176421501,0.0012617637399038521,6.992703609605244e-05,188.24073761048203,5.716247880429664,0.03017952124818757,0.09236224807369398,0.1459989447547685,9719,44b92dc978631e911369659d4f59edbbc6eed3a57a9f260825a40f846b3f8d8f,three_row_sha256,5c5f55bb8054dd36f42605e126f5a3d853f0f6405010d8d97c1c1039712ef0fa,8b3956404398690bbe02d2f590fbbfce2ca696f3e3b691ed979e35e9b8276d71,8b10f26c63efc1e7b779523080bc9e1215bab2b21d36db41ba7894df17ba36f1,0.24511688388884068,0.22657704539597034,0.2406868152320385,0.5797478370368481,0.13660290278494358,0.6010939832776785,0.17512799240648746,2.204953460022807,0.0,0.0,10.829959996044636,191.99093198403716,864.50778786093,41000,41000,,2.793683898093503,,False,False,ok
BNCI2014_001,resampled_spectral_normalized_power_s1,resampled,spectral,normalized_power,3,6398,83,500,500,1.0,22,253,0.0004581522106137894,0.021404490431070518,7.353000402103969,0.720980903969133,27.90190960308671,27.90190960308671,0.000225515594047767,2.793683898093503,0.00029908051960759075,0.0001388246631272557,0.0009079561263624992,7.857907244543276e-05,188.24073761048206,5.716247880429664,0.03017952124818757,0.09236224807369398,0.1459989447547685,9801,e9acefa5d05a2c3514f4f0f82dbebd965500f817a55c29e89d3057b16402b990,three_row_sha256,15f5ee3b11eb73440e4983ca5920a6a69cd451f1b1fcd71535fd3a38a66e0aa7,8b3956404398690bbe02d2f590fbbfce2ca696f3e3b691ed979e35e9b8276d71,8b10f26c63efc1e7b779523080bc9e1215bab2b21d36db41ba7894df17ba36f1,0.25423592887818813,0.22764084860682487,0.23915385827422142,0.5864100530743599,0.13836799189448357,0.621231971308589,0.18847291357815266,2.2555135656148195,0.0,0.0,9.72351199015975,194.24644554965198,874.2312998510897,41500,41500,,2.793683898093503,,False,False,ok
BNCI2014_001,resampled_spectral_normalized_power_s1,resampled,spectral,normalized_power,3,6398,84,500,500,1.0,22,253,0.00046282408326620396,0.02151334663101499,7.338566481580194,0.7195656203436794,28.04343796563206,28.04343796563206,0.00023163986247199883,2.793683898093503,0.0002951419428870924,0.00014399658830283748,0.0011262404367118777,5.417337391222997e-05,188.24073761048203,5.716247880429664,0.03017952124818757,0.09236224807369398,0.1459989447547685,9884,47eb2b24298cc27b655a2ae2fe3d2d15a3aed2db49efb3835e23107f67af4f20,three_row_sha256,b14a60e791d2c850d4d495c9448728cf4a38f52d2b8055c7cc977fb862d41491,8b3956404398690bbe02d2f590fbbfce2ca696f3e3b691ed979e35e9b8276d71,8b10f26c63efc1e7b779523080bc9e1215bab2b21d36db41ba7894df17ba36f1,0.23528700694441795,0.2281349152326584,0.23428513668477535,0.5746281240135431,0.14281505718827248,1.1735300067812204,0.1767419744282961,2.765422221273184,0.0,0.0,9.120709029957652,197.01186777092516,883.3520088810474,42000,42000,,2.793683898093503,,False,False,ok
BNCI2014_001,resampled_spectral_normalized_power_s1,resampled,spectral,normalized_power,3,6398,85,500,500,1.0,22,253,0.0004431734329878904,0.021051684801646882,7.34511582885836,0.7202078009587748,27.979219904122516,27.979219904122516,0.00021978541003572083,2.793683898093503,0.0002929811453821815,0.0001319626146220312,0.0008572443909025439,7.164149970548622e-05,188.24073761048203,5.716247880429665,0.03017952124818757,0.09236224807369398,0.1459989447547685,9968,912659b005c3ac634cc343dfa8e6f7a91d1c0801bd0521c7fb5b47ef21b72adf,three_row_sha256,8f684130c53977ad5e7ef497fd5bae7bdcc9722d61e0b05473ca3520e3625dba,8b3956404398690bbe02d2f590fbbfce2ca696f3e3b691ed979e35e9b8276d71,8b10f26c63efc1e7b779523080bc9e1215bab2b21d36db41ba7894df17ba36f1,0.21766009740531445,0.22196187637746334,0.2234459389001131,0.549771124497056,0.14095311053097248,0.6462021265178919,0.16210810281336308,2.1621023770421743,0.0,0.0,9.22207604162395,199.17397014796734,892.5740849226713,42500,42500,,2.793683898093503,,False,False,ok
BNCI2014_001,resampled_spectral_normalized_power_s1,resampled,spectral,normalized_power,3,6398,86,500,500,1.0,22,253,0.00045197216929553443,0.02125963709228204,7.349548586868899,0.7206424444651999,27.935755553480018,27.935755553480018,0.00022460663669752012,2.793683898093503,0.0002930386598110909,0.00013726139175655733,0.0009378773144959457,6.485215020734954e-05,188.240737610482,5.716247880429664,0.03017952124818757,0.09236224807369398,0.1459989447547685,10053,9b27cb6c5476bcaae1fac6cac1a082c06bed199589044de6827ec0383b9a4556,three_row_sha256,916aac985850864072ce01a4219fab437f3473e38164ea511898bd2a3d0db617,8b3956404398690bbe02d2f590fbbfce2ca696f3e3b691ed979e35e9b8276d71,8b10f26c63efc1e7b779523080bc9e1215bab2b21d36db41ba7894df17ba36f1,0.2098830882459879,0.21989387460052967,0.22023986093699932,0.5416590720415115,0.13000494800508022,0.8638491854071617,0.16096699982881546,2.346497029066086,0.0,0.0,9.07019479200244,201.52046717703342,901.6442797146738,43000,43000,,2.793683898093503,,False,False,ok
BNCI2014_001,resampled_spectral_normalized_power_s1,resampled,spectral,normalized_power,3,6398,87,500,500,1.0,22,253,0.00044058491841399426,0.020990114778485475,7.353065977963965,0.7209873338535655,27.901266614643458,27.901266614643458,0.00021764405078170563,2.793683898093503,0.00028859056898175323,0.00013490442791895614,0.0008005212968387881,7.175576290452832e-05,188.240737610482,5.716247880429664,0.03017952124818757,0.09236224807369398,0.1459989447547685,10139,658542920966614403bcfb17df8289d255d8656c6d7d8b89ed406be312788d69,three_row_sha256,f9bd9f275996e0f1a200988b8639a612e823a33eb8866b99add0a95e9b526a85,8b3956404398690bbe02d2f590fbbfce2ca696f3e3b691ed979e35e9b8276d71,8b10f26c63efc1e7b779523080bc9e1215bab2b21d36db41ba7894df17ba36f1,0.2228140365332365,0.2227090299129486,0.22606505081057549,0.5580319557338953,0.13211299665272236,0.5586249753832817,0.1819320023059845,2.1022900473326445,0.0,0.0,8.743528975173831,203.62275722436607,910.3878086898476,43500,43500,,2.793683898093503,,False,False,ok
BNCI2014_001,resampled_spectral_normalized_power_s1,resampled,spectral,normalized_power,3,6398,88,500,500,1.0,22,253,0.0004562830719991173,0.02136078350620869,7.323766520991204,0.7181144455333117,28.188555446668836,28.188555446668836,0.0002322380331206777,2.793683898093503,0.0002935390785013188,0.0001375396278647004,0.0011707118276386278,7.245399480646216e-05,188.240737610482,5.716247880429664,0.03017952124818757,0.09236224807369398,0.1459989447547685,10226,c7c33308b4d86376191ccf4080b8350747704fff5dbb90a6493520b72b684b8e,three_row_sha256,f1cd06984e11bec9566a17c104eab4a33af55e959099d6250740fc9368671598,8b3956404398690bbe02d2f590fbbfce2ca696f3e3b691ed979e35e9b8276d71,8b10f26c63efc1e7b779523080bc9e1215bab2b21d36db41ba7894df17ba36f1,0.22042007185518742,0.222434988245368,0.22978195920586586,0.5682311020791531,0.1337849535048008,0.9546750225126743,0.17138896510004997,2.5007170625030994,0.0,0.0,11.153082130476832,206.12347428686917,921.5408908203244,44000,44000,,2.793683898093503,,False,False,ok
BNCI2014_001,resampled_spectral_normalized_power_s1,resampled,spectral,normalized_power,3,6398,89,500,500,1.0,22,253,0.0004545543515731079,0.02132028028833364,7.330464352489104,0.7187711854141645,28.122881458583546,28.122881458583546,0.00022553046045749024,2.793683898093503,0.0002945100723850533,0.00013796654382476384,0.0008981970383933565,7.066020246156266e-05,188.24073761048203,5.716247880429664,0.03017952124818757,0.09236224807369398,0.1459989447547685,10314,77feda1f475cbdcb9ddb87340d0f60bb51f5334c0d473f7f8fb9803de9ad29b5,three_row_sha256,52a46075887a17b8fe5e24c0df30b4d8ec37e1f1f1ad7fdeafbc2fb201a564f1,8b3956404398690bbe02d2f590fbbfce2ca696f3e3b691ed979e35e9b8276d71,8b10f26c63efc1e7b779523080bc9e1215bab2b21d36db41ba7894df17ba36f1,0.24553900584578514,0.22417702712118626,0.24311989545822144,0.5881518591195345,0.13599894009530544,0.6057280115783215,0.17611496150493622,2.2188297007232904,0.0,0.0,9.086306905373931,208.34230398759246,930.6271977256984,44500,44500,,2.793683898093503,,False,False,ok
BNCI2014_001,resampled_spectral_normalized_power_s1,resampled,spectral,normalized_power,3,6398,90,500,500,1.0,22,253,0.0004373032668513349,0.02091179731279296,7.344531554209001,0.720150511302604,27.984948869739604,27.984948869739604,0.0002197460491314619,2.793683898093503,0.00029122673441618505,0.00012729418170597505,0.0008971345795779646,7.075237356084627e-05,188.24073761048203,5.716247880429665,0.03017952124818757,0.09236224807369398,0.1459989447547685,10403,7eaff33d0c68bc40b9b9d3eac97a72862048b93cbd1f50ff5ddc86cbb49f3df2,three_row_sha256,e00bb847e2373683f7f35a8bc28665cbeb66d954de08d7c0ae1b50bb4555f840,8b3956404398690bbe02d2f590fbbfce2ca696f3e3b691ed979e35e9b8276d71,8b10f26c63efc1e7b779523080bc9e1215bab2b21d36db41ba7894df17ba36f1,0.2119948621839285,0.22162683308124542,0.2203620970249176,0.5360080394893885,0.1302780583500862,0.8883951231837273,0.16410998068749905,2.3727749940007925,0.0,0.0,9.145650081336498,210.71507898159325,939.7728478070349,45000,45000,,2.793683898093503,,False,False,ok
BNCI2014_001,resampled_spectral_normalized_power_s1,resampled,spectral,normalized_power,3,6398,91,500,500,1.0,22,253,0.00044075124089744925,0.020994076328751624,7.341315603110564,0.7198351788936178,28.01648211063822,28.01648211063822,0.00022244041984205513,2.793683898093503,0.0002880836873688987,0.00013124929755348004,0.0008780731058424681,6.624700602179457e-05,188.240737610482,5.716247880429664,0.03017952124818757,0.09236224807369398,0.1459989447547685,10493,35f43371305206a23228c6d35bbbf3a5c7e29ac2f7b20aa109c9ffa42ac8e2ba,three_row_sha256,17405ad9b9a84a83213de4df2ae351e2762cebf67e60953fce122815f62063a7,8b3956404398690bbe02d2f590fbbfce2ca696f3e3b691ed979e35e9b8276d71,8b10f26c63efc1e7b779523080bc9e1215bab2b21d36db41ba7894df17ba36f1,0.236766180023551,0.22156909108161926,0.22702105343341827,0.5645588971674442,0.1352769322693348,1.0573950130492449,0.16831886023283005,2.6109060272574425,0.0,0.0,8.866375079378486,213.3259850088507,948.6392228864133,45500,45500,,2.793683898093503,,False,False,ok
BNCI2014_001,resampled_spectral_normalized_power_s1,resampled,spectral,normalized_power,3,6398,92,500,500,1.0,22,253,0.0004642162270691236,0.02154567768878769,7.33585647558486,0.7192998971741664,28.070010282583358,28.070010282583358,0.0002348604425623609,2.793683898093503,0.00029250327466982383,0.0001429334108673676,0.0011099108297069988,6.445044085009167e-05,188.24073761048203,5.716247880429664,0.03017952124818757,0.09236224807369398,0.1459989447547685,10584,7726a3b3bc668f7c29c83fb3cb7c4c524bd2d745f7b1b83ff29836e6fa078ba9,three_row_sha256,6f06cdecaf7ce59f5dbd36cf5d995ff8a9f2d08621ccef0f8b887bebc25124ea,8b3956404398690bbe02d2f590fbbfce2ca696f3e3b691ed979e35e9b8276d71,8b10f26c63efc1e7b779523080bc9e1215bab2b21d36db41ba7894df17ba36f1,0.21295901387929916,0.21981284953653812,0.22089085541665554,0.5506209563463926,0.13167806901037693,0.5383978132158518,0.17014611512422562,2.04450567252934,0.0,0.0,8.874645922333002,215.37049068138003,957.5138688087463,46000,46000,,2.793683898093503,,False,False,ok
BNCI2014_001,resampled_spectral_normalized_power_s1,resampled,spectral,normalized_power,3,6398,93,500,500,1.0,22,253,0.00043048857677896555,0.02074821864110183,7.333196115687468,0.7190390419342896,28.09609580657104,28.09609580657104,0.00021707858652106682,2.793683898093503,0.00028595487065653357,0.00012771424962144978,0.0008367079209846478,7.33055549522127e-05,188.24073761048203,5.716247880429664,0.03017952124818757,0.09236224807369398,0.1459989447547685,10676,78fa139d571fb8ac152a4b1d4167f8610562e43486b5277946ddb4c273f53199,three_row_sha256,f6e08dca320ea6bc17fe5591ee1a5c7668feaf73510cdc02d1a57cc61889a985,8b3956404398690bbe02d2f590fbbfce2ca696f3e3b691ed979e35e9b8276d71,8b10f26c63efc1e7b779523080bc9e1215bab2b21d36db41ba7894df17ba36f1,0.23729493841528893,0.2242450136691332,0.23047486320137978,0.5695780273526907,0.13350811786949635,0.9622799698263407,0.1758909784257412,2.533271908760071,0.0,0.0,11.621098965406418,217.9037625901401,969.1349677741528,46500,46500,,2.793683898093503,,False,False,ok
BNCI2014_001,resampled_spectral_normalized_power_s1,resampled,spectral,normalized_power,3,6398,94,500,500,1.0,22,253,0.00045567262421943874,0.021346489739988605,7.340640482039062,0.7197689815083598,28.023101849164025,28.023101849164025,0.0002302872533485003,2.793683898093503,0.00029390698518624603,0.00013647437864736082,0.001086238010785634,5.986873177992571e-05,188.240737610482,5.716247880429664,0.03017952124818757,0.09236224807369398,0.1459989447547685,10769,c9542f94bf679d2cc7044fd413f480c0d24bc0014b9be015b739d3fb63c3fda3,three_row_sha256,6be755d9112eaf6e134e00b8ffcf7967c838ed0776bc26bb7a69460618a49cf9,8b3956404398690bbe02d2f590fbbfce2ca696f3e3b691ed979e35e9b8276d71,8b10f26c63efc1e7b779523080bc9e1215bab2b21d36db41ba7894df17ba36f1,0.2486689481884241,0.2256929874420166,0.23917900398373604,0.5849949084222317,0.13681105338037014,0.7762450259178877,0.18531898967921734,2.3969109170138836,0.0,0.0,9.109894977882504,220.300673507154,978.2448627520353,47000,47000,,2.793683898093503,,False,False,ok
BNCI2014_001,resampled_spectral_normalized_power_s1,resampled,spectral,normalized_power,3,6398,95,500,500,1.0,22,253,0.0004099335190979762,0.02024681503590074,7.336046251202959,0.7193185051694345,28.068149483056548,28.068149483056548,0.00021252050888785043,2.793683898093503,0.00027376234074343465,0.00011956856762835212,0.0007728658685912968,5.9386119202594664e-05,188.24073761048203,5.716247880429664,0.03017952124818757,0.09236224807369398,0.1459989447547685,10863,aa04ccfd67090ff85d9c67a797c0e1cfcd9bbabd563ec2948dec7230263d4a97,three_row_sha256,085b8e5afc2bd5db7fe49935c73d55b4bdbd936eda8695e0cb4356f83ba80859,8b3956404398690bbe02d2f590fbbfce2ca696f3e3b691ed979e35e9b8276d71,8b10f26c63efc1e7b779523080bc9e1215bab2b21d36db41ba7894df17ba36f1,0.2216168213635683,0.21898490376770496,0.21738209761679173,0.5411820020526648,0.1294589601457119,0.8073439821600914,0.1637730747461319,2.299741841852665,0.0,0.0,8.684672880917788,222.60041534900665,986.929535632953,47500,47500,,2.793683898093503,,False,False,ok
BNCI2014_001,resampled_spectral_normalized_power_s1,resampled,spectral,normalized_power,3,6398,96,500,500,1.0,22,253,0.0004278057974499177,0.020683466765750797,7.322381183996407,0.717978609620869,28.202139037913096,28.202139037913096,0.00021201823542365913,2.793683898093503,0.00028857574491944607,0.00012585879183053868,0.0007306510714879676,6.658423022583088e-05,188.24073761048203,5.716247880429664,0.03017952124818757,0.09236224807369398,0.1459989447547685,10958,e906b3520d6aa08ff5307b22646374e467be7a9f3bd0ff83082a98e78e1fd40b,three_row_sha256,9ba35403ed337aeb399c8d71968523740d44bfddbfead9436eb52ab1c873fa8f,8b3956404398690bbe02d2f590fbbfce2ca696f3e3b691ed979e35e9b8276d71,8b10f26c63efc1e7b779523080bc9e1215bab2b21d36db41ba7894df17ba36f1,0.205660006031394,0.2191199455410242,0.21668407134711742,0.5258710589259863,0.1269560307264328,0.584729015827179,0.1582549884915352,2.037275116890669,0.0,0.0,9.550528833642602,224.63769046589732,996.4800644665956,48000,48000,,2.793683898093503,,False,False,ok
BNCI2014_001,resampled_spectral_normalized_power_s1,resampled,spectral,normalized_power,3,6398,97,500,500,1.0,22,253,0.0004528911059656389,0.0212812383560177,7.323876533060391,0.7181252325041743,28.18747674958258,28.18747674958258,0.00021908523684860816,2.793683898093503,0.00029531272565375924,0.00014035433491312385,0.0007983667070782603,5.8150240085938554e-05,188.240737610482,5.716247880429665,0.03017952124818757,0.09236224807369398,0.1459989447547685,11054,cc0a5953f36416f3eb6e28e9cd415bd7784245ab26ea4aa28d79e3351954a598,three_row_sha256,72e62b8cea4cfe7944c8e7890acbef4735fef130cee4b56369aaac65c2c18e8a,8b3956404398690bbe02d2f590fbbfce2ca696f3e3b691ed979e35e9b8276d71,8b10f26c63efc1e7b779523080bc9e1215bab2b21d36db41ba7894df17ba36f1,0.23431121371686459,0.23403693921864033,0.2311859279870987,0.7527200505137444,0.13865879736840725,0.757977832108736,0.1715598627924919,2.520450623705983,0.0,0.0,9.60555486381054,227.1581410896033,1006.0856193304062,48500,48500,,2.793683898093503,,False,False,ok
BNCI2014_001,resampled_spectral_normalized_power_s1,resampled,spectral,normalized_power,3,6398,98,500,500,1.0,22,253,0.00045345681467499096,0.02129452546254532,7.317173131873184,0.7174679465007303,28.253205349926965,28.253205349926965,0.00022574738584584328,2.7936838980935024,0.00029546071589526174,0.00013649521686666844,0.001080603297871319,8.969477687848618e-05,188.240737610482,5.716247880429664,0.03017952124818757,0.09236224807369398,0.1459989447547685,11151,ea1561a838b30635ca81f864837f0c80cb4b3772b3379ecaec19da2d729f15d1,three_row_sha256,de1b15d6ac947a3d666c8eaec08a3aa34b02198cdcf71ec080bc0cf5d3a408b1,8b3956404398690bbe02d2f590fbbfce2ca696f3e3b691ed979e35e9b8276d71,8b10f26c63efc1e7b779523080bc9e1215bab2b21d36db41ba7894df17ba36f1,0.21408195607364178,0.22081402130424976,0.2213129773736,0.5427640862762928,0.1316589768975973,0.788496108725667,0.17041782848536968,2.2895459551364183,0.0,0.0,11.957825161516666,229.44768704473972,1018.0434444919229,49000,49000,,2.793683898093503,,False,False,ok
BNCI2014_001,resampled_spectral_normalized_power_s1,resampled,spectral,normalized_power,3,6398,99,500,500,1.0,22,253,0.000431099644538251,0.020762939207594165,7.3230578717605255,0.7180449606244321,28.195503937556794,28.195503937556794,0.00021988530393888118,2.793683898093503,0.00028261917508850317,0.00012839358098590964,0.0008838778763153398,6.086791645781392e-05,188.24073761048206,5.716247880429664,0.03017952124818757,0.09236224807369398,0.1459989447547685,11249,e20df6d5800ff74c490263862fb4ecb4d62a2d8bd7e9865983e25f8d0322a948,three_row_sha256,7f89fb13e3a6110a1dd7f4a06b2ac0e4014055e942ee0302a056bb249d404e3b,8b3956404398690bbe02d2f590fbbfce2ca696f3e3b691ed979e35e9b8276d71,8b10f26c63efc1e7b779523080bc9e1215bab2b21d36db41ba7894df17ba36f1,0.2757010515779257,0.22486504167318344,0.23992406204342842,0.6267901044338942,0.13742386363446712,0.6282809190452099,0.17683790065348148,2.30982294306159,0.0,0.0,8.998772129416466,231.7575099878013,1027.0422166213393,49500,49500,,2.793683898093503,,False,False,ok
BNCI2014_001,resampled_spectral_normalized_power_s1,resampled,spectral,normalized_power,3,6398,100,500,500,1.0,22,253,0.00046114616222900086,0.021474314010673328,7.307611623391787,0.7165304156084087,28.346958439159135,28.346958439159135,0.00022965314250952682,2.793683898093503,0.00029471281080191636,0.00014274517821109172,0.0010534333619695133,7.090597037980292e-05,188.24073761048203,5.716247880429664,0.03017952124818757,0.09236224807369398,0.1459989447547685,11348,11253d73369bd8a6d2d5d7f6ecee453d80a90499e9be2404054e878e4393fa5a,three_row_sha256,486929e512f9fe8643702fbff14868175b1f8bad7aa678dc5dcce3d68b260e73,8b3956404398690bbe02d2f590fbbfce2ca696f3e3b691ed979e35e9b8276d71,8b10f26c63efc1e7b779523080bc9e1215bab2b21d36db41ba7894df17ba36f1,0.2238911110907793,0.22134813480079174,0.2218808513134718,0.5687261000275612,0.13840594328939915,0.5981489084661007,0.17972197383642197,2.152123022824526,0.0,0.0,9.277553064748645,233.90963301062584,1036.319769686088,50000,50000,,2.793683898093503,,False,False,ok
BNCI2014_001,resampled_spectral_normalized_power_s1,resampled,spectral,normalized_power,3,6398,101,500,500,1.0,22,253,0.00044406243432620055,0.021072788954625835,7.3160143930793,0.7173543291340239,28.264567086597616,28.264567086597616,0.0002217118777166846,2.793683898093503,0.00029204632049875396,0.00013242119864937746,0.0008637600208850216,5.87708848788336e-05,188.240737610482,5.716247880429664,0.03017952124818757,0.09236224807369398,0.1459989447547685,11448,ce329fd37045ede4a896c6d61020267461f81847ac44dc26f0627205426cbfc9,three_row_sha256,ea0e7a790a84a6f1b9a6859df4dc8023695af786dcafe6343ba010cca4f4bbe2,8b3956404398690bbe02d2f590fbbfce2ca696f3e3b691ed979e35e9b8276d71,8b10f26c63efc1e7b779523080bc9e1215bab2b21d36db41ba7894df17ba36f1,0.22888812236487865,0.22391695529222488,0.22814609110355377,0.5652578547596931,0.13264198787510395,0.5179899744689465,0.2699820324778557,2.1668230183422565,0.0,0.0,10.740586090832949,236.0764560289681,1047.060355776921,50500,50500,,2.793683898093503,,False,False,ok
BNCI2014_001,resampled_spectral_normalized_power_s1,resampled,spectral,normalized_power,3,6398,102,500,500,1.0,22,253,0.000450047044681423,0.02121431226039211,7.301207736119556,0.715902497727005,28.409750227299497,28.409750227299497,0.00022264699352794626,2.793683898093503,0.00029457234251196757,0.00013481743477182596,0.0008394472217172063,5.4802307376118944e-05,188.240737610482,5.716247880429664,0.03017952124818757,0.09236224807369398,0.1459989447547685,11549,92bcee91d3e7bd52e1fb91aefdfa363e5a0a23b7c0cb5e294842aa0a37b9bc0d,three_row_sha256,7178eae0f4dc31e5eaf7a4be45e18111953600e3be3c66a2a9d0af892c2cc9f0,8b3956404398690bbe02d2f590fbbfce2ca696f3e3b691ed979e35e9b8276d71,8b10f26c63efc1e7b779523080bc9e1215bab2b21d36db41ba7894df17ba36f1,0.3569361288100481,0.2477620728313923,0.2441350370645523,0.9237849153578281,0.2528449986129999,0.8119009435176849,0.2862359397113323,3.123600035905838,0.0,0.0,10.864981915801764,239.20005606487393,1057.9253376927227,51000,51000,,2.793683898093503,,False,False,ok
BNCI2014_001,resampled_spectral_normalized_power_s1,resampled,spectral,normalized_power,3,6398,103,500,500,1.0,22,253,0.0004692243351398478,0.021661586625634048,7.291509637757494,0.7149515738399533,28.504842616004662,28.504842616004662,0.00023059900891132532,2.793683898093503,0.000302520137096767,0.0001437497343436158,0.0010341061389785543,5.913696060172493e-05,188.24073761048206,5.716247880429665,0.03017952124818757,0.09236224807369398,0.1459989447547685,11651,62d0d4750ebf571ae28c6ccc5fe443664ffaf9f4f872159840974bd56f7f9970,three_row_sha256,44dd8059dcf28e5e2f2488c88978350c45ce5e7e06151f1d6fbbd4da0e492dab,8b3956404398690bbe02d2f590fbbfce2ca696f3e3b691ed979e35e9b8276d71,8b10f26c63efc1e7b779523080bc9e1215bab2b21d36db41ba7894df17ba36f1,0.3811467904597521,0.25104894302785397,0.25215093046426773,0.9773760102689266,0.24724705144762993,0.6475760601460934,0.29630400240421295,3.0528497882187366,0.0,0.0,12.127936817705631,242.25290585309267,1070.0532745104283,51500,51500,,2.793683898093503,,False,False,ok
BNCI2014_001,resampled_spectral_normalized_power_s1,resampled,spectral,normalized_power,3,6398,104,500,500,1.0,22,253,0.0004253993323905122,0.020625211087174654,7.292092798622574,0.7150087542866652,28.499124571333482,28.499124571333482,0.00021441541882258187,2.793683898093503,0.0002848567272509828,0.00012395809553761926,0.0008101477678956403,5.415421157679303e-05,188.240737610482,5.716247880429665,0.03017952124818757,0.09236224807369398,0.1459989447547685,11754,a85d224d56f425af8b3ecbab6baf613c9bb4f6b51c03727b3a286ece8b73cafd,three_row_sha256,f731a3abaf3b3095457b5562e155fedee89a90e113d6a3ea0b72ced4ddcd52f1,8b3956404398690bbe02d2f590fbbfce2ca696f3e3b691ed979e35e9b8276d71,8b10f26c63efc1e7b779523080bc9e1215bab2b21d36db41ba7894df17ba36f1,0.24950900115072727,0.22663711570203304,0.2395380288362503,0.5885940045118332,0.1402120105922222,0.7892539724707603,0.17707678489387035,2.4108209181576967,0.0,0.0,9.719902882352471,244.66372677125037,1079.7731773927808,52000,52000,,2.793683898093503,,False,False,ok
BNCI2014_001,resampled_spectral_normalized_power_s1,resampled,spectral,normalized_power,3,6398,105,500,500,1.0,22,253,0.00045182534121750937,0.021256183599543673,7.2949124492143,0.715285228395373,28.471477160462705,28.471477160462705,0.0002252402967806719,2.793683898093503,0.0002944702467578997,0.00013544742720830586,0.0009551791954833808,7.033595327122969e-05,188.24073761048203,5.716247880429664,0.03017952124818757,0.09236224807369398,0.1459989447547685,11858,66786a004bc448b616c7fe9bb9522a9e45af436065fe94466d2ee073d35b18a9,three_row_sha256,a9616266fb6fb45ae5e00c89acfa37b1aada666beb2e1901cc7a4126f6636ca7,8b3956404398690bbe02d2f590fbbfce2ca696f3e3b691ed979e35e9b8276d71,8b10f26c63efc1e7b779523080bc9e1215bab2b21d36db41ba7894df17ba36f1,0.21605915389955044,0.22155302576720715,0.2198750153183937,0.5518719553947449,0.1318331342190504,0.7372230757027864,0.16593514010310173,2.2443505004048347,0.0,0.0,9.182021953165531,246.9080772716552,1088.9551993459463,52500,52500,,2.793683898093503,,False,False,ok
BNCI2014_001,resampled_spectral_normalized_power_s1,resampled,spectral,normalized_power,3,6398,106,500,500,1.0,22,253,0.0004669046334049775,0.021607976152453,7.278711922079575,0.7136967243752959,28.63032756247041,28.63032756247041,0.0002469687160753929,2.793683898093503,0.00029258328083588386,0.00014292020813857102,0.0017465225835744233,8.367349004264452e-05,188.24073761048203,5.716247880429664,0.03017952124818757,0.09236224807369398,0.1459989447547685,11963,c554bd1b59d719d26169258eaa4b57153e18b88946e097cdc7da02db4f4e6632,three_row_sha256,4673e8234840b3e131c32a6d8b17ead4c5d496bc0c3555b7e1027fa1f1d89d7d,8b3956404398690bbe02d2f590fbbfce2ca696f3e3b691ed979e35e9b8276d71,8b10f26c63efc1e7b779523080bc9e1215bab2b21d36db41ba7894df17ba36f1,0.2142630983144045,0.22225105203688145,0.220566987991333,0.550850061699748,0.1329001970589161,0.7176438812166452,0.1631239429116249,2.2215992212295532,0.0,0.0,8.97879502736032,249.12967649288476,1097.9339943733066,53000,53000,,2.793683898093503,,False,False,ok
BNCI2014_001,resampled_spectral_normalized_power_s1,resampled,spectral,normalized_power,3,6398,107,500,500,1.0,22,253,0.00042007366254288744,0.02049569863514995,7.262885992062552,0.7121449505814905,28.785504941850945,28.785504941850945,0.00021460386079395337,2.793683898093503,0.00027604801348748314,0.000125572271959024,0.0007996591817565146,6.841313402600915e-05,188.24073761048203,5.716247880429665,0.03017952124818757,0.09236224807369398,0.1459989447547685,12069,912f72ae8f16ff97b53e27c68a7fc16f519281f3e15c0cd8a721a020ca8998b0,three_row_sha256,396b407353654b0c77562b53a29514372ec8c96567952aeb55142d8e59c4e414,8b3956404398690bbe02d2f590fbbfce2ca696f3e3b691ed979e35e9b8276d71,8b10f26c63efc1e7b779523080bc9e1215bab2b21d36db41ba7894df17ba36f1,0.21325796842575073,0.22230204194784164,0.22036302834749222,0.5409319419413805,0.12938794679939747,0.700860982760787,0.1621630508452654,2.189266961067915,0.0,0.0,12.666472932323813,251.31894345395267,1110.6004673056304,53500,53500,,2.793683898093503,,False,False,ok
BNCI2014_001,resampled_spectral_normalized_power_s1,resampled,spectral,normalized_power,3,6398,108,500,500,1.0,22,253,0.0004551136813802586,0.021333393573931422,7.251329942065711,0.7110118496815299,28.89881503184701,28.89881503184701,0.00022765748989927632,2.793683898093503,0.0002915992745802613,0.00013848116432260658,0.0009932489280613669,5.829477422589096e-05,188.24073761048203,5.716247880429664,0.03017952124818757,0.09236224807369398,0.1459989447547685,12176,d28aa05af43244cb08cfc415177836d6e20ce619049c3b451c522ac00f3bc301,three_row_sha256,045eb86e2c01c322dc08ea7428b76e7057b5139337afa07fe499bf6f35d6f873,8b3956404398690bbe02d2f590fbbfce2ca696f3e3b691ed979e35e9b8276d71,8b10f26c63efc1e7b779523080bc9e1215bab2b21d36db41ba7894df17ba36f1,0.24543097242712975,0.22620707750320435,0.23451889865100384,0.57411496527493,0.13712700456380844,0.7494499441236258,0.18048402853310108,2.347332891076803,0.0,0.0,10.94537996686995,253.66627634502947,1121.5458472725004,54000,54000,,2.793683898093503,,False,False,ok
BNCI2014_001,resampled_spectral_normalized_power_s1,resampled,spectral,normalized_power,3,6398,109,500,500,1.0,22,253,0.0004428366858320312,0.0210436851770794,7.265599761535094,0.7124110427697783,28.758895723022167,28.758895723022167,0.0002228728094728551,2.793683898093503,0.0002840829455919661,0.000136565755042889,0.0009217065574979099,5.438826168739182e-05,188.240737610482,5.716247880429664,0.03017952124818757,0.09236224807369398,0.1459989447547685,12284,42172b5844c4d39163939fcf19aa382903d965b374a240ebb7486cd0e006ae4b,three_row_sha256,8493a8a3591e4a391c122e758f419c519b598e5a294a47e16a482f4ae7f3c254,8b3956404398690bbe02d2f590fbbfce2ca696f3e3b691ed979e35e9b8276d71,8b10f26c63efc1e7b779523080bc9e1215bab2b21d36db41ba7894df17ba36f1,0.2741939388215542,0.23153400979936123,0.24677207693457603,0.6159709300845861,0.14149397611618042,0.7650740444660187,0.18677697516977787,2.4618159513920546,0.0,0.0,9.941988857463002,256.1280922964215,1131.4878361299634,54500,54500,,2.793683898093503,,False,False,ok
BNCI2014_001,resampled_spectral_normalized_power_s1,resampled,spectral,normalized_power,3,6398,110,500,500,1.0,22,253,0.0004461406412443317,0.02112204159744819,7.260799819070324,0.7119403958681054,28.80596041318945,28.80596041318945,0.00022285692812790077,2.793683898093503,0.000292184014951457,0.00013246643037165889,0.0009339975384377234,7.486951992436417e-05,188.24073761048203,5.716247880429664,0.03017952124818757,0.09236224807369398,0.1459989447547685,12393,c86c0968c87b9be4a4b5f910340984229a02470f7acdb72b8faa8693c10e62b7,three_row_sha256,47c665ecbd07b523f1b92a0843422a8e172b9486ac4d0374f304af0ac6eaa6f7,8b3956404398690bbe02d2f590fbbfce2ca696f3e3b691ed979e35e9b8276d71,8b10f26c63efc1e7b779523080bc9e1215bab2b21d36db41ba7894df17ba36f1,0.222804956138134,0.22363802418112755,0.22297189570963383,0.5790558643639088,0.13868603855371475,0.6621850188821554,0.17412099987268448,2.223462797701359,0.0,0.0,9.258377132937312,258.3515550941229,1140.7462132629007,55000,55000,,2.793683898093503,,False,False,ok
BNCI2014_001,resampled_spectral_normalized_power_s1,resampled,spectral,normalized_power,3,6398,111,500,500,1.0,22,253,0.00043814861520083143,0.020931999789815386,7.268145596823414,0.7126606685724649,28.73393314275351,28.73393314275351,0.00021981993072207434,2.793683898093503,0.0002873144492667077,0.0001313054368557251,0.0008470702953887241,8.287945048437209e-05,188.240737610482,5.716247880429665,0.03017952124818757,0.09236224807369398,0.1459989447547685,12503,d817373be183ca4a4414c91cd8691adb7ed0ffdd0e8129e4b0a00fb603cb085c,three_row_sha256,e0f8ef348b6293823b00a451543b7a60dbf3bda03f8357ed2ee4079668ceb539,8b3956404398690bbe02d2f590fbbfce2ca696f3e3b691ed979e35e9b8276d71,8b10f26c63efc1e7b779523080bc9e1215bab2b21d36db41ba7894df17ba36f1,0.21583191119134426,0.22284593433141708,0.22071297280490398,0.552779994904995,0.13439194299280643,0.6265188567340374,0.16333907842636108,2.136420691385865,0.0,0.0,9.442686103284359,260.48797578550875,1150.188899366185,55500,55500,,2.793683898093503,,False,False,ok
BNCI2014_001,resampled_spectral_normalized_power_s1,resampled,spectral,normalized_power,3,6398,112,500,500,1.0,22,253,0.0004194242728913433,0.020479850411840007,7.259136844134164,0.7117773368300008,28.822266316999922,28.822266316999922,0.00021201786002260437,2.793683898093503,0.0002835297749233501,0.00012109791508307093,0.0007798218592973672,4.673301306318616e-05,188.240737610482,5.716247880429664,0.03017952124818757,0.09236224807369398,0.1459989447547685,12614,cd7ea666bb90521080c23cd5c0f7f909db9ce12e3a99d1df2f6c15e166a8b1a6,three_row_sha256,839a08a0f2266059e10d8f98ae08969dc1158a417903ba07fefcbf7279c19c8f,8b3956404398690bbe02d2f590fbbfce2ca696f3e3b691ed979e35e9b8276d71,8b10f26c63efc1e7b779523080bc9e1215bab2b21d36db41ba7894df17ba36f1,0.23336405865848064,0.22551696747541428,0.23183785378932953,0.5740940105170012,0.13562291860580444,0.6660399958491325,0.17317896708846092,2.2396547719836235,0.0,0.0,9.200437925755978,262.7276305574924,1159.389337291941,56000,56000,,2.793683898093503,,False,False,ok
BNCI2014_001,resampled_spectral_normalized_power_s1,resampled,spectral,normalized_power,3,6398,113,500,500,1.0,22,253,0.00044672575477609934,0.021135887839788026,7.2576168277947515,0.7116282952558803,28.837170474411966,28.837170474411966,0.0002209091861351219,2.793683898093503,0.00029941527464189845,0.00012870598712361235,0.0009259855224001731,7.007804110053422e-05,188.240737610482,5.716247880429664,0.03017952124818757,0.09236224807369398,0.1459989447547685,12726,efb827fa27d959772fa09af8053bf57bd4e45b8f77eff4c10daea28a36addf8e,three_row_sha256,e0b64e98970490b244825e4cc3a26b256162b272642cc7ceba340f73e4924aa4,8b3956404398690bbe02d2f590fbbfce2ca696f3e3b691ed979e35e9b8276d71,8b10f26c63efc1e7b779523080bc9e1215bab2b21d36db41ba7894df17ba36f1,0.21705101244151592,0.2235271967947483,0.22913306020200253,0.5553648807108402,0.1318180002272129,0.6341058760881424,0.16586296260356903,2.1568629890680313,0.0,0.0,9.59554803557694,264.8844935465604,1168.984885327518,56500,56500,,2.793683898093503,,False,False,ok
BNCI2014_001,resampled_spectral_normalized_power_s1,resampled,spectral,normalized_power,3,6398,114,500,500,1.0,22,253,0.00045301157008230614,0.021284068457001027,7.248702965244302,0.7107542677394885,28.924573226051155,28.924573226051155,0.00022338240450371072,2.793683898093503,0.0002977457543591919,0.00013490043071796138,0.0009133281194311891,8.07951591445541e-05,188.24073761048203,5.716247880429664,0.03017952124818757,0.09236224807369398,0.1459989447547685,12839,72c63f0b5d12d24cfb495743610e4e1fca9faa933e99962d07d8b47a31c5cad8,three_row_sha256,aea6c37d72717a1879c2a4ed1cb5ec9d97af68c03e471f3492a5830591989d43,8b3956404398690bbe02d2f590fbbfce2ca696f3e3b691ed979e35e9b8276d71,8b10f26c63efc1e7b779523080bc9e1215bab2b21d36db41ba7894df17ba36f1,0.23138197138905525,0.22958405315876007,0.23344787769019604,0.7106601260602474,0.2667768858373165,0.7592719048261642,0.26611099019646645,2.697233809158206,0.0,0.0,14.395400881767273,267.5817273557186,1183.3802862092853,57000,57000,,2.793683898093503,,False,False,ok
BNCI2014_001,resampled_spectral_normalized_power_s1,resampled,spectral,normalized_power,3,6398,115,500,500,1.0,22,253,0.0004468060561684288,0.021137787400019634,7.249677811694659,0.7108498539813726,28.915014601862744,28.915014601862744,0.00021757883184618868,2.793683898093503,0.000300866013894435,0.00012935007964519807,0.0008258803673744255,7.390791613652509e-05,188.24073761048203,5.716247880429664,0.03017952124818757,0.09236224807369398,0.1459989447547685,12953,5ce082770db0150b22b9c37136f10074ab714b5acf37d87ea85e2a27a4ae25ae,three_row_sha256,ada168c0dc82df26bf4569a1d0558ff5375bf9a49419cb3ef0825220da124612,8b3956404398690bbe02d2f590fbbfce2ca696f3e3b691ed979e35e9b8276d71,8b10f26c63efc1e7b779523080bc9e1215bab2b21d36db41ba7894df17ba36f1,0.31300890259444714,0.23741205222904682,0.24771899916231632,0.7873580325394869,0.18920213915407658,0.8606498595327139,0.23091002367436886,2.8662600088864565,0.0,0.0,14.079923974350095,270.44798736460507,1197.4602101836354,57500,57500,,2.793683898093503,,False,False,ok
BNCI2014_001,resampled_spectral_normalized_power_s1,resampled,spectral,normalized_power,3,6398,116,500,500,1.0,22,253,0.00043332957335467904,0.020816569682699383,7.246068875891376,0.7104959883951456,28.95040116048544,28.95040116048544,0.00021797846235146022,2.793683898093503,0.00028790230319433903,0.00012700729675928037,0.0008207015547128463,5.445275598023639e-05,188.240737610482,5.716247880429664,0.03017952124818757,0.09236224807369398,0.1459989447547685,13068,7351cc8ba4a286dbc87184fc819d5d971b08670f1dea01a81727368e2aba4f52,three_row_sha256,d9d714ffc11e2808428d2f49b1e9078b049a7a68eea09850304f6acb9e849d9e,8b3956404398690bbe02d2f590fbbfce2ca696f3e3b691ed979e35e9b8276d71,8b10f26c63efc1e7b779523080bc9e1215bab2b21d36db41ba7894df17ba36f1,0.2869199961423874,0.23427302949130535,0.23133098147809505,0.7374428678303957,0.19253790378570557,0.6757450755685568,0.24245493113994598,2.600704785436392,0.0,0.0,14.459691941738129,273.04869215004146,1211.9199021253735,58000,58000,,2.793683898093503,,False,False,ok
BNCI2014_001,resampled_spectral_normalized_power_s1,resampled,spectral,normalized_power,3,6398,117,500,500,1.0,22,253,0.00043773042113532344,0.0209220080569558,7.2343964758505495,0.7093514790693313,29.06485209306687,29.06485209306687,0.00022500599181818617,2.793683898093503,0.00028352786623691087,0.00013008527061808976,0.00103908222272385,7.222213174314713e-05,188.240737610482,5.716247880429664,0.03017952124818757,0.09236224807369398,0.1459989447547685,13184,0c5f60c23670994ba91cbf6a381938b665606b256342799a602e588c8f03ce56,three_row_sha256,a940f30f0559de538e32ce4da33b6b69ccb3102cbd6fbebf6b8fcb69ecead1c4,8b3956404398690bbe02d2f590fbbfce2ca696f3e3b691ed979e35e9b8276d71,8b10f26c63efc1e7b779523080bc9e1215bab2b21d36db41ba7894df17ba36f1,0.28345687314867973,0.2333158627152443,0.233758008107543,0.7439821492880583,0.18155202269554138,0.8102541323751211,0.22050202824175358,2.7068210765719414,0.0,0.0,15.2301169000566,275.7555132266134,1227.15001902543,58500,58500,,2.793683898093503,,False,False,ok
BNCI2014_001,resampled_spectral_normalized_power_s1,resampled,spectral,normalized_power,3,6398,118,500,500,1.0,22,253,0.00043405963457153593,0.020834097882354685,7.209434163718527,0.7069038591343513,29.309614086564867,29.309614086564867,0.00022005251750840458,2.793683898093503,0.0002872938833670401,0.00012836254743791428,0.0008920367462072632,8.285715879057513e-05,188.24073761048203,5.716247880429664,0.03017952124818757,0.09236224807369398,0.1459989447547685,13301,c859e3ac8f4b3f65fa0e8287b3a84a9b940e2b45311a3bab97c1a40afbc25970,three_row_sha256,80ee6b055e020eff87c6410bf8add11939ddf51ea89eecab34e5215c6d2c510d,8b3956404398690bbe02d2f590fbbfce2ca696f3e3b691ed979e35e9b8276d71,8b10f26c63efc1e7b779523080bc9e1215bab2b21d36db41ba7894df17ba36f1,0.337730860337615,0.24352618493139744,0.2651649992913008,0.816914951428771,0.19464711658656597,0.7088631391525269,0.2525211311876774,2.8193683829158545,0.0,0.0,14.53305990435183,278.57488160952926,1241.683078929782,59000,59000,,2.793683898093503,,False,False,ok
BNCI2014_001,resampled_spectral_normalized_power_s1,resampled,spectral,normalized_power,3,6398,119,500,500,1.0,22,253,0.0004303884789423944,0.020745806297717002,7.235709450387437,0.7094802196536814,29.051978034631862,29.051978034631862,0.0002172929418185392,2.793683898093503,0.00028400292587309824,0.00012634536347082493,0.0008297495827568452,6.348851944275938e-05,188.24073761048206,5.716247880429664,0.03017952124818757,0.09236224807369398,0.1459989447547685,13419,b1d809c29c863bf0aa5d5974c8def0947d344780df2cf00b3561b9245d710c9d,three_row_sha256,6103e3e3c6d7d1790de70a5a06520a77ed50125bc122d532ea64988a6c6b303c,8b3956404398690bbe02d2f590fbbfce2ca696f3e3b691ed979e35e9b8276d71,8b10f26c63efc1e7b779523080bc9e1215bab2b21d36db41ba7894df17ba36f1,0.29707117937505245,0.23733987472951412,0.24143210612237453,0.786936841905117,0.19269809126853943,0.849227886646986,0.23698993027210236,2.841695910319686,0.0,0.0,14.966008951887488,281.41657751984894,1256.6490878816694,59500,59500,,2.793683898093503,,False,False,ok
BNCI2014_001,resampled_spectral_normalized_power_s1,resampled,spectral,normalized_power,3,6398,120,500,500,1.0,22,253,0.000414708643042101,0.020364396456612727,7.234649860982862,0.7093763241436896,29.06236758563104,29.06236758563104,0.00020713210746486316,2.793683898093503,0.0002839798493138162,0.00011809436962840572,0.0007458737800820449,7.912493639777017e-05,188.24073761048203,5.716247880429664,0.03017952124818757,0.09236224807369398,0.1459989447547685,13538,72493075ed311ad8483e2a15b0b5748e9ca5ce22bb046f2b8dcd45df715ab51f,three_row_sha256,64297e7c3e718c6238c02c31c41f9aae4fe98f552eb545a1f1ab22360a1c819b,8b3956404398690bbe02d2f590fbbfce2ca696f3e3b691ed979e35e9b8276d71,8b10f26c63efc1e7b779523080bc9e1215bab2b21d36db41ba7894df17ba36f1,0.3254541661590338,0.2440421376377344,0.25570113211870193,0.8060638792812824,0.1958881039172411,0.6241411902010441,0.25274790823459625,2.704038517549634,0.0,0.0,15.05145407281816,284.1206160373986,1271.7005419544876,60000,60000,,2.793683898093503,,False,False,ok
BNCI2014_001,resampled_spectral_normalized_power_s1,resampled,spectral,normalized_power,3,6398,121,500,500,1.0,22,253,0.00045274623061430854,0.0212778342557298,7.226672269127829,0.7085941004156054,29.14058995843946,29.14058995843946,0.00022775852271546891,2.793683898093503,0.0002985159773987843,0.00013205236841084793,0.0010516381412852423,8.109699816500955e-05,188.24073761048203,5.716247880429664,0.03017952124818757,0.09236224807369398,0.1459989447547685,13658,f95d57421408ef9966ba03c8a10ce13e77626522328faff79070338996f187dd,three_row_sha256,309dfc5b322bff7af80a50e9dd56d2acf45de392496bb4fad8e6a1cd5f4c5a82,8b3956404398690bbe02d2f590fbbfce2ca696f3e3b691ed979e35e9b8276d71,8b10f26c63efc1e7b779523080bc9e1215bab2b21d36db41ba7894df17ba36f1,0.29513705521821976,0.23720599710941315,0.2409401349723339,0.7821698673069477,0.191862927749753,0.7346170023083687,0.22760499268770218,2.7095379773527384,0.0,0.0,12.892117025330663,286.8301540147513,1284.5926589798182,60500,60500,,2.793683898093503,,False,False,ok
BNCI2014_001,resampled_spectral_normalized_power_s1,resampled,spectral,normalized_power,3,6398,122,500,500,1.0,22,253,0.00044204874347131555,0.021024955254918275,7.2201336687419495,0.707952973561382,29.204702643861804,29.204702643861804,0.00022381124167355687,2.793683898093503,0.0002870395969193591,0.00013190130191965995,0.0009479716520603841,7.26336728970645e-05,188.240737610482,5.716247880429664,0.03017952124818757,0.09236224807369398,0.1459989447547685,13779,897fd2625d483d8629ddea2ae53ed4e30c3536f52d6aa128dc680a6a620dc509,three_row_sha256,9bb2512a8f0397df501b01a07c09b8b940e8c6af4a7891ef62dc285e0278b3cf,8b3956404398690bbe02d2f590fbbfce2ca696f3e3b691ed979e35e9b8276d71,8b10f26c63efc1e7b779523080bc9e1215bab2b21d36db41ba7894df17ba36f1,0.24110404774546623,0.2252408303320408,0.23716804571449757,0.5879928357899189,0.13663084246218204,0.6932450924068689,0.1719808205962181,2.2933625150471926,0.0,0.0,9.563017869368196,289.1235165297985,1294.1556768491864,61000,61000,,2.793683898093503,,False,False,ok
BNCI2014_001,resampled_spectral_normalized_power_s1,resampled,spectral,normalized_power,3,6398,123,500,500,1.0,22,253,0.00042402695362295684,0.020591914763395773,7.208790679787468,0.7068407638533866,29.315923614661344,29.315923614661344,0.00021133212330465463,2.793683898093503,0.000282892457587459,0.0001279438579236774,0.0007237030456719391,7.443027701354004e-05,188.24073761048203,5.716247880429665,0.03017952124818757,0.09236224807369398,0.1459989447547685,13901,ffe26b1292b0edd8a31942ccead058908c93b69139d40b0e52f0025eea3e85ad,three_row_sha256,2c7827ba6e4995253204f01bd2b9f2d393fdc004b0d68f18b302f7d0f8046f10,8b3956404398690bbe02d2f590fbbfce2ca696f3e3b691ed979e35e9b8276d71,8b10f26c63efc1e7b779523080bc9e1215bab2b21d36db41ba7894df17ba36f1,0.23770704865455627,0.22389693185687065,0.2269078977406025,0.5736190360039473,0.13387086801230907,0.950343906879425,0.188151141628623,2.534496830776334,0.0,0.0,9.849529014900327,291.65801336057484,1304.0052058640867,61500,61500,,2.793683898093503,,False,False,ok
BNCI2014_001,resampled_spectral_normalized_power_s1,resampled,spectral,normalized_power,3,6398,124,500,500,1.0,22,253,0.00044512890903173263,0.02109807832556635,7.213130875965992,0.7072663314303039,29.27336685696961,29.27336685696961,0.00022075803065630173,2.793683898093503,0.0002936146842819939,0.00013337837729343854,0.0008818411371094106,6.149902923883142e-05,188.240737610482,5.716247880429664,0.03017952124818757,0.09236224807369398,0.1459989447547685,14024,8cdfd66c11e7468e0c4d1d34c1bc6b4ded7987b6d22153afa848939933aa4de6,three_row_sha256,1b04f5073322058655bf8cac2eacac23ae0085a6342c78d5e20b9d5152b2654e,8b3956404398690bbe02d2f590fbbfce2ca696f3e3b691ed979e35e9b8276d71,8b10f26c63efc1e7b779523080bc9e1215bab2b21d36db41ba7894df17ba36f1,0.21288800053298473,0.22009783424437046,0.2202349714934826,0.5432809703052044,0.1397291198372841,0.6698579527437687,0.17196685075759888,2.178055699914694,0.0,0.0,8.332228055223823,293.83606906048954,1312.3374339193106,62000,62000,,2.793683898093503,,False,False,ok
BNCI2014_001,resampled_spectral_normalized_power_s1,resampled,spectral,normalized_power,3,6398,125,500,500,1.0,22,253,0.0004400319275822322,0.02097693799347827,7.209798276867988,0.7069395613801408,29.306043861985923,29.306043861985923,0.00021756974087167348,2.793683898093503,0.0002937926068372213,0.00012991811615037802,0.000804224579246126,7.403654861303272e-05,188.240737610482,5.716247880429664,0.03017952124818757,0.09236224807369398,0.1459989447547685,14148,2f64d0617457c6be0617d744939c0b5e0b0222582d21f007d7dbb37e8655ac7a,three_row_sha256,baf611f71834104602927be95193c7bad4b16fc5f49b78cefd878aca63872c00,8b3956404398690bbe02d2f590fbbfce2ca696f3e3b691ed979e35e9b8276d71,8b10f26c63efc1e7b779523080bc9e1215bab2b21d36db41ba7894df17ba36f1,0.2099401317536831,0.22022100165486336,0.21866895258426666,0.537805026397109,0.12922007590532303,0.7325757760554552,0.15909899957478046,2.207529963925481,0.0,0.0,10.211278917267919,296.043599024415,1322.5487128365785,62500,62500,,2.793683898093503,,False,False,ok
BNCI2014_001,resampled_spectral_normalized_power_s1,resampled,spectral,normalized_power,3,6398,126,500,500,1.0,22,253,0.0004406031926215951,0.02099055007906165,7.210100573328466,0.7069692023380387,29.30307976619613,29.30307976619613,0.00021856273229940652,2.793683898093503,0.00029291821459262105,0.00012997357939925587,0.0008153971194837437,6.011874394125847e-05,188.240737610482,5.716247880429664,0.03017952124818757,0.09236224807369398,0.1459989447547685,14273,2d4408c29917fa8de6e648f2783143e31a0ee08572fbf171c3beea8b8bcb7781,three_row_sha256,630c533d3b94a6c4a85f458dfef1bf2e12dd283f8dcdb9db1d86274d5451f00a,8b3956404398690bbe02d2f590fbbfce2ca696f3e3b691ed979e35e9b8276d71,8b10f26c63efc1e7b779523080bc9e1215bab2b21d36db41ba7894df17ba36f1,0.34802709706127644,0.24779397062957287,0.2451010514050722,0.971982954069972,0.2412430476397276,0.6959480233490467,0.2857479266822338,3.0358440708369017,0.0,0.0,9.713194100186229,299.0794430952519,1332.2619069367647,63000,63000,,2.793683898093503,,False,False,ok
BNCI2014_001,resampled_spectral_normalized_power_s1,resampled,spectral,normalized_power,3,6398,127,500,500,1.0,22,253,0.00044667754963881084,0.021134747446771414,7.219989137811669,0.707938801925986,29.206119807401404,29.206119807401404,0.00022115818130157868,2.793683898093503,0.0002936028135113878,0.00013449825981922442,0.0009013797681775153,5.539562938438185e-05,188.24073761048206,5.716247880429664,0.03017952124818757,0.09236224807369398,0.1459989447547685,14399,1c6b94ccdb5b7c92163718aebf7697a1a44d7306d8a4fe2330a5cfa28dbef4db,three_row_sha256,c1e5326660c48e32d3a5b95eaf7b6abc4fd35e8c6bf3973b0600ed23abb0125a,8b3956404398690bbe02d2f590fbbfce2ca696f3e3b691ed979e35e9b8276d71,8b10f26c63efc1e7b779523080bc9e1215bab2b21d36db41ba7894df17ba36f1,0.3765819128602743,0.24586194194853306,0.252139987424016,0.9715070482343435,0.24093221873044968,0.7174820639193058,0.28689391911029816,3.0913990922272205,0.0,0.0,11.999784968793392,302.17084218747914,1344.261691905558,63500,63500,,2.793683898093503,,False,False,ok
BNCI2014_001,resampled_spectral_normalized_power_s1,resampled,spectral,normalized_power,3,6398,128,500,500,1.0,22,253,0.00045836179997250394,0.021409385791575242,7.206120745056603,0.7065789697760673,29.34210302239327,29.34210302239327,0.00022938332056432869,2.793683898093503,0.00029477048498375555,0.00013906581373634286,0.0010179726132278947,7.223186700534417e-05,188.24073761048203,5.716247880429664,0.03017952124818757,0.09236224807369398,0.1459989447547685,14526,4b7383ce1c394509a1703fe0b52a9c47beb0f06170e1a939a0a717fe9b30d4e5,three_row_sha256,c8428ea4f267035483176cdd347ca44bd6c76895ae036780c9f5417d38a356d9,8b3956404398690bbe02d2f590fbbfce2ca696f3e3b691ed979e35e9b8276d71,8b10f26c63efc1e7b779523080bc9e1215bab2b21d36db41ba7894df17ba36f1,0.2651698887348175,0.2391969319432974,0.24960190057754517,0.627423170953989,0.14046020805835724,0.7291620131582022,0.25647087022662163,2.50748498365283,0.0,0.0,11.672805063426495,304.67832717113197,1355.9344969689846,64000,64000,,2.793683898093503,,False,False,ok
BNCI2014_001,resampled_spectral_normalized_power_s1,resampled,spectral,normalized_power,3,6398,129,500,500,1.0,22,253,0.00045399205442738736,0.021307089299746864,7.217110924824793,0.707656585621401,29.2343414378599,29.2343414378599,0.00023515856816610096,2.793683898093503,0.00028337672146780976,0.00014156861457118594,0.0010757960508888382,6.28784971486671e-05,188.24073761048203,5.716247880429665,0.03017952124818757,0.09236224807369398,0.1459989447547685,14654,b42e111d671c0b39cd2ee19610282d97b979bb44f45ba6cbc43de01acb527050,three_row_sha256,54ebab359d3fd99d1e4f7eca141ed8efd1d55e137692611fba362efa2e54249e,8b3956404398690bbe02d2f590fbbfce2ca696f3e3b691ed979e35e9b8276d71,8b10f26c63efc1e7b779523080bc9e1215bab2b21d36db41ba7894df17ba36f1,0.25232788175344467,0.22649881429970264,0.2359519712626934,0.5794509779661894,0.14417688362300396,0.6332120392471552,0.1768171787261963,2.2484357468783855,0.0,0.0,13.146958081051707,306.92676291801035,1369.0814550500363,64500,64500,,2.793683898093503,,False,False,ok
BNCI2014_001,resampled_spectral_normalized_power_s1,resampled,spectral,normalized_power,3,6398,130,500,500,1.0,22,253,0.0004299313408573731,0.020734785768301855,7.200434412442645,0.7060214100039901,29.397858999600995,29.397858999600995,0.000219910308518363,2.793683898093503,0.00028107344333522076,0.0001289312182941369,0.0009343847123866162,6.880399227465492e-05,188.240737610482,5.716247880429664,0.03017952124818757,0.09236224807369398,0.1459989447547685,14783,0ee1743a5b9ff32cefbc26a7df2f066fa4d97e2d915bb1d7a45d98f2fdb3a961,three_row_sha256,8eec1f2477b05d3f64baa0ba0e6a4ffe82a53a78b1b68952690ae817a23e0bb0,8b3956404398690bbe02d2f590fbbfce2ca696f3e3b691ed979e35e9b8276d71,8b10f26c63efc1e7b779523080bc9e1215bab2b21d36db41ba7894df17ba36f1,0.3102628979831934,0.23287301883101463,0.2493548672646284,0.599635997787118,0.1403260976076126,0.5861208774149418,0.19810907542705536,2.316682832315564,0.0,0.0,11.542194057255983,309.2434457503259,1380.6236491072923,65000,65000,,2.793683898093503,,False,False,ok
BNCI2014_001,resampled_spectral_normalized_power_s1,resampled,spectral,normalized_power,3,6398,131,500,500,1.0,22,253,0.0004355265230791427,0.020869272222076712,7.191301115069944,0.7051258663298589,29.48741336701412,29.48741336701412,0.00022421357890218006,2.793683898093503,0.0002775689736813066,0.00013478341377555722,0.0010018873423079404,5.785519133385083e-05,188.240737610482,5.716247880429664,0.03017952124818757,0.09236224807369398,0.1459989447547685,14913,887f6027c4a50fe7abb04552ad50bca61f480d0fb2e146c00b7e8e7167791d64,three_row_sha256,93e453cb4bafcc81bc781f57609eb3b23f5f1614f6e46afbe3e98847dfc8a241,8b3956404398690bbe02d2f590fbbfce2ca696f3e3b691ed979e35e9b8276d71,8b10f26c63efc1e7b779523080bc9e1215bab2b21d36db41ba7894df17ba36f1,0.39507891051471233,0.24756393395364285,0.2637270372360945,0.649420078843832,0.14263205230236053,0.5753859877586365,0.18991599790751934,2.463723998516798,0.0,0.0,11.55358785763383,311.7071697488427,1392.1772369649261,65500,65500,,2.793683898093503,,False,False,ok
BNCI2014_001,resampled_spectral_normalized_power_s1,resampled,spectral,normalized_power,3,6398,132,500,500,1.0,22,253,0.00044490013191770465,0.021092655876340103,7.19306311041304,0.7052986345776194,29.47013654223806,29.47013654223806,0.00022235598940542798,2.793683898093503,0.0002931659025460194,0.00013149814102659686,0.0009393791866975895,8.602937555359453e-05,188.240737610482,5.716247880429664,0.03017952124818757,0.09236224807369398,0.1459989447547685,15044,7abdb51123944c0470ab2094b4b375636db1663bca0b8d820d619a489981406e,three_row_sha256,0b14a60d45ef4d2b69b6c60d090b90b2f1c68972b858bdc75730268cf930cb83,8b3956404398690bbe02d2f590fbbfce2ca696f3e3b691ed979e35e9b8276d71,8b10f26c63efc1e7b779523080bc9e1215bab2b21d36db41ba7894df17ba36f1,0.3709380980581045,0.24692900478839874,0.24541490711271763,0.9872890077531338,0.2383079845458269,0.7696901448071003,0.17747306264936924,3.036042209714651,0.0,0.0,11.307848850265145,314.74321195855737,1403.4850858151913,66000,66000,,2.793683898093503,,False,False,ok
BNCI2014_001,resampled_spectral_normalized_power_s1,resampled,spectral,normalized_power,3,6398,133,500,500,1.0,22,253,0.0004396516083843844,0.02096787085958859,7.1922790077368735,0.7052217512612381,29.477824873876187,29.477824873876187,0.0002237345298873479,2.793683898093503,0.00028694485348330857,0.0001314178619377456,0.0009350551235646873,8.320842780196507e-05,188.240737610482,5.716247880429664,0.03017952124818757,0.09236224807369398,0.1459989447547685,15176,4bad37b7bba16a83a4bf3841e2764be1e02f1bc486a337fc0206e56b0dc30a73,three_row_sha256,c7028e4143631967472c6ed6003e00c36c09048bf320492e22a8bd98241770ee,8b3956404398690bbe02d2f590fbbfce2ca696f3e3b691ed979e35e9b8276d71,8b10f26c63efc1e7b779523080bc9e1215bab2b21d36db41ba7894df17ba36f1,0.38713705725967884,0.24893321096897125,0.2603009343147278,0.9812971111387014,0.24002906866371632,0.8490600157529116,0.30521186999976635,3.2719692680984735,0.0,0.0,9.326588828116655,318.01518122665584,1412.811674643308,66500,66500,,2.793683898093503,,False,False,ok
BNCI2014_001,resampled_spectral_normalized_power_s1,resampled,spectral,normalized_power,3,6398,134,500,500,1.0,22,253,0.0004368648293101852,0.020901311664825853,7.179742615262977,0.7039925252196135,29.600747478038645,29.600747478038645,0.0002242360478415814,2.793683898093503,0.00028576777964943326,0.0001282063013805828,0.0009902270147770465,6.703768374202605e-05,188.240737610482,5.716247880429664,0.03017952124818757,0.09236224807369398,0.1459989447547685,15309,705414f22384c7276d392889145d020225b11d4bd718c1e6905360b986ec4190,three_row_sha256,ee752984a42803bb3b6d7d446ddf904a64bfe4cb5b6d308a1ba4ed97b7d3aa64,8b3956404398690bbe02d2f590fbbfce2ca696f3e3b691ed979e35e9b8276d71,8b10f26c63efc1e7b779523080bc9e1215bab2b21d36db41ba7894df17ba36f1,0.45185000635683537,0.2484091091901064,0.2582389861345291,1.0072151198983192,0.24384702555835247,0.6950709503144026,0.29700901359319687,3.201640211045742,0.0,0.0,10.698308935388923,321.2168214377016,1423.5099835786968,67000,67000,,2.793683898093503,,False,False,ok
BNCI2014_001,resampled_spectral_normalized_power_s1,resampled,spectral,normalized_power,3,6398,135,500,500,1.0,22,253,0.0004316134659567793,0.020775309045999276,7.176861649197164,0.7037100389684446,29.62899610315554,29.62899610315554,0.00021967986965228087,2.793683898093503,0.0002785747578980089,0.0001313276715803378,0.0008383005415373307,8.310975382150017e-05,188.24073761048203,5.716247880429665,0.03017952124818757,0.09236224807369398,0.1459989447547685,15443,5b4021472fc711dcdf87543123bce452e3f484a610f7f45070b662a5b7f95f19,three_row_sha256,782221ef8e12730e991fbfb9675b7feae87fb6b44a557d56311ebd6afe26b624,8b3956404398690bbe02d2f590fbbfce2ca696f3e3b691ed979e35e9b8276d71,8b10f26c63efc1e7b779523080bc9e1215bab2b21d36db41ba7894df17ba36f1,0.2339729107916355,0.24961191229522228,0.23753591813147068,0.968992942944169,0.23550610058009624,0.6636648904532194,0.29952218756079674,2.88880686275661,0.0,0.0,10.799078037962317,324.1056283004582,1434.3090616166592,67500,67500,,2.793683898093503,,False,False,ok
BNCI2014_001,resampled_spectral_normalized_power_s1,resampled,spectral,normalized_power,3,6398,136,500,500,1.0,22,253,0.00042860431066741103,0.020702760943106382,7.163508869534425,0.7024007640296064,29.759923597039364,29.759923597039364,0.0002186643928594733,2.793683898093503,0.0002792099239287201,0.00012988397867902797,0.0008824229412066631,7.146359905590825e-05,188.24073761048203,5.716247880429664,0.03017952124818757,0.09236224807369398,0.1459989447547685,15578,35f94329452f66e78110c27b496a74a787fc53c27ab974a57c00574ee654476d,three_row_sha256,f1f36136691403aa620e200ead41a196ffd58aac20255165c3bd6f7d18bf8c85,8b3956404398690bbe02d2f590fbbfce2ca696f3e3b691ed979e35e9b8276d71,8b10f26c63efc1e7b779523080bc9e1215bab2b21d36db41ba7894df17ba36f1,0.22734515368938446,0.2222820185124874,0.22454909048974514,0.5539790727198124,0.1308221835643053,0.59907091781497,0.2640068996697664,2.222055336460471,0.0,0.0,11.92724914290011,326.32768363691866,1446.2363107595593,68000,68000,,2.793683898093503,,False,False,ok
BNCI2014_001,resampled_spectral_normalized_power_s1,resampled,spectral,normalized_power,3,6398,137,500,500,1.0,22,253,0.00043555904734644173,0.02087005144570664,7.159262807010576,0.7019844265035159,29.801557349648412,29.801557349648412,0.00022130869744610922,2.793683898093503,0.00027940346847957144,0.00013350449387956444,0.000899220240870801,6.0847485802079495e-05,188.24073761048203,5.716247880429664,0.03017952124818757,0.09236224807369398,0.1459989447547685,15714,5e4ee5070ab1877111f6474a30a278032e1f73520ba3a2897b27e37c846cc297,three_row_sha256,40918627f2a8bb8d18ec0e7276f7aa8a0cfd7d615ec080226f79e1e0b1e77964,8b3956404398690bbe02d2f590fbbfce2ca696f3e3b691ed979e35e9b8276d71,8b10f26c63efc1e7b779523080bc9e1215bab2b21d36db41ba7894df17ba36f1,0.2178349532186985,0.22255093790590763,0.2209451049566269,0.6098160520195961,0.14092703349888325,0.7815058343112469,0.17403997480869293,2.367619890719652,0.0,0.0,12.115458026528358,328.6953035276383,1458.3517687860876,68500,68500,,2.793683898093503,,False,False,ok
BNCI2014_001,resampled_spectral_normalized_power_s1,resampled,spectral,normalized_power,3,6398,138,500,500,1.0,22,253,0.0004663209356422832,0.021594465393759654,7.165703363433954,0.7026159398910118,29.73840601089882,29.73840601089882,0.00023548931300774366,2.793683898093503,0.0002930815886691465,0.00014423489658854836,0.0011191132136956338,7.02302315557155e-05,188.24073761048203,5.716247880429664,0.03017952124818757,0.09236224807369398,0.1459989447547685,15851,6c0185240ce5fc37431da964addba361882fe0739891cf8d8755bb0d4374892c,three_row_sha256,c28cac6766ab643cd82c3cba0fc4a87d5101781e08531b3bb4e60b44ed8b28d7,8b3956404398690bbe02d2f590fbbfce2ca696f3e3b691ed979e35e9b8276d71,8b10f26c63efc1e7b779523080bc9e1215bab2b21d36db41ba7894df17ba36f1,0.22289599291980267,0.22290204651653767,0.2254759892821312,0.5529050249606371,0.13147597201168537,0.579184154048562,0.16784807667136192,2.102687256410718,0.0,0.0,12.562821852043271,330.79799078404903,1470.914590638131,69000,69000,,2.793683898093503,,False,False,ok
BNCI2014_001,resampled_spectral_normalized_power_s1,resampled,spectral,normalized_power,3,6398,139,500,500,1.0,22,253,0.0004434183809193961,0.02105750177298808,7.164241630252365,0.702472613132819,29.7527386867181,29.7527386867181,0.00022687601420248035,2.793683898093503,0.00028290420833502344,0.00013563174470729807,0.0009846252964229932,6.602098292655052e-05,188.24073761048203,5.716247880429664,0.03017952124818757,0.09236224807369398,0.1459989447547685,15989,9920ef6a9d2cb081219e8afa66556e4f97809c280c73df821a9ee8468e437ac1,three_row_sha256,8c9c028049319f667c31629c74c2fc206d85d9ab8253b23284eac6b99dfe6f3f,8b3956404398690bbe02d2f590fbbfce2ca696f3e3b691ed979e35e9b8276d71,8b10f26c63efc1e7b779523080bc9e1215bab2b21d36db41ba7894df17ba36f1,0.25320611894130707,0.22506690584123135,0.2380870282649994,0.5874510388821363,0.1374790444970131,0.7803430780768394,0.1757768914103508,2.3974101059138775,0.0,0.0,12.408992974087596,333.1954008899629,1483.3235836122185,69500,69500,,2.793683898093503,,False,False,ok
BNCI2014_001,resampled_spectral_normalized_power_s1,resampled,spectral,normalized_power,3,6398,140,500,500,1.0,22,253,0.0004416872576434759,0.02101635690702544,7.161510910714996,0.7022048589463817,29.77951410536183,29.77951410536183,0.00022664507349014201,2.793683898093503,0.00028644658525316325,0.00013162267476649563,0.0010333207348890345,6.738747889912597e-05,188.24073761048203,5.716247880429664,0.03017952124818757,0.09236224807369398,0.1459989447547685,16128,3bb917f388f1fa184d9ce374af4febdb218301a19819b2dc0bb94e697fc1b2e1,three_row_sha256,1c771d64ee401cbf9469958ace90f6b3532dba7dbfb9f9598c7c91bf6629f91d,8b3956404398690bbe02d2f590fbbfce2ca696f3e3b691ed979e35e9b8276d71,8b10f26c63efc1e7b779523080bc9e1215bab2b21d36db41ba7894df17ba36f1,0.2234161365777254,0.2206659410148859,0.21992996335029602,0.5537660326808691,0.13198214583098888,0.7370500825345516,0.1610151957720518,2.2478254977613688,0.0,0.0,11.749110883101821,335.4432263877243,1495.0726944953203,70000,70000,,2.793683898093503,,False,False,ok
BNCI2014_001,resampled_spectral_normalized_power_s1,resampled,spectral,normalized_power,3,6398,141,500,500,1.0,22,253,0.00046357624430815145,0.021530820799685074,7.174560424401068,0.7034843978637262,29.65156021362738,29.65156021362738,0.0002343924443070757,2.793683898093503,0.0003020742789197556,0.00013651639792748542,0.0012646939861854862,7.268027509648287e-05,188.24073761048203,5.716247880429664,0.03017952124818757,0.09236224807369398,0.1459989447547685,16268,1feb639e7d8c128661d0958fc195dbdbf07c4e4045409405bca88172b4c42e05,three_row_sha256,7606d47510d4444c816c3ca41f5eb2704e0a181aad97d9bf1169313558b0ee24,8b3956404398690bbe02d2f590fbbfce2ca696f3e3b691ed979e35e9b8276d71,8b10f26c63efc1e7b779523080bc9e1215bab2b21d36db41ba7894df17ba36f1,0.23201503790915012,0.23800996132194996,0.22648507729172707,0.5653889384120703,0.1355959102511406,0.7436508312821388,0.17228396609425545,2.3134297225624323,0.0,0.0,11.994651053100824,337.7566561102867,1507.0673455484211,70500,70500,,2.793683898093503,,False,False,ok
BNCI2014_001,resampled_spectral_normalized_power_s1,resampled,spectral,normalized_power,3,6398,142,500,500,1.0,22,253,0.00042414892711286234,0.020594876234463325,7.158658099683953,0.7019251333699454,29.807486663005456,29.807486663005456,0.00021314374356037958,2.793683898093503,0.00028379448716221923,0.0001241720311917202,0.000756978699388725,4.9575673338203525e-05,188.24073761048203,5.716247880429664,0.03017952124818757,0.09236224807369398,0.1459989447547685,16409,0900ddd02653efde14b03f4fae85672723015176747e09ede4147de1d18ce6e6,three_row_sha256,1bcb6c3ed07ab91489b0486d60771b9104c1a2811a2be78fba7779c1d3e0e91c,8b3956404398690bbe02d2f590fbbfce2ca696f3e3b691ed979e35e9b8276d71,8b10f26c63efc1e7b779523080bc9e1215bab2b21d36db41ba7894df17ba36f1,0.24196295998990536,0.2231360413134098,0.22936193272471428,0.5865930579602718,0.13724295422434807,0.7768871728330851,0.1747810747474432,2.3699651937931776,0.0,0.0,12.382058892399073,340.1266213040799,1519.4494044408202,71000,71000,,2.793683898093503,,False,False,ok
BNCI2014_001,resampled_spectral_normalized_power_s1,resampled,spectral,normalized_power,3,6398,143,500,500,1.0,22,253,0.00042989097180623807,0.020733812283471608,7.156902993678959,0.7017530406397887,29.824695936021133,29.824695936021133,0.000217347078266019,2.793683898093503,0.000282214015085136,0.00012815701252511213,0.0008455185684327242,5.738337358887994e-05,188.24073761048203,5.716247880429664,0.03017952124818757,0.09236224807369398,0.1459989447547685,16551,07c94233539a1b51a7a6d7a1bc72f9ecd8ef517fed6ed7972a3062363c53b4a3,three_row_sha256,1164fd693ee22cd9158fb6e5481456293d4ba51e339c32b9e6cdf8037cd46428,8b3956404398690bbe02d2f590fbbfce2ca696f3e3b691ed979e35e9b8276d71,8b10f26c63efc1e7b779523080bc9e1215bab2b21d36db41ba7894df17ba36f1,0.2537360414862633,0.2267099916934967,0.23753312416374683,0.5930960178375244,0.1381048932671547,0.7837549783289433,0.17950916662812233,2.4124442134052515,0.0,0.0,10.616718092933297,342.53906551748514,1530.0661225337535,71500,71500,,2.793683898093503,,False,False,ok
BNCI2014_001,resampled_spectral_normalized_power_s1,resampled,spectral,normalized_power,3,6398,144,500,500,1.0,22,253,0.0004310420629770055,0.020761552518465606,7.137633442871102,0.699863610828721,30.013638917127903,30.013638917127903,0.00022277367246805862,2.793683898093503,0.00028084829056538853,0.000127399622579872,0.0010334872801671291,6.169569183875978e-05,188.240737610482,5.716247880429664,0.03017952124818757,0.09236224807369398,0.1459989447547685,16694,2bc3041ddf826ca76e9339ac7c7cb1d583aba5028506eddd1f9856797a87980c,three_row_sha256,b2284387cb853aa466fffd2f04775a3d88279de4b992a0399bb168e9dc447181,8b3956404398690bbe02d2f590fbbfce2ca696f3e3b691ed979e35e9b8276d71,8b10f26c63efc1e7b779523080bc9e1215bab2b21d36db41ba7894df17ba36f1,0.3540471661835909,0.2519490662962198,0.24212314747273922,0.9549011010676622,0.24086213670670986,0.7818299345672131,0.27713808231055737,3.1028506346046925,0.0,0.0,9.510443080216646,345.64191615208983,1539.5765656139702,72000,72000,,2.793683898093503,,False,False,ok
BNCI2014_001,resampled_spectral_normalized_power_s1,resampled,spectral,normalized_power,3,6398,145,500,500,1.0,22,253,0.0004140238997587581,0.020347577245430428,7.159396636341143,0.701997548819095,29.800245118090494,29.800245118090494,0.00021771899362457023,2.793683898093503,0.00027152318533437493,0.00012150708444865713,0.0009205057706075616,9.089309957157466e-05,188.24073761048203,5.716247880429664,0.03017952124818757,0.09236224807369398,0.1459989447547685,16838,42f00c0f908a9a383ac2da08d32d7db830de9d3628a01effe5aedb6a08895173,three_row_sha256,461cc88017166ffe8c15e49e93d30d01a22ccd2cb17bfd728da1b466240ba0ec,8b3956404398690bbe02d2f590fbbfce2ca696f3e3b691ed979e35e9b8276d71,8b10f26c63efc1e7b779523080bc9e1215bab2b21d36db41ba7894df17ba36f1,0.2293118741363287,0.22155605256557465,0.23455102927982807,0.5644180346280336,0.13311998918652534,1.2752918992191553,0.27802702970802784,2.9362759087234735,0.0,0.0,11.464993003755808,348.5781920608133,1551.041558617726,72500,72500,,2.793683898093503,,False,False,ok
BNCI2014_001,resampled_spectral_normalized_power_s1,resampled,spectral,normalized_power,3,6398,146,500,500,1.0,22,253,0.0004071176415191232,0.020177156427978727,7.158020656271973,0.7018626303776613,29.81373696223387,29.81373696223387,0.00021252890576668206,2.793683898093503,0.0002713290330641986,0.00011734258652078736,0.0008535232313439133,4.651874672450573e-05,188.24073761048203,5.716247880429664,0.03017952124818757,0.09236224807369398,0.1459989447547685,16983,34747a6895bf1215e74485403b0d5868970bd95c813e8fdfb6d7d9031115e689,three_row_sha256,f3f945cd8224e1d837ccea164f9703eb854d248192a3841a6201b760d2f6c5fc,8b3956404398690bbe02d2f590fbbfce2ca696f3e3b691ed979e35e9b8276d71,8b10f26c63efc1e7b779523080bc9e1215bab2b21d36db41ba7894df17ba36f1,0.21146400831639767,0.2201278693974018,0.22631906904280186,0.5503739230334759,0.1320349983870983,0.8040249813348055,0.16055884771049023,2.3049036972224712,0.0,0.0,12.067300966009498,350.8830957580358,1563.1088595837355,73000,73000,,2.793683898093503,,False,False,ok
BNCI2014_001,resampled_spectral_normalized_power_s1,resampled,spectral,normalized_power,3,6398,147,500,500,1.0,22,253,0.0004335516907521684,0.02082190410966702,7.149132596421851,0.700991132883463,29.9008867116537,29.9008867116537,0.00021642111905029028,2.793683898093503,0.0002886242572050243,0.00012838108785208696,0.0008186884694680959,5.613007363324912e-05,188.24073761048203,5.716247880429664,0.03017952124818757,0.09236224807369398,0.1459989447547685,17129,a3c1fc849af6b10c41512027ae5b1be211a40db8f0ec20043d1220de16cb4e75,three_row_sha256,0e6107248d98e453a8b8010185e244aa955a95b034f4f5ef5be3ea29039c096b,8b3956404398690bbe02d2f590fbbfce2ca696f3e3b691ed979e35e9b8276d71,8b10f26c63efc1e7b779523080bc9e1215bab2b21d36db41ba7894df17ba36f1,0.2283640205860138,0.22437097504734993,0.22988207638263702,0.5588340573012829,0.13578101061284542,0.6201670039445162,0.2279970794916153,2.2253962233662605,0.0,0.0,12.522370088845491,353.10849198140204,1575.631229672581,73500,73500,,2.793683898093503,,False,False,ok
BNCI2014_001,resampled_spectral_normalized_power_s1,resampled,spectral,normalized_power,3,6398,148,500,500,1.0,22,253,0.00043537165224762835,0.020865561393061734,7.156183073429211,0.7016824505780364,29.831754942196365,29.831754942196365,0.00021941779217081616,2.793683898093503,0.00029267283132192016,0.0001258818469180768,0.0009461151810977646,6.338515614510398e-05,188.24073761048203,5.716247880429664,0.03017952124818757,0.09236224807369398,0.1459989447547685,17276,90919e9d90f5a9767916d7040ffe7650cb46b79e3903ac1c6fe9dc2196fe3197,three_row_sha256,551f14d9b38be4d53c0eb2e47451d9b83e866b90465aba4405b9025a0c733430,8b3956404398690bbe02d2f590fbbfce2ca696f3e3b691ed979e35e9b8276d71,8b10f26c63efc1e7b779523080bc9e1215bab2b21d36db41ba7894df17ba36f1,0.3667559940367937,0.2541968133300543,0.25194697082042694,0.965875806286931,0.23961486294865608,0.6656849291175604,0.2815329935401678,3.0256083700805902,0.0,0.0,9.695058921352029,356.13410035148263,1585.326288593933,74000,74000,,2.793683898093503,,False,False,ok
BNCI2014_001,resampled_spectral_normalized_power_s1,resampled,spectral,normalized_power,3,6398,149,500,500,1.0,22,253,0.0004391298071562478,0.02095542428957829,7.15285812742509,0.7013564309337271,29.864356906627282,29.864356906627282,0.00022638712545935074,2.793683898093503,0.0002858295142284971,0.00012880918266670383,0.001010904569840283,7.333606836350209e-05,188.24073761048203,5.716247880429664,0.03017952124818757,0.09236224807369398,0.1459989447547685,17424,e726d6aeb87bdad0811e5a690fd98a58d130aa41b8cf55986c3cc4c9453b3a90,three_row_sha256,4aa3b6c30369c7c1b103d37f91e8b655231cf447bc159f2fadaeeb79e591a5c1,8b3956404398690bbe02d2f590fbbfce2ca696f3e3b691ed979e35e9b8276d71,8b10f26c63efc1e7b779523080bc9e1215bab2b21d36db41ba7894df17ba36f1,0.2196519635617733,0.24606497026979923,0.22271694615483284,0.962990103289485,0.23125391453504562,0.5960240960121155,0.27800677344202995,2.7567087672650814,0.0,0.0,10.431305970996618,358.8908091187477,1595.7575945649296,74500,74500,,2.793683898093503,,False,False,ok
BNCI2014_001,resampled_spectral_normalized_power_s1,resampled,spectral,normalized_power,3,6398,150,500,500,1.0,22,253,0.0004696234899663055,0.021670798092509318,7.147949821404642,0.700875158702249,29.9124841297751,29.9124841297751,0.0002355150975185941,2.793683898093503,0.00029318298967789754,0.00014813674127690395,0.0010689838442073248,7.220379849202348e-05,188.24073761048203,5.716247880429665,0.03017952124818757,0.09236224807369398,0.1459989447547685,17573,8184b4562fbfb3fcbe7429ceffdeedcd2aa11a35f7cb2c177a72ddc35666190b,three_row_sha256,57caa6e90b91c87aa27f830dcb0f49a85e58471c623f3d5c0f5347522a8c7e92,8b3956404398690bbe02d2f590fbbfce2ca696f3e3b691ed979e35e9b8276d71,8b10f26c63efc1e7b779523080bc9e1215bab2b21d36db41ba7894df17ba36f1,0.2198438160121441,0.21960493177175522,0.22134208120405674,0.5445298738777637,0.1290678046643734,0.8266530930995941,0.15855906531214714,2.3196006659418344,0.0,0.0,9.061930002644658,361.21040978468955,1604.8195245675743,75000,75000,,2.793683898093503,,False,False,ok
BNCI2014_001,resampled_spectral_normalized_power_s1,resampled,spectral,normalized_power,3,6398,151,500,500,1.0,22,253,0.00044315591866043644,0.021051268813552224,7.136598618942042,0.6997621436383195,30.023785636168054,30.023785636168054,0.0002300144568193407,2.793683898093503,0.0002828484820472758,0.00013533399179750712,0.0012390196684034468,6.264413841743048e-05,188.24073761048203,5.716247880429665,0.03017952124818757,0.09236224807369398,0.1459989447547685,17723,3ce58d8ef08ee5e4902e63574fbee3f4b0f909943771dc59a0673aafcba3a8df,three_row_sha256,91f70b00c0d64efabb68c5f4f402df03405304af0e9d017764d64ad2aae68fd2,8b3956404398690bbe02d2f590fbbfce2ca696f3e3b691ed979e35e9b8276d71,8b10f26c63efc1e7b779523080bc9e1215bab2b21d36db41ba7894df17ba36f1,0.22023683413863182,0.22209505550563335,0.22609089501202106,0.5467701703310013,0.1343900803476572,0.9368201717734337,0.1705670729279518,2.4569702800363302,0.0,0.0,8.749489905312657,363.6673800647259,1613.569014472887,75500,75500,,2.793683898093503,,False,False,ok
BNCI2014_001,resampled_spectral_normalized_power_s1,resampled,spectral,normalized_power,3,6398,152,500,500,1.0,22,253,0.0004429772549206734,0.021047024847247967,7.135383581652768,0.6996430060570232,30.035699394297676,30.035699394297676,0.00021972364740957152,2.793683898093503,0.00029008037917075595,0.00013253310539985193,0.0008859949747799554,7.298169883764629e-05,188.24073761048206,5.716247880429664,0.03017952124818757,0.09236224807369398,0.1459989447547685,17874,25ecbca124d7107f9c9d77c987dd72fad63e446b7716fa92de0e0e456c718c56,three_row_sha256,8e24fc63b6ebd7e7653d676ccab8b937f161a303d729ead16eed2f7cdfc6cf75,8b3956404398690bbe02d2f590fbbfce2ca696f3e3b691ed979e35e9b8276d71,8b10f26c63efc1e7b779523080bc9e1215bab2b21d36db41ba7894df17ba36f1,0.2175190020352602,0.21937699057161808,0.2198170404881239,0.5370790604501963,0.12996792793273926,0.8760658092796803,0.16182404942810535,2.3616498801857233,0.0,0.0,11.30167511291802,366.0290299449116,1624.870689585805,76000,76000,,2.793683898093503,,False,False,ok
BNCI2014_001,resampled_spectral_normalized_power_s1,resampled,spectral,normalized_power,3,6398,153,500,500,1.0,22,253,0.00042390396998266276,0.020588928334973212,7.127696903261772,0.6988893071542904,30.11106928457096,30.11106928457096,0.000215178778648696,2.793683898093503,0.0002798593051920591,0.00012431119715521354,0.0008195170047713264,8.384509019293353e-05,188.240737610482,5.716247880429664,0.03017952124818757,0.09236224807369398,0.1459989447547685,18026,236970c0e1022dffbd77cb8f3278a7e087d76ef2ab2e327618dfbbf18f3e6222,three_row_sha256,7a15c1ee1df9c78c2ac8330d2f7a18cd00016f77c393811537af52e4adb451c0,8b3956404398690bbe02d2f590fbbfce2ca696f3e3b691ed979e35e9b8276d71,8b10f26c63efc1e7b779523080bc9e1215bab2b21d36db41ba7894df17ba36f1,0.24912110529839993,0.2232950646430254,0.23708888329565525,0.5849299486726522,0.1369258388876915,0.5749829579144716,0.17769914120435715,2.184042939916253,0.0,0.0,9.275389835238457,368.21307288482785,1634.1460794210434,76500,76500,,2.793683898093503,,False,False,ok
BNCI2014_001,resampled_spectral_normalized_power_s1,resampled,spectral,normalized_power,3,6398,154,500,500,1.0,22,253,0.00041326411934541906,0.020328898625981168,7.1222084110112185,0.6983511461468328,30.164885385316712,30.164885385316712,0.0002081876470960729,2.793683898093503,0.000279639542076097,0.00012052302541787624,0.000735337521903946,3.8330572800364954e-05,188.24073761048206,5.716247880429664,0.03017952124818757,0.09236224807369398,0.1459989447547685,18179,88343d2ce3205542432f978bc9ff8168224df69def846263d85d56ea98cfe1b6,three_row_sha256,5d9497e98fc7467a69cd940870842d6a2132df69b75ae415c92f5a09f3a33dc9,8b3956404398690bbe02d2f590fbbfce2ca696f3e3b691ed979e35e9b8276d71,8b10f26c63efc1e7b779523080bc9e1215bab2b21d36db41ba7894df17ba36f1,0.22101006470620632,0.23881695233285427,0.23027113638818264,0.5850738380104303,0.13680709525942802,0.6250140722841024,0.17515779472887516,2.212150953710079,0.0,0.0,9.6369250677526,370.42522383853793,1643.783004488796,77000,77000,,2.793683898093503,,False,False,ok
BNCI2014_001,resampled_spectral_normalized_power_s1,resampled,spectral,normalized_power,3,6398,155,500,500,1.0,22,253,0.0004487496761880541,0.021183712521370142,7.129811028391858,0.6990966026478357,30.09033973521643,30.09033973521643,0.00023113290513937054,2.793683898093503,0.0002850186179193942,0.00013684826788294935,0.001133677045021787,5.352272788717986e-05,188.240737610482,5.716247880429665,0.03017952124818757,0.09236224807369398,0.1459989447547685,18333,0ab53409ebb6db5a37b6d3fe2fa82dbe228a2641d291a56916f885b72c5ab8c2,three_row_sha256,a5e29045ff5db876f474f82ee2aa6d502573f42eafbf3619afd5b630bf73b45d,8b3956404398690bbe02d2f590fbbfce2ca696f3e3b691ed979e35e9b8276d71,8b10f26c63efc1e7b779523080bc9e1215bab2b21d36db41ba7894df17ba36f1,0.2270860131829977,0.22067385725677013,0.23110909387469292,0.5675021093338728,0.13380800373852253,1.0446428786963224,0.16730185598134995,2.5921238120645285,0.0,0.0,9.470401098951697,373.01734765060246,1653.2534055877477,77500,77500,,2.793683898093503,,False,False,ok
BNCI2014_001,resampled_spectral_normalized_power_s1,resampled,spectral,normalized_power,3,6398,156,500,500,1.0,22,253,0.00042695539570068426,0.02066289901491764,7.124471259769409,0.6985730243807521,30.142697561924795,30.142697561924795,0.00021341087282996936,2.793683898093503,0.0002902363473171819,0.00012105645527250001,0.0008111103433699579,7.576311233651995e-05,188.240737610482,5.716247880429664,0.03017952124818757,0.09236224807369398,0.1459989447547685,18488,4056ff5f5a63cd8d350f039bc1faf9ece80c6c740ec5c2251e177ec71b65e783,three_row_sha256,ad229b7fee8ec8a9720bec7431bf0698c7a98e6017daa9b263afa476c9be9e0c,8b3956404398690bbe02d2f590fbbfce2ca696f3e3b691ed979e35e9b8276d71,8b10f26c63efc1e7b779523080bc9e1215bab2b21d36db41ba7894df17ba36f1,0.21761306561529636,0.21986686624586582,0.22245501168072224,0.554101075977087,0.1298380084335804,0.9419519919902086,0.16037398017942905,2.4462000001221895,0.0,0.0,9.215716971084476,375.46354765072465,1662.4691225588322,78000,78000,,2.793683898093503,,False,False,ok
BNCI2014_001,resampled_spectral_normalized_power_s1,resampled,spectral,normalized_power,3,6398,157,500,500,1.0,22,253,0.0004264451690970676,0.020650548881254165,7.1185040211523996,0.6979879210410241,30.20120789589758,30.20120789589758,0.00022032259672041655,2.793683898093503,0.0002775228125055359,0.0001268947025488888,0.000902509916100808,5.8656573825569894e-05,188.240737610482,5.716247880429664,0.03017952124818757,0.09236224807369398,0.1459989447547685,18644,f7aa1e129bdcd4c51ca79ac0961bac86386e863ab02cc808b072c848b820ab23,three_row_sha256,fb823a6d67f9be668e4a5a53d3391ea021c4ddf218068f12b359e2ba78a1f519,8b3956404398690bbe02d2f590fbbfce2ca696f3e3b691ed979e35e9b8276d71,8b10f26c63efc1e7b779523080bc9e1215bab2b21d36db41ba7894df17ba36f1,0.2148258499801159,0.21941098384559155,0.2199411392211914,0.5468979943543673,0.12907595373690128,0.9472731035202742,0.16311509534716606,2.4405401200056076,0.0,0.0,8.724287152290344,377.90408777073026,1671.1934097111225,78500,78500,,2.793683898093503,,False,False,ok
BNCI2014_001,resampled_spectral_normalized_power_s1,resampled,spectral,normalized_power,3,6398,158,500,500,1.0,22,253,0.00042206148289029714,0.020544134999807052,7.12382409193522,0.6985095678834587,30.14904321165412,30.14904321165412,0.00021816039726216114,2.793683898093503,0.0002813147909404371,0.00012157311673162579,0.0009666998567940396,6.472135317962483e-05,188.24073761048203,5.716247880429664,0.03017952124818757,0.09236224807369398,0.1459989447547685,18801,f568bec2d70d70f5685dfb38c2cb1f1a78d5869707121ba64591905ceb42e128,three_row_sha256,4c5392c01bedafc482ccff2d33090005f7544ed40a78459917bb05ecb0e5f845,8b3956404398690bbe02d2f590fbbfce2ca696f3e3b691ed979e35e9b8276d71,8b10f26c63efc1e7b779523080bc9e1215bab2b21d36db41ba7894df17ba36f1,0.25532208383083344,0.23635709658265114,0.23052701726555824,0.6721990648657084,0.15191291458904743,0.6256159394979477,0.193367013707757,2.3653011303395033,0.0,0.0,9.93250496685505,380.26938890106976,1681.1259146779776,79000,79000,,2.793683898093503,,False,False,ok
BNCI2014_001,resampled_spectral_normalized_power_s1,resampled,spectral,normalized_power,3,6398,159,500,500,1.0,22,253,0.0004337917309824667,0.020827667439789477,7.107399937309176,0.6968991366034841,30.31008633965158,30.31008633965158,0.00021587212554156112,2.793683898093503,0.00029020474839458,0.00012658904157389754,0.000797947491313504,7.503460051190724e-05,188.240737610482,5.716247880429664,0.03017952124818757,0.09236224807369398,0.1459989447547685,18959,03762b508c4b0d359fa2a9fc9f22547c6ef37c090e9b63db495371505129e51d,three_row_sha256,bdb8c1e74f2a8ee18aa69dba8c96a0cd4809f5e3c4790068179652519fb9f68b,8b3956404398690bbe02d2f590fbbfce2ca696f3e3b691ed979e35e9b8276d71,8b10f26c63efc1e7b779523080bc9e1215bab2b21d36db41ba7894df17ba36f1,0.22758287377655506,0.2235020510852337,0.22754305973649025,0.5576370749622583,0.134587986394763,0.7564860861748457,0.16920408234000206,2.296543214470148,0.0,0.0,9.210550924763083,382.5659321155399,1690.3364656027406,79500,79500,,2.793683898093503,,False,False,ok
BNCI2014_001,resampled_spectral_normalized_power_s1,resampled,spectral,normalized_power,3,6398,160,500,500,1.0,22,253,0.00040583554869406393,0.020145360475654534,7.096438884526953,0.6958243767352378,30.41756232647622,30.41756232647622,0.00020949904682200784,2.793683898093503,0.0002688920822463472,0.00011995792725582577,0.0007441804865515747,6.391517681025647e-05,188.240737610482,5.716247880429664,0.03017952124818757,0.09236224807369398,0.1459989447547685,19118,7ee8f3d02f2dc15d07236cc5e65c7280cb07b2b8b758c3bf3ca131b7e2cb0e5a,three_row_sha256,069500e646f5c44ae6e361f13c8a735cdc3b9aa8d61b01933b76cb6944a7edf4,8b3956404398690bbe02d2f590fbbfce2ca696f3e3b691ed979e35e9b8276d71,8b10f26c63efc1e7b779523080bc9e1215bab2b21d36db41ba7894df17ba36f1,0.2167790662497282,0.21950784139335155,0.2189050428569317,0.5462800618261099,0.13222103007137775,0.6996691226959229,0.16142986714839935,2.1947920322418213,0.0,0.0,9.023179998621345,384.76072414778173,1699.359645601362,80000,80000,,2.793683898093503,,False,False,ok
BNCI2014_001,resampled_spectral_normalized_power_s1,resampled,spectral,normalized_power,3,6398,161,500,500,1.0,22,253,0.000423804014266125,0.020586500777599992,7.092848982113354,0.6954723774226066,30.452762257739334,30.452762257739334,0.00021361548220596863,2.793683898093503,0.00028856225204410154,0.00011942367417579619,0.0008258518321021732,6.107284288344708e-05,188.24073761048203,5.716247880429664,0.03017952124818757,0.09236224807369398,0.1459989447547685,19278,2253738d80b56a6cbb63aa79c6a30254a17e92e5d4791d824618ce01e5f096e1,three_row_sha256,858ae71488a7d10b5d8593652c0547f78bec2aaced31d10e155f7c72f2a801d4,8b3956404398690bbe02d2f590fbbfce2ca696f3e3b691ed979e35e9b8276d71,8b10f26c63efc1e7b779523080bc9e1215bab2b21d36db41ba7894df17ba36f1,0.2155420370399952,0.2273540012538433,0.22071111015975475,0.5416951607912779,0.13032997958362103,0.6939759477972984,0.16176211647689342,2.191370353102684,0.0,0.0,8.405995788052678,386.9520945008844,1707.7656413894147,80500,80500,,2.793683898093503,,False,False,ok
BNCI2014_001,resampled_spectral_normalized_power_s1,resampled,spectral,normalized_power,3,6398,162,500,500,1.0,22,253,0.00042780562607676987,0.020683462622993518,7.082932498841415,0.6945000403244675,30.549995967553247,30.549995967553247,0.00021504417180239133,2.793683898093503,0.0002838757851337273,0.00012749644675813952,0.0008731859931584644,7.977815112118004e-05,188.24073761048203,5.716247880429664,0.03017952124818757,0.09236224807369398,0.1459989447547685,19439,f1a1750dc19477afd53e23cf958f8ba24fe16a46f3b5c597314ab056ac2bb6d0,three_row_sha256,2f3d7a1a8ca2c7deea634e6ef52a819967a6a8261345eb0e881653fbff7c94a5,8b3956404398690bbe02d2f590fbbfce2ca696f3e3b691ed979e35e9b8276d71,8b10f26c63efc1e7b779523080bc9e1215bab2b21d36db41ba7894df17ba36f1,0.20499504171311855,0.2189988736063242,0.21700700744986534,0.5308659747242928,0.12824288569390774,0.5960131529718637,0.15902891755104065,2.055151853710413,0.0,0.0,9.306464111432433,389.0072463545948,1717.072105500847,81000,81000,,2.793683898093503,,False,False,ok
BNCI2014_001,resampled_spectral_normalized_power_s1,resampled,spectral,normalized_power,3,6398,163,500,500,1.0,22,253,0.0004177320946668726,0.02043849541103436,7.090218648637055,0.6952144663517817,30.47855336482182,30.47855336482182,0.00021495710215902977,2.793683898093503,0.0002754690024316375,0.00012261529784783357,0.0008542663638885654,8.401296657271266e-05,188.240737610482,5.716247880429664,0.03017952124818757,0.09236224807369398,0.1459989447547685,19601,2eced1dd749041371a1f20930d59bfebe27ebc7339c89d6acd8dc178022ecc73,three_row_sha256,50fccd90b9e1405479b90afcd5c6c29c0a8f67f157fc7c6356b88737ecbb3cc0,8b3956404398690bbe02d2f590fbbfce2ca696f3e3b691ed979e35e9b8276d71,8b10f26c63efc1e7b779523080bc9e1215bab2b21d36db41ba7894df17ba36f1,0.20866398699581623,0.2206140197813511,0.22007501684129238,0.5398821085691452,0.13012485578656197,0.5927348975092173,0.1685589086264372,2.0806537941098213,0.0,0.0,9.005650179460645,391.08790014870465,1726.0777556803077,81500,81500,,2.793683898093503,,False,False,ok
BNCI2014_001,resampled_spectral_normalized_power_s1,resampled,spectral,normalized_power,3,6398,164,500,500,1.0,22,253,0.0004222423796098664,0.02054853716471969,7.084935447005759,0.6946964346259991,30.530356537400092,30.530356537400092,0.0002172603887821431,2.793683898093503,0.0002802750970794535,0.00012199611690278113,0.0008951351639683259,6.029116634231291e-05,188.24073761048203,5.716247880429664,0.03017952124818757,0.09236224807369398,0.1459989447547685,19764,87a2d4150709083c2b748b005e7ec45005496a5e6d2a0bb5f2ab6252d7d72c57,three_row_sha256,a26002bc8fdca144b61330ea1218c004059d66f09702599228314b8eab3d48d4,8b3956404398690bbe02d2f590fbbfce2ca696f3e3b691ed979e35e9b8276d71,8b10f26c63efc1e7b779523080bc9e1215bab2b21d36db41ba7894df17ba36f1,0.25172089226543903,0.22599403746426105,0.23961090482771397,0.5902538541704416,0.13716588728129864,0.767590943723917,0.21850503981113434,2.4308415595442057,0.0,0.0,9.694160893559456,393.51874170824885,1735.7719165738672,82000,82000,,2.793683898093503,,False,False,ok
BNCI2014_001,resampled_spectral_normalized_power_s1,resampled,spectral,normalized_power,3,6398,165,500,500,1.0,22,253,0.0004614416386999328,0.021481192674056362,7.087760492629295,0.6949734377316739,30.502656226832617,30.502656226832617,0.00023731507917710832,2.7936838980935033,0.00029201946433310395,0.00013992554422024138,0.0012724040357543517,5.618103215671579e-05,188.240737610482,5.716247880429664,0.03017952124818757,0.09236224807369398,0.1459989447547685,19928,ead8ff4a1833dfc7b9a059512042b67c032bdf269fcc49406a3464554d2c8e16,three_row_sha256,5e033bc84a57ba65635062fcce7b61274947fe098cb86d8929d9f33aa1ceb25c,8b3956404398690bbe02d2f590fbbfce2ca696f3e3b691ed979e35e9b8276d71,8b10f26c63efc1e7b779523080bc9e1215bab2b21d36db41ba7894df17ba36f1,0.2839230000972748,0.22501591593027115,0.23408280685544014,0.6135851144790649,0.14128396287560463,0.5698760505765676,0.17619808204472065,2.243964932858944,0.0,0.0,9.236040990799665,395.7627066411078,1745.0079575646669,82500,82500,,2.793683898093503,,False,False,ok
BNCI2014_001,resampled_spectral_normalized_power_s1,resampled,spectral,normalized_power,3,6398,166,500,500,1.0,22,253,0.0004202839207071095,0.020500827317625734,7.0689703260860215,0.6931310128004549,30.68689871995452,30.68689871995452,0.00021099203313951955,2.793683898093503,0.0002816064155878237,0.0001240403287333263,0.0007721530099759984,5.871611880034087e-05,188.24073761048203,5.716247880429664,0.03017952124818757,0.09236224807369398,0.1459989447547685,20093,eb48479cfbc15126825ab1d87fe3e857a214d08a653745178d564a4f870abc60,three_row_sha256,c4121c857d35db95b181a77419c5fbe40d569eb7f2c0ab96d57fe98066a46b9a,8b3956404398690bbe02d2f590fbbfce2ca696f3e3b691ed979e35e9b8276d71,8b10f26c63efc1e7b779523080bc9e1215bab2b21d36db41ba7894df17ba36f1,0.21712807938456535,0.22142380475997925,0.2203888725489378,0.5653479602187872,0.16015884466469288,0.5402499809861183,0.16437401063740253,2.0890715532004833,0.0,0.0,8.605442009866238,397.8517781943083,1753.613399574533,83000,83000,,2.793683898093503,,False,False,ok
BNCI2014_001,resampled_spectral_normalized_power_s1,resampled,spectral,normalized_power,3,6398,167,500,500,1.0,22,253,0.00043385819975637823,0.020829263063209372,7.0623856576542225,0.692485368853946,30.751463114605404,30.751463114605404,0.00021582384650405554,2.793683898093503,0.0002908017020949957,0.00012681594239426577,0.0007901477313985191,7.496123999856734e-05,188.24073761048203,5.716247880429664,0.03017952124818757,0.09236224807369398,0.1459989447547685,20259,5153adfd7fd0dd3d91f23c9fcf45617df6bbe5c4ba98bab8904995f2ef06d431,three_row_sha256,0bf151ab0426a333c87d6a9b9ac068efe48ed46031ed396c51b1caf47779f05b,8b3956404398690bbe02d2f590fbbfce2ca696f3e3b691ed979e35e9b8276d71,8b10f26c63efc1e7b779523080bc9e1215bab2b21d36db41ba7894df17ba36f1,0.21533900871872902,0.22246292792260647,0.2197478897869587,0.5474381614476442,0.14070910401642323,0.5325551610440016,0.16308994963765144,2.0413422025740147,0.0,0.0,8.584388066083193,399.8931203968823,1762.1977876406163,83500,83500,,2.793683898093503,,False,False,ok
BNCI2014_001,resampled_spectral_normalized_power_s1,resampled,spectral,normalized_power,3,6398,168,500,500,1.0,22,253,0.00040829449418325065,0.020206298379051288,7.042501255441901,0.6905356512559675,30.946434874403252,30.946434874403252,0.00021088728042803582,2.793683898093503,0.0002745259328862121,0.00011632351439751432,0.0008221607869344893,9.105894176496002e-05,188.24073761048203,5.716247880429664,0.03017952124818757,0.09236224807369398,0.1459989447547685,20426,16e42046441edb5eadf11cd9eea7f15833e2a1b3d9c9c03275995342f0aed37e,three_row_sha256,00d7def3fc3c4784b00e3999e6da7d6270c763874b24bbb0bae622f9599d2dd4,8b3956404398690bbe02d2f590fbbfce2ca696f3e3b691ed979e35e9b8276d71,8b10f26c63efc1e7b779523080bc9e1215bab2b21d36db41ba7894df17ba36f1,0.22503104992210865,0.22367294877767563,0.2276478335261345,0.5551590584218502,0.13341405428946018,0.5494360812008381,0.16982899978756905,2.0841900259256363,0.0,0.0,9.015687042847276,401.97731042280793,1771.2134746834636,84000,84000,,2.793683898093503,,False,False,ok
BNCI2014_001,resampled_spectral_normalized_power_s1,resampled,spectral,normalized_power,3,6398,169,500,500,1.0,22,253,0.00041466646845535594,0.02036336093220753,7.0479449672730965,0.6910694214262887,30.89305785737114,30.89305785737114,0.00021116146159400566,2.793683898093503,0.00027701645254817617,0.0001230833975135619,0.00083919657428464,5.4867859410407376e-05,188.24073761048206,5.716247880429664,0.03017952124818757,0.09236224807369398,0.1459989447547685,20594,cb77c6f3db41f17d65008dfd72de4a9491ced09fad04a2bf6dc505fb1c031641,three_row_sha256,31eb841fd7898ba200983765aed4b53d01fa13408351cd830f0ed19a67b74391,8b3956404398690bbe02d2f590fbbfce2ca696f3e3b691ed979e35e9b8276d71,8b10f26c63efc1e7b779523080bc9e1215bab2b21d36db41ba7894df17ba36f1,0.21766498684883118,0.22217212244868279,0.22281496785581112,0.5601311568170786,0.13349601067602634,0.5393309984356165,0.18196692690253258,2.077577169984579,0.0,0.0,9.4001239631325,404.0548875927925,1780.613598646596,84500,84500,,2.793683898093503,,False,False,ok
BNCI2014_001,resampled_spectral_normalized_power_s1,resampled,spectral,normalized_power,3,6398,170,500,500,1.0,22,253,0.0004349345129679136,0.020855083624093038,7.04054750225774,0.6903440806507971,30.965591934920287,30.965591934920287,0.00022306342442469034,2.793683898093503,0.0002823379223940714,0.00013084400843041232,0.001064680570754325,6.399783688683543e-05,188.24073761048203,5.716247880429664,0.03017952124818757,0.09236224807369398,0.1459989447547685,20763,66cb0765b09a6678773cce29cac307918333d3116fc030073d68728273b73fb1,three_row_sha256,45cd03f309dd32a17b59d972e805bdae5ce70d21a097b5f38979ccb54e9337b1,8b3956404398690bbe02d2f590fbbfce2ca696f3e3b691ed979e35e9b8276d71,8b10f26c63efc1e7b779523080bc9e1215bab2b21d36db41ba7894df17ba36f1,0.26102992706000805,0.2316921018064022,0.23999903351068497,0.6719629745930433,0.15181791968643665,0.685795908793807,0.2030299510806799,2.445327816531062,0.0,0.0,9.517190046608448,406.5002154093236,1790.1307886932045,85000,85000,,2.793683898093503,,False,False,ok
BNCI2014_001,resampled_spectral_normalized_power_s1,resampled,spectral,normalized_power,3,6398,171,500,500,1.0,22,253,0.0004459809061126256,0.021118260016218797,7.032135057121806,0.6895192184221808,31.048078157781926,31.048078157781926,0.00022634058531227402,2.793683898093503,0.00028793991959579445,0.0001332217683826731,0.0010280489476782637,6.162917177180386e-05,188.240737610482,5.716247880429664,0.03017952124818757,0.09236224807369398,0.1459989447547685,20933,d1d072c974c4e816d256f523f05c350dc9511b33d11dde3a0434554d9459d6d9,three_row_sha256,3c2a473869a21f55020e2c11969443ac6a8bc930f50e0f312835e06fedafdcb7,8b3956404398690bbe02d2f590fbbfce2ca696f3e3b691ed979e35e9b8276d71,8b10f26c63efc1e7b779523080bc9e1215bab2b21d36db41ba7894df17ba36f1,0.23416290059685707,0.22394000552594662,0.22615306079387665,0.5753249861299992,0.1350129023194313,0.6159180775284767,0.16700406558811665,2.177515998482704,0.0,0.0,9.383440017700195,408.6777314078063,1799.5142287109047,85500,85500,,2.793683898093503,,False,False,ok
BNCI2014_001,resampled_spectral_normalized_power_s1,resampled,spectral,normalized_power,3,6398,172,500,500,1.0,22,253,0.00042512748217773445,0.020618619793228994,7.0137194604913695,0.6877135210497253,31.228647895027475,31.228647895027475,0.00021522101630677755,2.793683898093503,0.0002823256136770331,0.0001267028987027144,0.0007758155572076835,6.472783717465874e-05,188.240737610482,5.716247880429665,0.03017952124818757,0.09236224807369398,0.1459989447547685,21104,87adf1b96295e0e07d17f1ecae0484cb162919be4e6b0a400b170c5d8aa696d7,three_row_sha256,187281bbec55f962774ebaa79313396be303616b06f621898ddf7009fd9de210,8b3956404398690bbe02d2f590fbbfce2ca696f3e3b691ed979e35e9b8276d71,8b10f26c63efc1e7b779523080bc9e1215bab2b21d36db41ba7894df17ba36f1,0.2134540118277073,0.22148992866277695,0.2214931882917881,0.5542552098631859,0.13466295786201954,0.5334299057722092,0.17498387023806572,2.0537690725177526,0.0,0.0,8.827773155644536,410.73150048032403,1808.3420018665493,86000,86000,,2.793683898093503,,False,False,ok
BNCI2014_001,resampled_spectral_normalized_power_s1,resampled,spectral,normalized_power,3,6398,173,500,500,1.0,22,253,0.00041995435434401176,0.0204927878616847,7.027935485384135,0.6891074394391628,31.089256056083727,31.089256056083727,0.00021913590818848684,2.7936838980935024,0.0002712369461719869,0.00012594459604556074,0.000986284970902258,6.317346058540121e-05,188.240737610482,5.716247880429664,0.03017952124818757,0.09236224807369398,0.1459989447547685,21276,395039c962278fd02fef8c743b6ec36cda3ca36e6c0d952124e07cd77fd98627,three_row_sha256,a3b9ddbf732bc3d302f809f573ed0da08a359ad663bcbfca18de7b99895d1dce,8b3956404398690bbe02d2f590fbbfce2ca696f3e3b691ed979e35e9b8276d71,8b10f26c63efc1e7b779523080bc9e1215bab2b21d36db41ba7894df17ba36f1,0.22301706485450268,0.22340286523103714,0.2252210397273302,0.5686350632458925,0.13583688996732235,0.5377070046961308,0.17477013170719147,2.088590059429407,0.0,0.0,8.315038867294788,412.82009053975344,1816.657040733844,86500,86500,,2.793683898093503,,False,False,ok
BNCI2014_001,resampled_spectral_normalized_power_s1,resampled,spectral,normalized_power,3,6398,174,500,500,1.0,22,253,0.00041015803954965265,0.020252358863837385,7.042921997889054,0.6905769061523768,30.942309384762325,30.942309384762325,0.00021184471467111353,2.793683898093503,0.00027893887718323415,0.00011676261455700747,0.0008079514704464886,5.6797306335969603e-05,188.24073761048203,5.716247880429664,0.03017952124818757,0.09236224807369398,0.1459989447547685,21449,7fe8b63ca912a38b7608c5af0865d3b794f78876d9d5fee934f3eb487dc74739,three_row_sha256,ff8772c7983c0b4e7ef8a34e8c6103636ed6273b8aa06acd6dbc597e26101603,8b3956404398690bbe02d2f590fbbfce2ca696f3e3b691ed979e35e9b8276d71,8b10f26c63efc1e7b779523080bc9e1215bab2b21d36db41ba7894df17ba36f1,0.2751201391220093,0.2248960081487894,0.22690021432936192,0.5481739062815905,0.13834098353981972,0.5284619983285666,0.1623108983039856,2.104204148054123,0.0,0.0,9.012146154418588,414.92429468780756,1825.6691868882626,87000,87000,,2.793683898093503,,False,False,ok
BNCI2014_001,resampled_spectral_normalized_power_s1,resampled,spectral,normalized_power,3,6398,175,500,500,1.0,22,253,0.00040780229321691697,0.020194115311568294,7.0349409775109,0.6897943462486413,31.020565375135867,31.020565375135867,0.00021015236998766512,2.793683898093503,0.00026877332610996985,0.00012209755602842143,0.0007638095581792664,6.617592464651739e-05,188.240737610482,5.716247880429664,0.03017952124818757,0.09236224807369398,0.1459989447547685,21623,1d2a6747a3b3ba570900a7cd9ad5971c86726f0c9632f65ff75903a7da0eba8b,three_row_sha256,08379b2f68e9041bd5ba2ab12a8abf6550047ec57e0b486ef7a62d85e0c7e837,8b3956404398690bbe02d2f590fbbfce2ca696f3e3b691ed979e35e9b8276d71,8b10f26c63efc1e7b779523080bc9e1215bab2b21d36db41ba7894df17ba36f1,0.21076691336929798,0.22139493376016617,0.22011715918779373,0.5735841114073992,0.1357230357825756,0.523712020367384,0.17452705651521683,2.0598252303898335,0.0,0.0,9.507262846454978,416.9841199181974,1835.1764497347176,87500,87500,,2.793683898093503,,False,False,ok
BNCI2014_001,resampled_spectral_normalized_power_s1,resampled,spectral,normalized_power,3,6398,176,500,500,1.0,22,253,0.00043973109513794587,0.02096976621562448,7.041648685281947,0.6904520545238845,30.954794547611552,30.954794547611552,0.00022165763646011096,2.793683898093503,0.0002877188580583907,0.00013100943156582365,0.0009316314455153857,6.877914451767436e-05,188.240737610482,5.716247880429664,0.03017952124818757,0.09236224807369398,0.1459989447547685,21798,a873a4d0507e3293f61788adfbd3ad0ecc1336be380cea394fd244d8f80e5b1c,three_row_sha256,dc43813e8f3323ae2b4014a9f445a82a74fbe8f6bcdc200beb45b6a2035a8432,8b3956404398690bbe02d2f590fbbfce2ca696f3e3b691ed979e35e9b8276d71,8b10f26c63efc1e7b779523080bc9e1215bab2b21d36db41ba7894df17ba36f1,0.21209591068327427,0.22780289873480797,0.22215000353753567,0.6692651659250259,0.14983606524765491,0.7362519390881062,0.20522414706647396,2.422626130282879,0.0,0.0,10.245168814435601,419.4067460484803,1845.4216185491532,88000,88000,,2.793683898093503,,False,False,ok
BNCI2014_001,resampled_spectral_normalized_power_s1,resampled,spectral,normalized_power,3,6398,177,500,500,1.0,22,253,0.00043296887040431117,0.02080790403679119,7.033913695294453,0.6896936185428691,31.03063814571308,31.03063814571308,0.00022342025504698112,2.793683898093503,0.00027861441063335403,0.00013044175952394078,0.0010255493460702826,6.255052183058321e-05,188.24073761048203,5.716247880429664,0.03017952124818757,0.09236224807369398,0.1459989447547685,21974,390e1b74004745cacc86df4e111e39e5141119d356c280b203ec27fcbaa58d92,three_row_sha256,b96de8e75eae36af6cf6e83aec5827b818e24ac070a58411ea7bccc950f8636b,8b3956404398690bbe02d2f590fbbfce2ca696f3e3b691ed979e35e9b8276d71,8b10f26c63efc1e7b779523080bc9e1215bab2b21d36db41ba7894df17ba36f1,0.22152205929160118,0.22357585839927197,0.2232319675385952,0.5503331776708364,0.1425459049642086,0.7286849431693554,0.18067611381411552,2.2705700248479843,0.0,0.0,8.978389902040362,421.67731607332826,1854.4000084511936,88500,88500,,2.793683898093503,,False,False,ok
BNCI2014_001,resampled_spectral_normalized_power_s1,resampled,spectral,normalized_power,3,6398,178,500,500,1.0,22,253,0.0004457597829761529,0.02111302401306248,7.024795185099455,0.6887995247901529,31.12004752098471,31.12004752098471,0.00021871812175947762,2.793683898093503,0.0002938254171163884,0.00013556595556437636,0.0007961162055061408,5.189393558985717e-05,188.24073761048203,5.716247880429664,0.03017952124818757,0.09236224807369398,0.1459989447547685,22151,ea74c22b582dacbde284da30f9f127ce695f09ab75b0cccb179f9f33fa3cbaf0,three_row_sha256,1ca299ca9524448363b68f4d9f2fcf4341de9e96987148950effe4934d4908a6,8b3956404398690bbe02d2f590fbbfce2ca696f3e3b691ed979e35e9b8276d71,8b10f26c63efc1e7b779523080bc9e1215bab2b21d36db41ba7894df17ba36f1,0.21608895622193813,0.22047804668545723,0.21890201605856419,0.5510610062628984,0.13125804252922535,0.5282878410071135,0.16479287296533585,2.0308687817305326,0.0,0.0,8.589780190959573,423.7081848550588,1862.9897886421531,89000,89000,,2.793683898093503,,False,False,ok
BNCI2014_001,resampled_spectral_normalized_power_s1,resampled,spectral,normalized_power,3,6398,179,500,500,1.0,22,253,0.0004257540732168593,0.020633808984694496,7.017130356852306,0.688047968351122,31.195203164887793,31.195203164887793,0.0002211923521159522,2.793683898093503,0.00027404799356624493,0.00012732613442827397,0.0009291481950239852,7.149978456326589e-05,188.240737610482,5.716247880429664,0.03017952124818757,0.09236224807369398,0.1459989447547685,22329,3f9d141a37c7ea51b3bd401634141f3f74d0fec0cb8b15aca9bf6222e71ef50a,three_row_sha256,eea0465b349b783ebeadccc5edbeff34ef32bbbd3a0fd8554f3f08207b5c02fb,8b3956404398690bbe02d2f590fbbfce2ca696f3e3b691ed979e35e9b8276d71,8b10f26c63efc1e7b779523080bc9e1215bab2b21d36db41ba7894df17ba36f1,0.20992313511669636,0.2220261376351118,0.2265509683638811,0.5466390866786242,0.13221707195043564,0.5195760168135166,0.1731019001454115,2.030034316703677,0.0,0.0,9.492433164268732,425.73821917176247,1872.4822218064219,89500,89500,,2.793683898093503,,False,False,ok
BNCI2014_001,resampled_spectral_normalized_power_s1,resampled,spectral,normalized_power,3,6398,180,500,500,1.0,22,253,0.00042064367234282893,0.0205095995168806,6.9912648608669,0.6855117888791568,31.448821112084318,31.448821112084318,0.0002168627169311292,2.793683898093503,0.0002827860026335787,0.00011993531942315928,0.0009090637632230344,6.500120840417972e-05,188.24073761048203,5.716247880429664,0.03017952124818757,0.09236224807369398,0.1459989447547685,22508,4d4d93a994d7648d31399fc08905edbdf557c77c051aa16f0382b94a5b7bb3fa,three_row_sha256,6e71e714a6985bd74291138d76036c4dc8e54626602bd39bd7182a92aa2ee19e,8b3956404398690bbe02d2f590fbbfce2ca696f3e3b691ed979e35e9b8276d71,8b10f26c63efc1e7b779523080bc9e1215bab2b21d36db41ba7894df17ba36f1,0.23303600028157234,0.22565084509551525,0.23032096214592457,0.5842670798301697,0.1374229323118925,0.5540689453482628,0.18973997794091702,2.154506742954254,0.0,0.0,8.879072032868862,427.8927259147167,1881.3612938392907,90000,90000,,2.793683898093503,,False,False,ok
BNCI2014_001,resampled_spectral_normalized_power_s1,resampled,spectral,normalized_power,3,6398,181,500,500,1.0,22,253,0.00041839664571170993,0.02045474628812858,7.006310899952058,0.6869870923291156,31.301290767088442,31.301290767088442,0.00020982833376344964,2.793683898093503,0.0002824314091201825,0.0001234424685678812,0.0007207949374582827,7.642385711416822e-05,188.240737610482,5.716247880429664,0.03017952124818757,0.09236224807369398,0.1459989447547685,22688,255ab6c4a4ae2140f83398091a1abeb17a17d21ecc3b86cf456c3f98a28e6102,three_row_sha256,9384e6795ed60cf851ce75bca5809c69234bab41aecbec1edd7ab41e21510bef,8b3956404398690bbe02d2f590fbbfce2ca696f3e3b691ed979e35e9b8276d71,8b10f26c63efc1e7b779523080bc9e1215bab2b21d36db41ba7894df17ba36f1,0.2272338606417179,0.2415180206298828,0.2237951848655939,0.9157930035144091,0.13976986519992352,0.7769688963890076,0.18569291569292545,2.7107717469334602,0.0,0.0,10.207999963313341,430.6034976616502,1891.569293802604,90500,90500,,2.793683898093503,,False,False,ok
BNCI2014_001,resampled_spectral_normalized_power_s1,resampled,spectral,normalized_power,3,6398,182,500,500,1.0,22,253,0.000422423955784758,0.02055295491613695,7.000688529448199,0.6864358042090767,31.356419579092332,31.356419579092332,0.0002173749744064977,2.793683898093503,0.00027775416834419195,0.00012503728753594144,0.0009488828672150118,6.377788279700672e-05,188.24073761048203,5.716247880429664,0.03017952124818757,0.09236224807369398,0.1459989447547685,22869,5905eab4cbd9a391e7acd8f3a9e1cb93928543cca3eee3212cbd3457ad234c5c,three_row_sha256,bfa9241b47f4596c316abaedb2d25578fbf5e31da264d7363638d20e650c1ba2,8b3956404398690bbe02d2f590fbbfce2ca696f3e3b691ed979e35e9b8276d71,8b10f26c63efc1e7b779523080bc9e1215bab2b21d36db41ba7894df17ba36f1,0.2557528205215931,0.22805598564445972,0.23832684382796288,0.6371489726006985,0.14199991710484028,0.6201800424605608,0.17637782730162144,2.2978424094617367,0.0,0.0,9.429689962416887,432.9013400711119,1900.998983765021,91000,91000,,2.793683898093503,,False,False,ok
BNCI2014_001,resampled_spectral_normalized_power_s1,resampled,spectral,normalized_power,3,6398,183,500,500,1.0,22,253,0.0004282708495980956,0.02069470583502205,7.018377246114569,0.6881702291016041,31.182977089839596,31.182977089839596,0.0002183107219942196,2.793683898093503,0.00028035304457927013,0.00012817076751623404,0.0008608422581565296,6.130801819814727e-05,188.24073761048203,5.716247880429664,0.03017952124818757,0.09236224807369398,0.1459989447547685,23051,f3e5976f4b8a39fbe7eb7d1f0d75b5831ecee938fa6240113afa33fb24f89dd1,three_row_sha256,35a31fddd000223bbc84a435627a3c4de2de3c898585eeecfbc5cd02fc7f24b3,8b3956404398690bbe02d2f590fbbfce2ca696f3e3b691ed979e35e9b8276d71,8b10f26c63efc1e7b779523080bc9e1215bab2b21d36db41ba7894df17ba36f1,0.2412919420748949,0.23376895114779472,0.2334238961338997,0.5903549026697874,0.13856100849807262,0.7408419623970985,0.181826064363122,2.36006872728467,0.0,0.0,8.991694077849388,435.2614087983966,1909.9906778428704,91500,91500,,2.793683898093503,,False,False,ok
BNCI2014_001,resampled_spectral_normalized_power_s1,resampled,spectral,normalized_power,3,6398,184,500,500,1.0,22,253,0.0004347651934457254,0.020851023798502687,6.992564219674733,0.6856391944056932,31.43608055943068,31.43608055943068,0.00022334195715552956,2.793683898093503,0.0002822705507150606,0.00013014433344520833,0.0010250965894307218,4.8928288106644075e-05,188.24073761048203,5.716247880429664,0.03017952124818757,0.09236224807369398,0.1459989447547685,23234,b92b8cb1dd559c5c173833c54fcc3a7708d9a465fb270e4857ba5f5c4d8e933d,three_row_sha256,dc6b764887f1ed4fdc465972c56e9c3360709435964f1aa5032b2d80b09ed6ca,8b3956404398690bbe02d2f590fbbfce2ca696f3e3b691ed979e35e9b8276d71,8b10f26c63efc1e7b779523080bc9e1215bab2b21d36db41ba7894df17ba36f1,0.23075100034475327,0.2234959974884987,0.22635795176029205,0.5747249815613031,0.13500195927917957,0.5842221435159445,0.16720383428037167,2.141757868230343,0.0,0.0,9.237153921276331,437.40316666662693,1919.2278317641467,92000,92000,,2.793683898093503,,False,False,ok
BNCI2014_001,resampled_spectral_normalized_power_s1,resampled,spectral,normalized_power,3,6398,185,500,500,1.0,22,253,0.0004215623695829423,0.020531984063478677,7.005281804722028,0.6868861868526239,31.311381314737606,31.311381314737606,0.00022388236591944493,2.793683898093503,0.00027469228878578933,0.00012410798353778427,0.001200778868030672,5.5787635133335756e-05,188.24073761048203,5.716247880429664,0.03017952124818757,0.09236224807369398,0.1459989447547685,23418,3734dd6b4429a3f094f3af1775c198c8ccf6b8e797318cf149372a825de68906,three_row_sha256,b60e061335503b69c405cc014e6c38952b8e635d2cd059537f79be29bc26d0b1,8b3956404398690bbe02d2f590fbbfce2ca696f3e3b691ed979e35e9b8276d71,8b10f26c63efc1e7b779523080bc9e1215bab2b21d36db41ba7894df17ba36f1,0.2291861455887556,0.23847795091569424,0.2244149800390005,0.571053009480238,0.13422593474388123,0.710170017555356,0.171339837834239,2.2788678761571646,0.0,0.0,8.484283927828074,439.6820345427841,1927.7121156919748,92500,92500,,2.793683898093503,,False,False,ok
BNCI2014_001,resampled_spectral_normalized_power_s1,resampled,spectral,normalized_power,3,6398,186,500,500,1.0,22,253,0.0004359129090833225,0.020878527464438735,6.991768360876224,0.6855611583707956,31.443884162920444,31.443884162920444,0.0002253554053307028,2.793683898093503,0.0002840992777718787,0.00012887715952143475,0.001113272336208732,8.311768790052006e-05,188.240737610482,5.716247880429664,0.03017952124818757,0.09236224807369398,0.1459989447547685,23603,46cb5dce77f91c8c35089a998e3df4c1a3e4de1c1521cd632eba4a0dab091975,three_row_sha256,b5c89e52cce8a10a921e292d1a316add16fe076301a4d51eabee7bf480609bdd,8b3956404398690bbe02d2f590fbbfce2ca696f3e3b691ed979e35e9b8276d71,8b10f26c63efc1e7b779523080bc9e1215bab2b21d36db41ba7894df17ba36f1,0.23411214351654053,0.22518704645335674,0.23395288735628128,0.6244420073926449,0.13948790729045868,0.64504100009799,0.18291594460606575,2.285138936713338,0.0,0.0,10.625185910612345,441.96717347949743,1938.337301602587,93000,93000,,2.793683898093503,,False,False,ok
BNCI2014_001,resampled_spectral_normalized_power_s1,resampled,spectral,normalized_power,3,6398,187,500,500,1.0,22,253,0.00041583524627258347,0.020392038796368143,7.000292373224985,0.6863969600561722,31.36030399438278,31.36030399438278,0.00021188122377418267,2.793683898093503,0.00027631859717359595,0.00012378097219393382,0.0007479391802903384,5.013559907243819e-05,188.240737610482,5.716247880429664,0.03017952124818757,0.09236224807369398,0.1459989447547685,23789,3e2f9e2367aa60883426041ea68c6867f40a0335c42d104193bf31548c636155,three_row_sha256,1c00ec73c9de7baa4f64aafa20774d0e78e266ea510210767f528ef574024df7,8b3956404398690bbe02d2f590fbbfce2ca696f3e3b691ed979e35e9b8276d71,8b10f26c63efc1e7b779523080bc9e1215bab2b21d36db41ba7894df17ba36f1,0.30040089040994644,0.23104692809283733,0.25762314908206463,0.7032479625195265,0.15785498544573784,0.8560838177800179,0.21826312877237797,2.7245208621025085,0.0,0.0,9.212094824761152,444.69169434159994,1947.5493964273483,93500,93500,,2.793683898093503,,False,False,ok
BNCI2014_001,resampled_spectral_normalized_power_s1,resampled,spectral,normalized_power,3,6398,188,500,500,1.0,22,253,0.0004288092723056201,0.02070771045542264,6.997253799256701,0.6860990199383118,31.39009800616882,31.39009800616882,0.00021503481573586383,2.793683898093503,0.00028532038296615546,0.00012646802333349846,0.0007800046957913465,7.743890763951633e-05,188.24073761048206,5.716247880429665,0.03017952124818757,0.09236224807369398,0.1459989447547685,23976,afe61cb24a4086793f38d623c3d6e66daf4e1e08544510fdcc3080a94a9e1889,three_row_sha256,b21991e8634139ac0d756ca7110ae5a7504903ffa1e4190fd7009e73b33ab27c,8b3956404398690bbe02d2f590fbbfce2ca696f3e3b691ed979e35e9b8276d71,8b10f26c63efc1e7b779523080bc9e1215bab2b21d36db41ba7894df17ba36f1,0.2392851747572422,0.23437989875674248,0.23000617511570454,0.656043877825141,0.15764008276164532,0.681969104334712,0.1900999341160059,2.3894242476671934,0.0,0.0,8.675185963511467,447.08111858926713,1956.2245823908597,94000,94000,,2.793683898093503,,False,False,ok
BNCI2014_001,resampled_spectral_normalized_power_s1,resampled,spectral,normalized_power,3,6398,189,500,500,1.0,22,253,0.00043042736214300454,0.020746743410545294,6.985020418918663,0.6848995050284263,31.51004949715736,31.51004949715736,0.00022155092256720342,2.793683898093503,0.00028184454886640166,0.00012781112616608883,0.0009615482300727719,6.626221181188328e-05,188.24073761048203,5.716247880429664,0.03017952124818757,0.09236224807369398,0.1459989447547685,24164,38b45f38ac4de16ec86de117401dad7addaa857c93d8a71a05ea53b8dcf2705c,three_row_sha256,fa7f36cf958eb03f1790a0c1709c54d99463891c361f6f718bdc5fad71a4eef6,8b3956404398690bbe02d2f590fbbfce2ca696f3e3b691ed979e35e9b8276d71,8b10f26c63efc1e7b779523080bc9e1215bab2b21d36db41ba7894df17ba36f1,0.2365021500736475,0.2261619083583355,0.23156101815402508,0.60072704218328,0.14575221575796604,0.6716561038047075,0.17575081437826157,2.288111252710223,0.0,0.0,9.210820076987147,449.36922984197736,1965.4354024678469,94500,94500,,2.793683898093503,,False,False,ok
BNCI2014_001,resampled_spectral_normalized_power_s1,resampled,spectral,normalized_power,3,6398,190,500,500,1.0,22,253,0.0004437236732107376,0.021064749540660045,6.985223586606004,0.6849194261510793,31.508057384892076,31.508057384892076,0.00022337050978443247,2.793683898093503,0.0002897963161686097,0.00013223801087478424,0.0009351421927249848,7.944660785543975e-05,188.24073761048206,5.716247880429664,0.03017952124818757,0.09236224807369398,0.1459989447547685,24353,5389918d56adabc5836696657a5d37f57aa6605df8891fab21a8ae73d7f80f2f,three_row_sha256,5dc5f7dea1ce7a9026c4c53813ea06a865735aeaed918d3e428d8355955b6013,8b3956404398690bbe02d2f590fbbfce2ca696f3e3b691ed979e35e9b8276d71,8b10f26c63efc1e7b779523080bc9e1215bab2b21d36db41ba7894df17ba36f1,0.23192400112748146,0.22555794566869736,0.22966600954532623,0.5762400105595589,0.1506330445408821,0.5946641322225332,0.19511301070451736,2.2037981543689966,0.0,0.0,8.783743949607015,451.57302799634635,1974.2191464174539,95000,95000,,2.793683898093503,,False,False,ok
BNCI2014_001,resampled_spectral_normalized_power_s1,resampled,spectral,normalized_power,3,6398,191,500,500,1.0,22,253,0.0004320122565218058,0.02078490453482541,6.972237064061091,0.6836460636797311,31.63539363202689,31.63539363202689,0.0002204815010340547,2.793683898093503,0.0002827989812023124,0.00012925770130110058,0.0009402369819981218,5.935835512644191e-05,188.240737610482,5.716247880429664,0.03017952124818757,0.09236224807369398,0.1459989447547685,24543,66d49364b11c25a149da7b3daef49dc8d1a634fab27bdb07b4cfda045327c0a9,three_row_sha256,54ceefb07b630bd06dee262808da1a94ee7aeacb5e5761dad90d8c25afb65bad,8b3956404398690bbe02d2f590fbbfce2ca696f3e3b691ed979e35e9b8276d71,8b10f26c63efc1e7b779523080bc9e1215bab2b21d36db41ba7894df17ba36f1,0.22930908016860485,0.22442988120019436,0.2298918552696705,0.577540835365653,0.13638893142342567,0.6176379974931479,0.16884179785847664,2.184040378779173,0.0,0.0,9.179057087749243,453.7570683751255,1983.3982035052031,95500,95500,,2.793683898093503,,False,False,ok
BNCI2014_001,resampled_spectral_normalized_power_s1,resampled,spectral,normalized_power,3,6398,192,500,500,1.0,22,253,0.00042864155519145813,0.02070366042977565,6.971450342417406,0.6835689235667408,31.643107643325916,31.643107643325916,0.00021930246299818907,2.7936838980935024,0.0002782071558800188,0.00013009334429130287,0.0008796228171645339,7.617533482027644e-05,188.240737610482,5.716247880429664,0.03017952124818757,0.09236224807369398,0.1459989447547685,24734,0e57fec89895a24d262e434259b3defce28009ec863ec9f9effe527817fc79c1,three_row_sha256,f2a60a5d1b93f89b242d1e97336a03fcb0102ff32d1a3b331dc0ed60091243ff,8b3956404398690bbe02d2f590fbbfce2ca696f3e3b691ed979e35e9b8276d71,8b10f26c63efc1e7b779523080bc9e1215bab2b21d36db41ba7894df17ba36f1,0.23399596102535725,0.23787887766957283,0.23170793429017067,0.5907348822802305,0.14480901882052422,0.6861989386379719,0.1812318805605173,2.3065574932843447,0.0,0.0,10.918335989117622,456.0636258684099,1994.3165394943208,96000,96000,,2.793683898093503,,False,False,ok
BNCI2014_001,resampled_spectral_normalized_power_s1,resampled,spectral,normalized_power,3,6398,193,500,500,1.0,22,253,0.0004248913905099874,0.020612893792720792,6.96519898906762,0.6829559620350278,31.704403796497214,31.704403796497214,0.00022147639238482902,2.793683898093503,0.00027417122401477047,0.00012890038707110278,0.001007452739208901,6.840522279015225e-05,188.24073761048203,5.716247880429664,0.03017952124818757,0.09236224807369398,0.1459989447547685,24926,6408bff0a4f667e56dc6f86da11a671e3b20c7db6ecf9826f69d39414e5e72df,three_row_sha256,10818d17c7e099334b27c80cdb3b5280d60902a9e2de7dab250e9cb7d9e76109,8b3956404398690bbe02d2f590fbbfce2ca696f3e3b691ed979e35e9b8276d71,8b10f26c63efc1e7b779523080bc9e1215bab2b21d36db41ba7894df17ba36f1,0.26136403903365135,0.22653699852526188,0.24266494438052177,0.5933400243520737,0.1395998988300562,0.692959176376462,0.18178997561335564,2.3382550571113825,0.0,0.0,8.155013900250196,458.40188092552125,2002.471553394571,96500,96500,,2.793683898093503,,False,False,ok
BNCI2014_001,resampled_spectral_normalized_power_s1,resampled,spectral,normalized_power,3,6398,194,500,500,1.0,22,253,0.00042937958392247333,0.020721476393405786,6.965235144018839,0.6829595071224734,31.70404928775265,31.70404928775265,0.00021833389285998646,2.793683898093503,0.0002806346878524797,0.0001286311188545347,0.0008438709880647001,6.0514026440782246e-05,188.24073761048203,5.716247880429664,0.03017952124818757,0.09236224807369398,0.1459989447547685,25119,4b27efb31dd99a2f0ce2b8d3fd9cee361d169e8881894e213aa8dc68ebde1b30,three_row_sha256,2784b8be78a3efa352e93980f334ee240c2231e00f9060dc311073b23c4cc0de,8b3956404398690bbe02d2f590fbbfce2ca696f3e3b691ed979e35e9b8276d71,8b10f26c63efc1e7b779523080bc9e1215bab2b21d36db41ba7894df17ba36f1,0.21582096815109253,0.22191903553903103,0.22191903553903103,0.5559970159083605,0.1345849595963955,0.5418551154434681,0.1734329853206873,2.065529115498066,0.0,0.0,9.16141807101667,460.4674100410193,2011.6329714655876,97000,97000,,2.793683898093503,,False,False,ok
BNCI2014_001,resampled_spectral_normalized_power_s1,resampled,spectral,normalized_power,3,6398,195,500,500,1.0,22,253,0.000433576122702929,0.020822490790079102,6.956803816432514,0.6821327934202535,31.78672065797465,31.78672065797465,0.00021966032322593806,2.793683898093503,0.0002867993721401944,0.0001288212745359823,0.000980300561495321,6.360173022041288e-05,188.24073761048203,5.716247880429664,0.03017952124818757,0.09236224807369398,0.1459989447547685,25313,eb3674d33df251050b40294cf0a4e8b6b9fb922112107f69fdcc6287c2239667,three_row_sha256,abaec74ffb395906049d6cb3810d52560d9805fa5f3d3c3353d63f8b4e5094e1,8b3956404398690bbe02d2f590fbbfce2ca696f3e3b691ed979e35e9b8276d71,8b10f26c63efc1e7b779523080bc9e1215bab2b21d36db41ba7894df17ba36f1,0.2322220243513584,0.22472301498055458,0.23015495389699936,0.5699531175196171,0.13663084246218204,0.570185948163271,0.17903000116348267,2.142899902537465,0.0,0.0,8.435141062363982,462.6103099435568,2020.0681125279516,97500,97500,,2.793683898093503,,False,False,ok
BNCI2014_001,resampled_spectral_normalized_power_s1,resampled,spectral,normalized_power,3,6398,196,500,500,1.0,22,253,0.00041349709932310484,0.020334628084209085,6.945279336973152,0.6810027880939914,31.89972119060086,31.89972119060086,0.0002163383951356373,2.793683898093503,0.0002736520205641534,0.00012081081625202417,0.0008888726769199043,7.080778378932853e-05,188.24073761048203,5.716247880429664,0.03017952124818757,0.09236224807369398,0.1459989447547685,25508,db5642a2c1e296463effb000691c1ad69f632789928a5fbf6e2ccc245b76494a,three_row_sha256,032bf275d7e11714788b3fc71078819eb81a74965da22219fed70f251dea1e21,8b3956404398690bbe02d2f590fbbfce2ca696f3e3b691ed979e35e9b8276d71,8b10f26c63efc1e7b779523080bc9e1215bab2b21d36db41ba7894df17ba36f1,0.23344089277088642,0.22286991588771343,0.2246941439807415,0.609980896115303,0.14590495266020298,0.5844689439982176,0.17256010323762894,2.193919848650694,0.0,0.0,8.234638953581452,464.8042297922075,2028.302751481533,98000,98000,,2.793683898093503,,False,False,ok
BNCI2014_001,resampled_spectral_normalized_power_s1,resampled,spectral,normalized_power,3,6398,197,500,500,1.0,22,253,0.00043334291807443513,0.020816890211422915,6.944039418445913,0.680881210842294,31.91187891577059,31.91187891577059,0.00021933948294009997,2.793683898093503,0.0002842593512901871,0.00012894781141702154,0.0008971143431706903,6.053658962408859e-05,188.24073761048203,5.716247880429664,0.03017952124818757,0.09236224807369398,0.1459989447547685,25704,8a686ad1caf32dcc48f972fe4048de81d73025150039867ece29889fefc5c667,three_row_sha256,fad6f7efc9e697aa63d483112f15f62618ccd9896fc246a5299807e6a2460f8f,8b3956404398690bbe02d2f590fbbfce2ca696f3e3b691ed979e35e9b8276d71,8b10f26c63efc1e7b779523080bc9e1215bab2b21d36db41ba7894df17ba36f1,0.23073190823197365,0.22487598471343517,0.22832490503787994,0.5763580556958914,0.1354031264781952,0.6926199421286583,0.1765319611877203,2.264845883473754,0.0,0.0,8.605654118582606,467.06907567568123,2036.9084056001157,98500,98500,,2.793683898093503,,False,False,ok
BNCI2014_001,resampled_spectral_normalized_power_s1,resampled,spectral,normalized_power,3,6398,198,500,500,1.0,22,253,0.0004034674910633125,0.020086500219383976,6.960458514325523,0.6824911460989616,31.750885390103846,31.750885390103846,0.00020856437575298066,2.793683898093503,0.0002712664567613879,0.0001167846609239138,0.000816045628368599,6.05641319371043e-05,188.24073761048203,5.716247880429664,0.03017952124818757,0.09236224807369398,0.1459989447547685,25901,305c37e5d52d91130c1aefdbd0c97a980cfec4b71520054950e84afbabf483a9,three_row_sha256,32191b027b07dcac72e6bcd7532d1e9a57e605ee57eae0efca06f1cf19462d1d,8b3956404398690bbe02d2f590fbbfce2ca696f3e3b691ed979e35e9b8276d71,8b10f26c63efc1e7b779523080bc9e1215bab2b21d36db41ba7894df17ba36f1,0.22156001068651676,0.22384081967175007,0.2231360413134098,0.5844640545547009,0.1353879924863577,1.2922449968755245,0.16994099132716656,2.8505749069154263,0.0,0.0,10.866283904761076,469.91965058259666,2047.7746895048767,99000,99000,,2.793683898093503,,False,False,ok
BNCI2014_001,resampled_spectral_normalized_power_s1,resampled,spectral,normalized_power,3,6398,199,500,500,1.0,22,253,0.0003931771423348545,0.01982869492263307,6.962503258488161,0.6826916386073453,31.73083613926547,31.73083613926547,0.00020256533320119828,2.793683898093503,0.00026778983738649277,0.00011199755693450775,0.0006895687186398236,6.68469638722307e-05,188.24073761048203,5.716247880429664,0.03017952124818757,0.09236224807369398,0.1459989447547685,26099,02b27202c0dd924ad13b488b2df54f55b7e90d34965af0629c11ac9b9a340ffe,three_row_sha256,057865ca7f347a8ea5d2d8fb34bb87d37b29119a4ba841e0cf80130ad83e9d10,8b3956404398690bbe02d2f590fbbfce2ca696f3e3b691ed979e35e9b8276d71,8b10f26c63efc1e7b779523080bc9e1215bab2b21d36db41ba7894df17ba36f1,0.2830110024660826,0.22609694860875607,0.24350499734282494,0.6845719181001186,0.15455414541065693,0.7196140941232443,0.2056509256362915,2.517004031687975,0.0,0.0,9.605862898752093,472.43665461428463,2057.380552403629,99500,99500,,2.793683898093503,,False,False,ok
BNCI2014_001,resampled_spectral_normalized_power_s1,resampled,spectral,normalized_power,3,6398,200,500,500,1.0,22,253,0.0004263720569093921,0.020648778581538234,6.956205422169309,0.6820741192990482,31.79258807009518,31.79258807009518,0.00021842935254021847,2.793683898093503,0.00027953701200717027,0.00012734197684143145,0.0008493673880053923,5.326108992922284e-05,188.24073761048203,5.716247880429664,0.03017952124818757,0.09236224807369398,0.1459989447547685,26298,3b8145bbed1ca4dcb94c49d92da76c4e1d9138dc86252c270bcafe4ff454db2f,three_row_sha256,77b54171fe6d56e3bf1418aa2b32e146985c7e65e5aa4d1727643a421cb219e1,8b3956404398690bbe02d2f590fbbfce2ca696f3e3b691ed979e35e9b8276d71,8b10f26c63efc1e7b779523080bc9e1215bab2b21d36db41ba7894df17ba36f1,0.23464090190827847,0.22517680190503597,0.22840709425508976,0.5813369061797857,0.14426815323531628,0.5990799982100725,0.17640087753534317,2.189310733228922,0.0,0.0,8.405311964452267,474.62596534751356,2065.785864368081,100000,100000,,2.793683898093503,,False,False,ok
BNCI2014_001,resampled_spectral_normalized_power_s1,resampled,spectral,normalized_power,3,6398,201,500,500,1.0,22,253,0.0004199934117685644,0.02049374079490039,6.937354738672046,0.6802257605223502,31.97742394776498,31.97742394776498,0.0002206860214806577,2.793683898093503,0.00027490274299890485,0.0001250443949225949,0.0010405175896187353,7.172814985909447e-05,188.24073761048203,5.716247880429664,0.03017952124818757,0.09236224807369398,0.1459989447547685,26498,3d8f838d21d883eb538072f0bf843118586cb6e35b9b47e3532999009f5a7b04,three_row_sha256,35563e654af2f12c2ba1c0dffc18c206fced88a1bbbd83da84aa272f52a367b1,8b3956404398690bbe02d2f590fbbfce2ca696f3e3b691ed979e35e9b8276d71,8b10f26c63efc1e7b779523080bc9e1215bab2b21d36db41ba7894df17ba36f1,0.21685613319277763,0.22300402633845806,0.22603897377848625,0.5510039627552032,0.1313788816332817,0.4917921032756567,0.16417307779192924,2.004247158765793,0.0,0.0,8.06322181597352,476.63021250627935,2073.8490861840546,100500,100500,,2.793683898093503,,False,False,ok
BNCI2014_001,resampled_spectral_normalized_power_s1,resampled,spectral,normalized_power,3,6398,202,500,500,1.0,22,253,0.00040699250305395874,0.02017405519606702,6.944759892613248,0.6809518552171132,31.904814478288678,31.904814478288678,0.00020789622467429675,2.793683898093503,0.0002803428549781425,0.00011392922522334353,0.0007372368835348634,6.802601511524371e-05,188.240737610482,5.716247880429664,0.03017952124818757,0.09236224807369398,0.1459989447547685,26699,4006f835c3ca14caf21c735ec5bd5b60816a14ca858e59d13926295c92fb7545,three_row_sha256,b92b98db985d6e7a587354a470cdf5beaddfeaebd8ac3cac91b728f415e3e6ef,8b3956404398690bbe02d2f590fbbfce2ca696f3e3b691ed979e35e9b8276d71,8b10f26c63efc1e7b779523080bc9e1215bab2b21d36db41ba7894df17ba36f1,0.21295808255672455,0.2311859279870987,0.22140005603432655,0.536368926987052,0.13044499792158604,0.5163450259715319,0.16402010805904865,2.0127231255173683,0.0,0.0,8.692936040461063,478.6429356317967,2082.5420222245157,101000,101000,,2.793683898093503,,False,False,ok
BNCI2014_001,resampled_spectral_normalized_power_s1,resampled,spectral,normalized_power,3,6398,203,500,500,1.0,22,253,0.0004289661759777129,0.02071149864152068,6.957867855109084,0.6822371251929911,31.776287480700898,31.776287480700898,0.0002182842718078217,2.793683898093503,0.0002787778162967537,0.00012903983686131084,0.0008727649367093551,7.197944189317454e-05,188.240737610482,5.716247880429664,0.03017952124818757,0.09236224807369398,0.1459989447547685,26901,76b079204757056a09c4d523375bab4877d708dd303abffa7e03039b171a7b91,three_row_sha256,5e59d2bc819e97a6bdf1f809b9ff639c2b14538f85409acf01b1961f632084c8,8b3956404398690bbe02d2f590fbbfce2ca696f3e3b691ed979e35e9b8276d71,8b10f26c63efc1e7b779523080bc9e1215bab2b21d36db41ba7894df17ba36f1,0.21245982497930527,0.2220580354332924,0.2209779340773821,0.5313411820679903,0.12947595678269863,0.5631698295474052,0.1645281445235014,2.0440109074115753,0.0,0.0,9.167261188849807,480.6869465392083,2091.7092834133655,101500,101500,,2.793683898093503,,False,False,ok
BNCI2014_001,resampled_spectral_normalized_power_s1,resampled,spectral,normalized_power,3,6398,204,500,500,1.0,22,253,0.00043046616087935076,0.020747678445535798,6.948577098148524,0.6813261421948036,31.867385780519637,31.867385780519637,0.000215853159960014,2.793683898093503,0.00028515171342336545,0.000127834930712899,0.0008483679582990156,6.827408565893836e-05,188.240737610482,5.716247880429664,0.03017952124818757,0.09236224807369398,0.1459989447547685,27104,921dd80ee2bf6d3a2f0a9581f77240836cab31200ffe34a068efa85e6fa27832,three_row_sha256,05dc1ec6c0e61a0eff5d6529b1f148a54b6e3df63c2e42c7d0a43e5c191d3d32,8b3956404398690bbe02d2f590fbbfce2ca696f3e3b691ed979e35e9b8276d71,8b10f26c63efc1e7b779523080bc9e1215bab2b21d36db41ba7894df17ba36f1,0.24367216974496841,0.22561615332961082,0.2343030646443367,0.5789438728243113,0.13809208758175373,0.6811630446463823,0.17610890790820122,2.2778993006795645,0.0,0.0,11.157660046592355,482.96484583988786,2102.866943459958,102000,102000,,2.793683898093503,,False,False,ok
BNCI2014_001,resampled_spectral_normalized_power_s1,resampled,spectral,normalized_power,3,6398,205,500,500,1.0,22,253,0.0004311134566032564,0.020763271818363703,6.962739257008928,0.6827147788790077,31.728522112099235,31.728522112099235,0.00021933424014316028,2.793683898093503,0.0002795872310791807,0.000131515492296316,0.0008804306142560414,7.252322282052489e-05,188.240737610482,5.716247880429665,0.03017952124818757,0.09236224807369398,0.1459989447547685,27308,47e9a8c8a7c09f32767cadbdab8308ec9194bdfa471adcb926b75fe7b47b2aa5,three_row_sha256,726eaf2096bf6fdd94eff1fe33a146d5e34d7c1ba6d00720fb68dbf4ad56a221,8b3956404398690bbe02d2f590fbbfce2ca696f3e3b691ed979e35e9b8276d71,8b10f26c63efc1e7b779523080bc9e1215bab2b21d36db41ba7894df17ba36f1,0.26550120674073696,0.2274049911648035,0.24486612528562546,0.6048791110515594,0.14267791993916035,0.7123108953237534,0.18993509002029896,2.387575339525938,0.0,0.0,8.449095068499446,485.3524211794138,2111.3160385284573,102500,102500,,2.793683898093503,,False,False,ok
BNCI2014_001,resampled_spectral_normalized_power_s1,resampled,spectral,normalized_power,3,6398,206,500,500,1.0,22,253,0.00041743255808325357,0.020431166341725416,6.962919228625887,0.6827324255663445,31.726757443365546,31.726757443365546,0.00021554811003857128,2.793683898093503,0.00027758436855039,0.00012162635580873383,0.0009223274196940584,5.779841445586601e-05,188.24073761048203,5.716247880429664,0.03017952124818757,0.09236224807369398,0.1459989447547685,27513,36a63bad8fdb28df055f301ba2c2a6e3abd993f6db9b60e74fcba5efdd55eadc,three_row_sha256,4c01bc01415ebc9cc3a9c87642ccb87f4807f080a7827a708f960146b3f632d9,8b3956404398690bbe02d2f590fbbfce2ca696f3e3b691ed979e35e9b8276d71,8b10f26c63efc1e7b779523080bc9e1215bab2b21d36db41ba7894df17ba36f1,0.21819211542606354,0.2222880721092224,0.22394908592104912,0.5683619529008865,0.13701897114515305,0.5628599319607019,0.17411401495337486,2.1067841444164515,0.0,0.0,8.911177981644869,487.45920532383025,2120.227216510102,103000,103000,,2.793683898093503,,False,False,ok
BNCI2014_001,resampled_spectral_normalized_power_s1,resampled,spectral,normalized_power,3,6398,207,500,500,1.0,22,253,0.0004127802963577015,0.020316995259085473,6.954426996843194,0.6818997400485185,31.810025995148155,31.810025995148155,0.00021509363028327874,2.793683898093503,0.0002725522016998261,0.00012035512823520545,0.00081323362431556,6.690948783811683e-05,188.24073761048203,5.716247880429664,0.03017952124818757,0.09236224807369398,0.1459989447547685,27719,62874e26724f18082f032dbd95c0545604f94673dec76b2daab98fcd7fb249ab,three_row_sha256,22f5ead34b4433dc697d2f4a7f6f8ffcf52b0da9192eab4db86147d4014e022d,8b3956404398690bbe02d2f590fbbfce2ca696f3e3b691ed979e35e9b8276d71,8b10f26c63efc1e7b779523080bc9e1215bab2b21d36db41ba7894df17ba36f1,0.22162403911352158,0.22279401309788227,0.2206140197813511,0.5805650725960732,0.13131601735949516,0.5465031135827303,0.16294606029987335,2.086362335830927,0.0,0.0,9.22150700353086,489.5455676596612,2129.448723513633,103500,103500,,2.793683898093503,,False,False,ok
BNCI2014_001,resampled_spectral_normalized_power_s1,resampled,spectral,normalized_power,3,6398,208,500,500,1.0,22,253,0.0004135597131302011,0.02033616761167652,6.954514236066082,0.6819082940822924,31.809170591770766,31.809170591770766,0.0002132150682197106,2.793683898093503,0.00027139588270670895,0.00012350276181562864,0.000770383649581545,6.336121960265314e-05,188.240737610482,5.716247880429664,0.03017952124818757,0.09236224807369398,0.1459989447547685,27926,6d417f56208f2e4f9be60f19579f98ccf19c11c14e2e84c2cdf4e3b37265b472,three_row_sha256,c4f585c746624ea98296ec31ac4dc08ff934949be4b87544076beee0704e1ce4,8b3956404398690bbe02d2f590fbbfce2ca696f3e3b691ed979e35e9b8276d71,8b10f26c63efc1e7b779523080bc9e1215bab2b21d36db41ba7894df17ba36f1,0.21122186444699764,0.2215208951383829,0.2207320649176836,0.5332189612090588,0.13787602074444294,0.5343949887901545,0.16942503862082958,2.02838983386755,0.0,0.0,9.04703582637012,491.5739574935287,2138.495759340003,104000,104000,,2.793683898093503,,False,False,ok
BNCI2014_001,resampled_spectral_normalized_power_s1,resampled,spectral,normalized_power,3,6398,209,500,500,1.0,22,253,0.00043360815126012133,0.02082325986151355,6.934697600741446,0.6799652212047369,32.003477879526315,32.003477879526315,0.0002182936215118373,2.793683898093503,0.00028639918683928976,0.00012947487222438148,0.0008339423384785299,7.576604941971804e-05,188.24073761048203,5.716247880429664,0.03017952124818757,0.09236224807369398,0.1459989447547685,28134,412e9b015fc879a6d0f3a8812763796d5a26113828de7ee6454848438c612198,three_row_sha256,2567facdf321589a333e08bb5f595bb83d9e11f0f46b920db4ba34c6f629cdf7,8b3956404398690bbe02d2f590fbbfce2ca696f3e3b691ed979e35e9b8276d71,8b10f26c63efc1e7b779523080bc9e1215bab2b21d36db41ba7894df17ba36f1,0.23286184296011925,0.2234640996903181,0.22783293388783932,0.5783550441265106,0.13435911387205124,0.693255104124546,0.1762800384312868,2.2664081770926714,0.0,0.0,10.189380962401628,493.8403656706214,2148.6851403024048,104500,104500,,2.793683898093503,,False,False,ok
BNCI2014_001,resampled_spectral_normalized_power_s1,resampled,spectral,normalized_power,3,6398,210,500,500,1.0,22,253,0.00042858426562378325,0.020702276822218934,6.9381599981156805,0.6803047183150678,31.969528168493227,31.969528168493227,0.00022041182082900904,2.793683898093503,0.00028051516818256836,0.0001273644664166578,0.0009169555934545477,7.219290499002394e-05,188.24073761048206,5.716247880429665,0.03017952124818757,0.09236224807369398,0.1459989447547685,28343,308de755b586f47263827766232da1b60f22008a27935c961adc245fe178c460,three_row_sha256,7ba8458e6e3bce8fdc0228912ad916576281cd692f57502649d82fbd2352f0cb,8b3956404398690bbe02d2f590fbbfce2ca696f3e3b691ed979e35e9b8276d71,8b10f26c63efc1e7b779523080bc9e1215bab2b21d36db41ba7894df17ba36f1,0.27193198911845684,0.22576889023184776,0.23890100419521332,0.6789460312575102,0.13972190208733082,0.8105079177767038,0.2311349380761385,2.5969126727432013,0.0,0.0,8.690709015354514,496.4372783433646,2157.3758493177593,105000,105000,,2.793683898093503,,False,False,ok
BNCI2014_001,resampled_spectral_normalized_power_s1,resampled,spectral,normalized_power,3,6398,211,500,500,1.0,22,253,0.0004121123897575117,0.02030055146436943,6.923101857289224,0.6788282282577509,32.11717717422491,32.11717717422491,0.00021226940893080958,2.793683898093503,0.0002767501431844108,0.00011878467668984907,0.0007911892569421116,5.487421624315658e-05,188.24073761048203,5.716247880429664,0.03017952124818757,0.09236224807369398,0.1459989447547685,28553,0846107672d79b3c583c00a3f0bbec0ffd52132c4aee57bade03d9b10b3343a7,three_row_sha256,a76e26362da136320898a3511a5c1faca6618e3005295ba27cf32708f62fabab,8b3956404398690bbe02d2f590fbbfce2ca696f3e3b691ed979e35e9b8276d71,8b10f26c63efc1e7b779523080bc9e1215bab2b21d36db41ba7894df17ba36f1,0.22001913748681545,0.2221120521426201,0.2203141339123249,0.5529371555894613,0.13289996422827244,0.625325134024024,0.16503594815731049,2.1386435255408287,0.0,0.0,8.5229289252311,498.5759218689054,2165.8987782429904,105500,105500,,2.793683898093503,,False,False,ok
BNCI2014_001,resampled_spectral_normalized_power_s1,resampled,spectral,normalized_power,3,6398,212,500,500,1.0,22,253,0.0004236947823640933,0.020583847608357707,6.920888982396766,0.6786112500919564,32.13887499080436,32.13887499080436,0.00022379253662802064,2.793683898093503,0.0002771412198420148,0.00012331776939740642,0.0011360452871658402,7.295679242739516e-05,188.24073761048203,5.716247880429664,0.03017952124818757,0.09236224807369398,0.1459989447547685,28764,554dbdedc7197df2af6b1e26526ce1c20476e5c3fbb016a1024a78477f42c3c8,three_row_sha256,269b82ca89880718cf5bb580e51abaa409c548e7902ed78d79ff3b6c582fca0d,8b3956404398690bbe02d2f590fbbfce2ca696f3e3b691ed979e35e9b8276d71,8b10f26c63efc1e7b779523080bc9e1215bab2b21d36db41ba7894df17ba36f1,0.21646893583238125,0.22251182235777378,0.2223709598183632,0.558595173060894,0.13675400987267494,0.5358210764825344,0.16325991600751877,2.0557818934321404,0.0,0.0,9.49971517547965,500.63170376233757,2175.39849341847,106000,106000,,2.793683898093503,,False,False,ok
BNCI2014_001,resampled_spectral_normalized_power_s1,resampled,spectral,normalized_power,3,6398,213,500,500,1.0,22,253,0.00041645211472393607,0.020407158418651435,6.926740433930939,0.6791850002056423,32.08149997943577,32.08149997943577,0.00020782817505689678,2.793683898093503,0.0002836688589395781,0.00012250807154004633,0.000727817515508582,6.192058733340308e-05,188.240737610482,5.716247880429664,0.03017952124818757,0.09236224807369398,0.1459989447547685,28976,7ff6583d7994cba16bc6a6e07729a3984927137ad864a8b8307b9dce8d9c08ae,three_row_sha256,fb638f154a918d8c7ea716b0e81e37eaa83ca420cbe616aad8043470bb625d6d,8b3956404398690bbe02d2f590fbbfce2ca696f3e3b691ed979e35e9b8276d71,8b10f26c63efc1e7b779523080bc9e1215bab2b21d36db41ba7894df17ba36f1,0.22820103913545609,0.22158795036375523,0.22496911697089672,0.5561921279877424,0.1339081209152937,0.5960960406810045,0.16817101277410984,2.1291254088282585,0.0,0.0,8.801119169220328,502.7608291711658,2184.1996125876904,106500,106500,,2.793683898093503,,False,False,ok
BNCI2014_001,resampled_spectral_normalized_power_s1,resampled,spectral,normalized_power,3,6398,214,500,500,1.0,22,253,0.0004314543087900553,0.02077147825240311,6.923880599345624,0.678904585951356,32.109541404864395,32.109541404864395,0.00021768781582332588,2.793683898093503,0.0002855512431471001,0.0001272797165419969,0.0008860608093445995,5.850979769200176e-05,188.24073761048203,5.716247880429664,0.03017952124818757,0.09236224807369398,0.1459989447547685,29189,74bed24583d863278cda2a60db88906302bce2f7ed98e28440c8db1292608750,three_row_sha256,41b9c0fb75cb66c5fe43b86cbe253eb25445341c8a1bb01be5715fc6dd386473,8b3956404398690bbe02d2f590fbbfce2ca696f3e3b691ed979e35e9b8276d71,8b10f26c63efc1e7b779523080bc9e1215bab2b21d36db41ba7894df17ba36f1,0.22209598682820797,0.22203498519957066,0.22416003048419952,0.560640124604106,0.13274908997118473,0.5721729248762131,0.1649439800530672,2.098797122016549,0.0,0.0,9.590330999344587,504.8596262931824,2193.789943587035,107000,107000,,2.793683898093503,,False,False,ok
BNCI2014_001,resampled_spectral_normalized_power_s1,resampled,spectral,normalized_power,3,6398,215,500,500,1.0,22,253,0.00043112138007814546,0.02076346262255276,6.937212516022452,0.6802118152199075,31.97881847800926,31.97881847800926,0.00022118174192561953,2.793683898093503,0.00027647652964576057,0.00013069355521367045,0.0009200700496212631,4.999844127268544e-05,188.24073761048203,5.716247880429664,0.03017952124818757,0.09236224807369398,0.1459989447547685,29403,1cdf07fe6f216c7442e9816c5b453acd28c50bff1be373a3b9f3282ce441cb87,three_row_sha256,ce861cddae7a9befa6ecad306092a8052148117481990fca8cda081432e66823,8b3956404398690bbe02d2f590fbbfce2ca696f3e3b691ed979e35e9b8276d71,8b10f26c63efc1e7b779523080bc9e1215bab2b21d36db41ba7894df17ba36f1,0.2246759831905365,0.22816495038568974,0.2252438571304083,0.7013410795480013,0.3125779330730438,0.6372600328177214,0.2023859415203333,2.5316497776657343,0.0,0.0,11.507274117320776,507.3912760708481,2205.2972177043557,107500,107500,,2.793683898093503,,False,False,ok
BNCI2014_001,resampled_spectral_normalized_power_s1,resampled,spectral,normalized_power,3,6398,216,500,500,1.0,22,253,0.00041254305596005714,0.020311155948395877,6.933810562307241,0.6798782447682926,32.01217552317074,32.01217552317074,0.00021707239560076846,2.793683898093503,0.00027423443077288545,0.00011888400709253246,0.001037860606660659,7.164302371635611e-05,188.24073761048203,5.716247880429664,0.03017952124818757,0.09236224807369398,0.1459989447547685,29618,b766e64d79556878028d4422ca59cf2ae699bbc740f27be277359a2fbdf45b06,three_row_sha256,737fe1c143633c63b9ce2fe14e8e2c0b4292be8af8cd290519e956f150330676,8b3956404398690bbe02d2f590fbbfce2ca696f3e3b691ed979e35e9b8276d71,8b10f26c63efc1e7b779523080bc9e1215bab2b21d36db41ba7894df17ba36f1,0.3666430711746216,0.2441350370645523,0.24707894772291183,0.6960439495742321,0.13526715338230133,0.5589011125266552,0.16941595822572708,2.4174852296710014,0.0,0.0,9.527114918455482,509.8087613005191,2214.824332622811,108000,108000,,2.793683898093503,,False,False,ok
BNCI2014_001,resampled_spectral_normalized_power_s1,resampled,spectral,normalized_power,3,6398,217,500,500,1.0,22,253,0.0004330707585221304,0.020810352196013657,6.931972676085054,0.6796980352215223,32.030196477847774,32.030196477847774,0.00022371321255428437,2.793683898093503,0.0002827099165505551,0.00012845818752510902,0.0011042387674779451,6.36091636281811e-05,188.240737610482,5.716247880429664,0.03017952124818757,0.09236224807369398,0.1459989447547685,29834,dccaf2472957f084d9c71cabbccfec992ed282acb00d1357b2098573d53f55cc,three_row_sha256,4325c61c767124783e0570afa58bd2b51232c48b1ab98f0184764b29102e85d0,8b3956404398690bbe02d2f590fbbfce2ca696f3e3b691ed979e35e9b8276d71,8b10f26c63efc1e7b779523080bc9e1215bab2b21d36db41ba7894df17ba36f1,0.34556793980300426,0.24653016589581966,0.24291384033858776,0.9432609658688307,0.237966887652874,0.6717320065945387,0.30062487348914146,2.9885966796427965,0.0,0.0,9.907398140057921,512.7973579801619,2224.731730762869,108500,108500,,2.793683898093503,,False,False,ok
BNCI2014_001,resampled_spectral_normalized_power_s1,resampled,spectral,normalized_power,3,6398,218,500,500,1.0,22,253,0.0004101139765582836,0.02025127098624389,6.919184777781574,0.6784441483760829,32.1555851623917,32.1555851623917,0.0002145084937636678,2.793683898093503,0.00026953264517621823,0.00012086315477637467,0.0008954881774941439,4.780396255973472e-05,188.24073761048203,5.716247880429665,0.03017952124818757,0.09236224807369398,0.1459989447547685,30051,bf2054d2c2ca7aac15d7672cf3f5864cbf518838227c3c1c06a3c770c7870f63,three_row_sha256,f8127a373f2f9c1076913429ed6bb3773ea630d5e16019622abe753d7617db83,8b3956404398690bbe02d2f590fbbfce2ca696f3e3b691ed979e35e9b8276d71,8b10f26c63efc1e7b779523080bc9e1215bab2b21d36db41ba7894df17ba36f1,0.22365502081811428,0.24044117890298367,0.2217041328549385,0.8110529743134975,0.21505914628505707,0.5692460108548403,0.26427186094224453,2.545430324971676,0.0,0.0,10.746294865384698,515.3427883051336,2235.478025628254,109000,109000,,2.793683898093503,,False,False,ok
BNCI2014_001,resampled_spectral_normalized_power_s1,resampled,spectral,normalized_power,3,6398,219,500,500,1.0,22,253,0.00041149820331512184,0.020285418490016957,6.927590201672531,0.6792683221532817,32.07316778467183,32.07316778467183,0.00020894530921799682,2.793683898093503,0.00028049300395735814,0.00011868380917744146,0.000778832161397586,6.961923667048696e-05,188.24073761048203,5.716247880429664,0.03017952124818757,0.09236224807369398,0.1459989447547685,30269,ad145d5ff934583bc735b27c25aab842730f74b05d3048360884b82da32fb2f0,three_row_sha256,8c5f87f7f6156d85c94f284665cd112c0f6ace930bc53b8b6a8c062016ef74ae,8b3956404398690bbe02d2f590fbbfce2ca696f3e3b691ed979e35e9b8276d71,8b10f26c63efc1e7b779523080bc9e1215bab2b21d36db41ba7894df17ba36f1,0.2202959731221199,0.2216228749603033,0.22240006364881992,0.5461238324642181,0.13218307867646217,0.6579069886356592,0.17030094750225544,2.170833759009838,0.0,0.0,12.446345062926412,517.5136220641434,2247.9243706911802,109500,109500,,2.793683898093503,,False,False,ok
BNCI2014_001,resampled_spectral_normalized_power_s1,resampled,spectral,normalized_power,3,6398,220,500,500,1.0,22,253,0.00042868611890506045,0.02070473662969564,6.929388955661151,0.6794446946822921,32.05553053177079,32.05553053177079,0.0002161108240968701,2.793683898093503,0.00028498179837147035,0.0001268189610284822,0.0008544011122989628,8.449513762512113e-05,188.24073761048206,5.716247880429665,0.03017952124818757,0.09236224807369398,0.1459989447547685,30488,4326a1e295e2c2757e434bf413920a1328aed8d7c905b399f714267715886ef9,three_row_sha256,cf792e3f1b23bbfd50659410d3e668b79b025914fccc1596f7868411bcecb111,8b3956404398690bbe02d2f590fbbfce2ca696f3e3b691ed979e35e9b8276d71,8b10f26c63efc1e7b779523080bc9e1215bab2b21d36db41ba7894df17ba36f1,0.36268308758735657,0.231980811804533,0.2589109353721142,0.6066181231290102,0.162533950060606,0.5848819855600595,0.211640028283,2.4192489217966795,0.0,0.0,8.407997200265527,519.9328709859401,2256.3323678914458,110000,110000,,2.793683898093503,,False,False,ok
BNCI2014_001,resampled_spectral_normalized_power_s1,resampled,spectral,normalized_power,3,6398,221,500,500,1.0,22,253,0.00040771084239756125,0.02019185089083121,6.928666485822865,0.6793738546267212,32.06261453732788,32.06261453732788,0.00020885417413450674,2.793683898093503,0.0002727175577741069,0.00012028445862242139,0.0006932529466460004,6.338233783291598e-05,188.240737610482,5.716247880429664,0.03017952124818757,0.09236224807369398,0.1459989447547685,30708,46c361688044524223f3644540ba2697a8b1170b8d681a9d7dc3bad957ccd93e,three_row_sha256,14f07efc6d366f9b59d4c14da5820e5e04e8e037b9409b0a63641833c94e6215,8b3956404398690bbe02d2f590fbbfce2ca696f3e3b691ed979e35e9b8276d71,8b10f26c63efc1e7b779523080bc9e1215bab2b21d36db41ba7894df17ba36f1,0.22206315770745277,0.2225697971880436,0.2207800280302763,0.5606261547654867,0.13376493006944656,0.6821618881076574,0.16985507681965828,2.2118210326880217,0.0,0.0,8.017114829272032,522.1446920186281,2264.349482720718,110500,110500,,2.793683898093503,,False,False,ok
BNCI2014_001,resampled_spectral_normalized_power_s1,resampled,spectral,normalized_power,3,6398,222,500,500,1.0,22,253,0.00041118855971735547,0.020277784881918327,6.8954282962622155,0.6761147632836991,32.38852367163008,32.38852367163008,0.0002157549047687233,2.793683898093503,0.0002709804686000096,0.00012072204509574515,0.0008370253456568689,6.061707838530894e-05,188.240737610482,5.716247880429665,0.03017952124818757,0.09236224807369398,0.1459989447547685,30929,ca20e6675544265734c9c1c92df8a6f76e2bb1f0ce20f771ee666cee651290ca,three_row_sha256,59ec15e26a0a08f5eac2622d82aea8ffbaae40dfd66adf3bc1160e79d6d75dca,8b3956404398690bbe02d2f590fbbfce2ca696f3e3b691ed979e35e9b8276d71,8b10f26c63efc1e7b779523080bc9e1215bab2b21d36db41ba7894df17ba36f1,0.2111599314957857,0.22091390565037727,0.22203288972377777,0.5467459559440613,0.131119042634964,0.5555460229516029,0.1635171938687563,2.0510349422693253,0.0,0.0,8.398863021284342,524.1957269608974,2272.748345742002,111000,111000,,2.793683898093503,,False,False,ok
BNCI2014_001,resampled_spectral_normalized_power_s1,resampled,spectral,normalized_power,3,6398,223,500,500,1.0,22,253,0.0004186007899842155,0.020459735823910717,6.908099314258846,0.6773571897096253,32.26428102903747,32.26428102903747,0.0002140621191670205,2.793683898093503,0.0002779247200722526,0.00012321036578378776,0.0008543503915425687,7.539638724563165e-05,188.24073761048203,5.716247880429665,0.03017952124818757,0.09236224807369398,0.1459989447547685,31151,d2c40f8a8421285e46342d1b114bd378224d7e30ae1f97fe86011a98e7c1ecbd,three_row_sha256,340e633ba0e8bbfe50452e67924c63b855a2934629401f23e0ab3885af4f1cca,8b3956404398690bbe02d2f590fbbfce2ca696f3e3b691ed979e35e9b8276d71,8b10f26c63efc1e7b779523080bc9e1215bab2b21d36db41ba7894df17ba36f1,0.22912700660526752,0.2246007788926363,0.2266399096697569,0.5572629161179066,0.1377561129629612,0.6382339634001255,0.1825517974793911,2.196172485128045,0.0,0.0,8.433175971731544,526.3918994460255,2281.1815217137337,111500,111500,,2.793683898093503,,False,False,ok
BNCI2014_001,resampled_spectral_normalized_power_s1,resampled,spectral,normalized_power,3,6398,224,500,500,1.0,22,253,0.0004053549100092882,0.020133427676610065,6.917819722671471,0.6783103011554343,32.168969884456565,32.168969884456565,0.00021053127966083845,2.793683898093503,0.0002674985891629575,0.0001202397236424068,0.0007819311661482379,6.269601808940166e-05,188.24073761048203,5.716247880429664,0.03017952124818757,0.09236224807369398,0.1459989447547685,31374,7d079f16d3ddce43dc58b7253afab5ebc99e8e1788849ee806594bc480264ed8,three_row_sha256,c696b28f55697a0b705d6e982b2603b520c3dcc786a15bbeb047a4790d9923f4,8b3956404398690bbe02d2f590fbbfce2ca696f3e3b691ed979e35e9b8276d71,8b10f26c63efc1e7b779523080bc9e1215bab2b21d36db41ba7894df17ba36f1,0.20968983881175518,0.2236987929791212,0.22053392603993416,0.5370450671762228,0.13200193643569946,0.669325003400445,0.16220798715949059,2.1545025520026684,0.0,0.0,8.693540934473276,528.5464019980282,2289.875062648207,112000,112000,,2.793683898093503,,False,False,ok
BNCI2014_001,resampled_spectral_normalized_power_s1,resampled,spectral,normalized_power,3,6398,225,500,500,1.0,22,253,0.0004002999203543419,0.020007496603881802,6.904433493637358,0.6769977464183244,32.30022535816756,32.30022535816756,0.00020300184475435107,2.793683898093503,0.0002721256919440331,0.00011726336665922928,0.0006500314360958612,8.354864569686684e-05,188.24073761048206,5.716247880429664,0.03017952124818757,0.09236224807369398,0.1459989447547685,31598,f268ded119530d5de2ff02341ad3ce1548029e83708cdcd73b6285ce4a1d74e3,three_row_sha256,246dfddbd1a9c3e6bda59f89705c44e79007a6e69526b430d1ebf08d638888be,8b3956404398690bbe02d2f590fbbfce2ca696f3e3b691ed979e35e9b8276d71,8b10f26c63efc1e7b779523080bc9e1215bab2b21d36db41ba7894df17ba36f1,0.20927400328218937,0.22146501578390598,0.21908199414610863,0.5396869964897633,0.13724504970014095,0.7729120552539825,0.17727306112647057,2.2769381757825613,0.0,0.0,9.453082922846079,530.8233401738107,2299.328145571053,112500,112500,,2.793683898093503,,False,False,ok
BNCI2014_001,resampled_spectral_normalized_power_s1,resampled,spectral,normalized_power,3,6398,226,500,500,1.0,22,253,0.0003978587414142006,0.01994639670251749,6.896940092726058,0.67626299887754,32.37370011224599,32.37370011224599,0.0002084123081256813,2.793683898093503,0.0002654462232961975,0.00011563963131908195,0.0007568981666609643,7.5436328235429e-05,188.240737610482,5.716247880429664,0.03017952124818757,0.09236224807369398,0.1459989447547685,31823,43133b815d0016edc13438539d0e8d4e57bb16fbfbd9fa82de8fcbb332edd8a4,three_row_sha256,1d0b7091c73671061431a7f8958fff4028b7bf18b745852972a6d6eafe472cbb,8b3956404398690bbe02d2f590fbbfce2ca696f3e3b691ed979e35e9b8276d71,8b10f26c63efc1e7b779523080bc9e1215bab2b21d36db41ba7894df17ba36f1,0.3879680298268795,0.2552520018070936,0.263189896941185,0.9916750714182854,0.24638907052576542,0.8173868991434574,0.3017778508365154,3.2636388204991817,0.0,0.0,10.368837974965572,534.0869789943099,2309.6969835460186,113000,113000,,2.793683898093503,,False,False,ok
BNCI2014_001,resampled_spectral_normalized_power_s1,resampled,spectral,normalized_power,3,6398,227,500,500,1.0,22,253,0.00041905781410302075,0.02047090164362627,6.896386636309977,0.6762087310296749,32.379126897032506,32.379126897032506,0.00021763373660675157,2.793683898093503,0.0002759852689153462,0.0001218534273750191,0.000922566657593525,6.55359703908633e-05,188.24073761048203,5.716247880429664,0.03017952124818757,0.09236224807369398,0.1459989447547685,32049,aace93d30bfce76d8ecc925f0bd61dbee440299ace63711cf54e4df285380f71,three_row_sha256,aabb4d97402c7c2f11ad068daf02137d4c4f905c3dfaed07092ad05009c47e23,8b3956404398690bbe02d2f590fbbfce2ca696f3e3b691ed979e35e9b8276d71,8b10f26c63efc1e7b779523080bc9e1215bab2b21d36db41ba7894df17ba36f1,0.30063698068261147,0.24809991009533405,0.2402749378234148,0.8666180074214935,0.19890908151865005,0.6664770189672709,0.2929558977484703,2.813971834257245,0.0,0.0,10.725310072302818,536.9009508285671,2320.4222936183214,113500,113500,,2.793683898093503,,False,False,ok
BNCI2014_001,resampled_spectral_normalized_power_s1,resampled,spectral,normalized_power,3,6398,228,500,500,1.0,22,253,0.0004306014193536183,0.020750937794558066,6.889094518207446,0.675493719794274,32.45062802057261,32.45062802057261,0.00022433515488353743,2.793683898093503,0.0002780812506045669,0.00012799086462550845,0.001126187610360269,7.483681839875195e-05,188.240737610482,5.716247880429664,0.03017952124818757,0.09236224807369398,0.1459989447547685,32276,1cbb2904b26c05a3dc2ac54157d290dd5829e1cd73e3586b86068f3bf635b957,three_row_sha256,a8ae8dffde185dab8f7a162a765b32bf0ece66882024100fc2449669b20678b7,8b3956404398690bbe02d2f590fbbfce2ca696f3e3b691ed979e35e9b8276d71,8b10f26c63efc1e7b779523080bc9e1215bab2b21d36db41ba7894df17ba36f1,0.22683106362819672,0.2245800569653511,0.22670789621770382,0.5658480804413557,0.1379752065986395,0.599337974563241,0.24737813510000706,2.228658413514495,0.0,0.0,12.22319807857275,539.1296092420816,2332.645491696894,114000,114000,,2.793683898093503,,False,False,ok
BNCI2014_001,resampled_spectral_normalized_power_s1,resampled,spectral,normalized_power,3,6398,229,500,500,1.0,22,253,0.0004085191921360798,0.020211857711157574,6.886140113159314,0.675204032658981,32.47959673410189,32.47959673410189,0.00020563333779480085,2.793683898093503,0.0002753832201426946,0.00012016094212970524,0.0006970518903819708,7.416793916230582e-05,188.240737610482,5.716247880429665,0.03017952124818757,0.09236224807369398,0.1459989447547685,32504,1540c3cd2cb320d77c36013a8c6d84384cdb7bdaa299cd7b7d4e03e90321dc27,three_row_sha256,d32813bbf5ac28cefba9d8e2eca8fb0d83553bd7c00aad38b8f2e72da36f91ed,8b3956404398690bbe02d2f590fbbfce2ca696f3e3b691ed979e35e9b8276d71,8b10f26c63efc1e7b779523080bc9e1215bab2b21d36db41ba7894df17ba36f1,0.22509810514748096,0.22240914404392242,0.22400193847715855,0.5534258671104908,0.13430998660624027,0.650135101750493,0.16393093392252922,2.1733110770583153,0.0,0.0,12.747439090162516,541.30292031914,2345.3929307870567,114500,114500,,2.793683898093503,,False,False,ok
BNCI2014_001,resampled_spectral_normalized_power_s1,resampled,spectral,normalized_power,3,6398,230,500,500,1.0,22,253,0.00041953693712921914,0.020482600838985735,6.880009936947159,0.6746029528622678,32.539704713773226,32.539704713773226,0.00021006634903567224,2.793683898093503,0.0002829633455349638,0.00012212698535948562,0.000737422239351482,8.233287915103162e-05,188.24073761048203,5.716247880429664,0.03017952124818757,0.09236224807369398,0.1459989447547685,32733,1a5f399cbd8ee27442020695fc9503025966f2f484ef260b5b13fd7e3219b961,three_row_sha256,ad3abe793188114c7251c71db004b0999766ff8d5344c4a3f497c8518a70fe2e,8b3956404398690bbe02d2f590fbbfce2ca696f3e3b691ed979e35e9b8276d71,8b10f26c63efc1e7b779523080bc9e1215bab2b21d36db41ba7894df17ba36f1,0.21829991601407528,0.22272812202572823,0.2220741007477045,0.55137206800282,0.1347328070551157,0.6641549989581108,0.1630240585654974,2.176386071369052,0.0,0.0,11.245133122429252,543.479306390509,2356.638063909486,115000,115000,,2.793683898093503,,False,False,ok
BNCI2014_001,resampled_spectral_normalized_power_s1,resampled,spectral,normalized_power,3,6398,231,500,500,1.0,22,253,0.0004279546035115127,0.02068706367543525,6.888270512017371,0.6754129238340798,32.45870761659203,32.45870761659203,0.0002202263831047633,2.7936838980935033,0.0002783927185771857,0.00012766740662825598,0.0009578226698517662,8.239828304461155e-05,188.24073761048203,5.716247880429664,0.03017952124818757,0.09236224807369398,0.1459989447547685,32963,99c672d612d80c9773903e17e83c7b9d7aec76b701b11be2a2fae8c813569697,three_row_sha256,2e80aa039e090ebd8fa8fb7d121330be7404b5ca065ff1043374ed6ebac2b5e8,8b3956404398690bbe02d2f590fbbfce2ca696f3e3b691ed979e35e9b8276d71,8b10f26c63efc1e7b779523080bc9e1215bab2b21d36db41ba7894df17ba36f1,0.37446897476911545,0.2429939340800047,0.2544580493122339,0.5971461068838835,0.1434639561921358,0.6589828990399837,0.18748105503618717,2.4589949753135443,0.0,0.0,9.731907164677978,545.9383013658226,2366.369971074164,115500,115500,,2.793683898093503,,False,False,ok
BNCI2014_001,resampled_spectral_normalized_power_s1,resampled,spectral,normalized_power,3,6398,232,500,500,1.0,22,253,0.00040477036833745975,0.020118905744037366,6.873968087516745,0.6740105337373158,32.59894662626842,32.59894662626842,0.00021128788748216252,2.793683898093503,0.0002695895066576042,0.00011684154995860787,0.0009071227855182065,7.349270930697881e-05,188.24073761048203,5.716247880429664,0.03017952124818757,0.09236224807369398,0.1459989447547685,33194,ef16668028afec2039b65a97002d6170fda2413b83475f2f6fac2aa5387b40db,three_row_sha256,c6b737042900e9e69c7bb15247816ce556b414483eecab5b22d77755e2fcc05c,8b3956404398690bbe02d2f590fbbfce2ca696f3e3b691ed979e35e9b8276d71,8b10f26c63efc1e7b779523080bc9e1215bab2b21d36db41ba7894df17ba36f1,0.34663500264286995,0.24723890237510204,0.24560210295021534,0.9503781329840422,0.24441489949822426,0.6380239501595497,0.2857910003513098,2.9580839909613132,0.0,0.0,9.643248980864882,548.8963853567839,2376.013220055029,116000,116000,,2.793683898093503,,False,False,ok
BNCI2014_001,resampled_spectral_normalized_power_s1,resampled,spectral,normalized_power,3,6398,233,500,500,1.0,22,253,0.00042203169403973867,0.020543409990547788,6.861745861920499,0.6728121125790123,32.71878874209877,32.71878874209877,0.0002149375454248899,2.793683898093503,0.00027949403636238216,0.00012437732687870992,0.0007831293257246359,6.230443758156683e-05,188.240737610482,5.716247880429664,0.03017952124818757,0.09236224807369398,0.1459989447547685,33426,ff5c6240abe4bb3cd5070c574a9638829d5e9c584785d40929fcc529aa7b3496,three_row_sha256,eca7fd343f6a3c431ba6d9686bc807b4b6712afc2b85d8f855f755f7e975d918,8b3956404398690bbe02d2f590fbbfce2ca696f3e3b691ed979e35e9b8276d71,8b10f26c63efc1e7b779523080bc9e1215bab2b21d36db41ba7894df17ba36f1,0.21673389710485935,0.22351020015776157,0.2223048359155655,0.5456919316202402,0.1335779670625925,0.5686730146408081,0.16371812671422958,2.074209973216057,0.0,0.0,11.966065969318151,550.9705953299999,2387.979286024347,116500,116500,,2.793683898093503,,False,False,ok
BNCI2014_001,resampled_spectral_normalized_power_s1,resampled,spectral,normalized_power,3,6398,234,500,500,1.0,22,253,0.0004360358206345915,0.020881470748838348,6.849909682508484,0.6716515442578717,32.83484557421283,32.83484557421283,0.00022618213659182518,2.793683898093503,0.0002779961962994343,0.00013272431623704897,0.0010773235957187398,5.414572003303296e-05,188.240737610482,5.716247880429664,0.03017952124818757,0.09236224807369398,0.1459989447547685,33659,039087a54a4a1c409aee5d8017d06a5306038b2f06b8a99585c7df300c248a90,three_row_sha256,3fe78ad9af588cff18fa29651f4cfe99f8dbf4d3bc140d551cea133c0e37e4aa,8b3956404398690bbe02d2f590fbbfce2ca696f3e3b691ed979e35e9b8276d71,8b10f26c63efc1e7b779523080bc9e1215bab2b21d36db41ba7894df17ba36f1,0.2815399784594774,0.3342467825859785,0.24406216107308865,0.7282679434865713,0.15854602679610252,0.7301790174096823,0.21289102733135223,2.689732937142253,0.0,0.0,9.188620140776038,553.6603282671422,2397.167906165123,117000,117000,,2.793683898093503,,False,False,ok
BNCI2014_001,resampled_spectral_normalized_power_s1,resampled,spectral,normalized_power,3,6398,235,500,500,1.0,22,253,0.00041661054563425694,0.020411039797968572,6.864951731225441,0.6731264564418009,32.68735435581991,32.68735435581991,0.00021356976023800248,2.793683898093503,0.0002789723187137152,0.0001202737592676384,0.0007884655572834288,6.734403282397287e-05,188.24073761048203,5.716247880429664,0.03017952124818757,0.09236224807369398,0.1459989447547685,33893,62913f4a4d863ee6ecf92679c2463d8f2a2095f3a47e8470b13ac0a8ce663fb8,three_row_sha256,924cd7ce4c41ab37202c66eb5ea9409f39f05b088abdf6d88b8a124b3157af1b,8b3956404398690bbe02d2f590fbbfce2ca696f3e3b691ed979e35e9b8276d71,8b10f26c63efc1e7b779523080bc9e1215bab2b21d36db41ba7894df17ba36f1,0.2532580401748419,0.2274948637932539,0.23387395776808262,0.5969051271677017,0.13671396300196648,0.8475938811898232,0.18116598948836327,2.477005822584033,0.0,0.0,8.561313152313232,556.1373340897262,2405.729219317436,117500,117500,,2.793683898093503,,False,False,ok
BNCI2014_001,resampled_spectral_normalized_power_s1,resampled,spectral,normalized_power,3,6398,236,500,500,1.0,22,253,0.0004143029491855062,0.02035443315804953,6.854768897179985,0.6721280029543022,32.78719970456978,32.78719970456978,0.00021103192683144217,2.7936838980935024,0.00027781239456768007,0.00012001677209870414,0.0007990696238899609,6.87863763609749e-05,188.24073761048203,5.716247880429664,0.03017952124818757,0.09236224807369398,0.1459989447547685,34128,b4011dc5ddb75a34645d7146cf9d778a0222c2131b9aa13aa475e49843709429,three_row_sha256,bdf77d401000a4395e5b3a659e37bd5c6ad58d4ab76c9db1e68e26e5b9ccb8eb,8b3956404398690bbe02d2f590fbbfce2ca696f3e3b691ed979e35e9b8276d71,8b10f26c63efc1e7b779523080bc9e1215bab2b21d36db41ba7894df17ba36f1,0.27471501380205154,0.2291100099682808,0.2359040081501007,0.8085980080068111,0.15615299344062805,0.6611088756471872,0.2005880232900381,2.5661769323050976,0.0,0.0,8.805745979771018,558.7035110220313,2414.5349652972072,118000,118000,,2.793683898093503,,False,False,ok
BNCI2014_001,resampled_spectral_normalized_power_s1,resampled,spectral,normalized_power,3,6398,237,500,500,1.0,22,253,0.000430723736991795,0.02075388486505105,6.846817075503929,0.6713483060596082,32.86516939403918,32.86516939403918,0.00022051281063785376,2.793683898093503,0.00027916116892802613,0.0001284546701108295,0.0009319036913443858,6.550647894378289e-05,188.240737610482,5.716247880429664,0.03017952124818757,0.09236224807369398,0.1459989447547685,34364,2f0f4b6e001684ddcaf4c3fe65a35da37ac76d2adad460f5281ffc7e07f52cb4,three_row_sha256,cc8ff189d8cc76ebfb050b255601dfae44e016bf1030805037b2359b9396cb0e,8b3956404398690bbe02d2f590fbbfce2ca696f3e3b691ed979e35e9b8276d71,8b10f26c63efc1e7b779523080bc9e1215bab2b21d36db41ba7894df17ba36f1,0.22266991436481476,0.22254278883337975,0.22454606369137764,0.5632909014821053,0.13216794468462467,0.5963039584457874,0.16683293506503105,2.1283545065671206,0.0,0.0,8.488296996802092,560.8318655285984,2423.0232622940093,118500,118500,,2.793683898093503,,False,False,ok
BNCI2014_001,resampled_spectral_normalized_power_s1,resampled,spectral,normalized_power,3,6398,238,500,500,1.0,22,253,0.0004442499281265281,0.02107723720335585,6.841430834598369,0.670820171063726,32.91798289362739,32.91798289362739,0.00022898533576120423,2.793683898093503,0.00028418251708540066,0.00013459514786336892,0.0011424825059378764,7.737316992996438e-05,188.24073761048203,5.716247880429664,0.03017952124818757,0.09236224807369398,0.1459989447547685,34601,6954c39f2c15419d58fde513e7f5178e40c8494251055894a7065762efb0cf66,three_row_sha256,60433d096eda74ef3f41ff97cb2a2df56f9fbc94102964f027c8c5f44d90015d,8b3956404398690bbe02d2f590fbbfce2ca696f3e3b691ed979e35e9b8276d71,8b10f26c63efc1e7b779523080bc9e1215bab2b21d36db41ba7894df17ba36f1,0.21792692132294178,0.2243509516119957,0.22057490423321724,0.5624380428344011,0.1339660957455635,1.056718174368143,0.16338704153895378,2.579362131655216,0.0,0.0,8.853970095515251,563.4112276602536,2431.8772323895246,119000,119000,,2.793683898093503,,False,False,ok
BNCI2014_001,resampled_spectral_normalized_power_s1,resampled,spectral,normalized_power,3,6398,239,500,500,1.0,22,253,0.0004358667434626822,0.020877421858617556,6.848550668016072,0.6715182893355728,32.84817106644272,32.84817106644272,0.0002209273499639628,2.793683898093503,0.00028341134183172754,0.00013216878143862493,0.0009109311978404209,7.361764381471437e-05,188.24073761048203,5.716247880429664,0.03017952124818757,0.09236224807369398,0.1459989447547685,34839,633be9ee6d7e8583adf156fc88b33ac16fc6db7e6d4a152b05f7488dc58cd719,three_row_sha256,03a95e469cc22c1a65783010e5056c290c3a48709fdb5783baa63d0659cefb14,8b3956404398690bbe02d2f590fbbfce2ca696f3e3b691ed979e35e9b8276d71,8b10f26c63efc1e7b779523080bc9e1215bab2b21d36db41ba7894df17ba36f1,0.2257020678371191,0.22272812202572823,0.22577191703021526,0.5641230382025242,0.13589998707175255,0.7186590228229761,0.16989000141620636,2.262774156406522,0.0,0.0,8.085254114121199,565.6740018166602,2439.962486503646,119500,119500,,2.793683898093503,,False,False,ok
BNCI2014_001,resampled_spectral_normalized_power_s1,resampled,spectral,normalized_power,3,6398,240,500,500,1.0,22,253,0.00042721887457510167,0.020669273682814827,6.8436347038716345,0.6710362662050257,32.89637337949743,32.89637337949743,0.0002167126989439146,2.793683898093503,0.00028027982422563087,0.000128083332646616,0.0008359186205766577,7.651164997756785e-05,188.24073761048203,5.716247880429664,0.03017952124818757,0.09236224807369398,0.1459989447547685,35078,f726b282f518c4ec0325a544d877675e0858210fbd19876751e7cd1ebde936fa,three_row_sha256,6170a2b317e13b6b62fb0d5241960be2f5bae0f9a549f3c411e440b5995088b8,8b3956404398690bbe02d2f590fbbfce2ca696f3e3b691ed979e35e9b8276d71,8b10f26c63efc1e7b779523080bc9e1215bab2b21d36db41ba7894df17ba36f1,0.23005204275250435,0.22399402223527431,0.22265920415520668,0.5567199550569057,0.13458705507218838,0.7184781134128571,0.16480707563459873,2.2512974683195353,0.0,0.0,8.62638489343226,567.9252992849797,2448.588871397078,120000,120000,,2.793683898093503,,False,False,ok
BNCI2014_001,resampled_spectral_normalized_power_s1,resampled,spectral,normalized_power,3,6398,241,500,500,1.0,22,253,0.0004049145428014747,0.02012248848431711,6.84744799654468,0.6714101695163495,32.858983048365054,32.858983048365054,0.00021186576811956924,2.793683898093503,0.00026863236456435574,0.00011744028666077689,0.0009057574086368434,6.0492457819261034e-05,188.240737610482,5.716247880429664,0.03017952124818757,0.09236224807369398,0.1459989447547685,35318,a34a2b951ae41724d2a749a7082bda027fbc0980f2a2fff0507faf209cb8dcb1,three_row_sha256,34fd3e91cdcbac8e9951bb8c644140faf4a2330833d2d1b649ac6c10ff8b88f6,8b3956404398690bbe02d2f590fbbfce2ca696f3e3b691ed979e35e9b8276d71,8b10f26c63efc1e7b779523080bc9e1215bab2b21d36db41ba7894df17ba36f1,0.21544797345995903,0.22751698270440102,0.21936208941042423,0.5417950451374054,0.13413000851869583,0.8850251324474812,0.17310399562120438,2.396381227299571,0.0,0.0,11.0081119928509,570.3216805122793,2459.596983389929,120500,120500,,2.793683898093503,,False,False,ok
BNCI2014_001,resampled_spectral_normalized_power_s1,resampled,spectral,normalized_power,3,6398,242,500,500,1.0,22,253,0.0004041133493173216,0.02010257071414802,6.833473242465809,0.6700399083606927,32.99600916393073,32.99600916393073,0.0002110555039320618,2.793683898093503,0.00027399316505829417,0.00011453714900495279,0.0008552479975731021,4.913328411004577e-05,188.24073761048203,5.716247880429665,0.03017952124818757,0.09236224807369398,0.1459989447547685,35559,aa938ccacb83e496a608e92f9ca3e8031f163876b38a2ae4fbabc576f63d2039,three_row_sha256,1570f3289c5a79daa25ec2f8688c2d9e12e74336215fd035817ab5c35ec438fa,8b3956404398690bbe02d2f590fbbfce2ca696f3e3b691ed979e35e9b8276d71,8b10f26c63efc1e7b779523080bc9e1215bab2b21d36db41ba7894df17ba36f1,0.41843391954898834,0.23055006749927998,0.25500310584902763,0.8504199795424938,0.2097517717629671,0.7850108668208122,0.26306393556296825,3.0122336465865374,0.0,0.0,10.837662033736706,573.3339141588658,2470.4346454236656,121000,121000,,2.793683898093503,,False,False,ok
BNCI2014_001,resampled_spectral_normalized_power_s1,resampled,spectral,normalized_power,3,6398,243,500,500,1.0,22,253,0.0003977460174303942,0.01994357082947771,6.841382002956437,0.67081538299363,32.91846170063701,32.91846170063701,0.00020900328018791115,2.793683898093503,0.0002692838262994048,0.00011234204736266577,0.0008497769368683364,6.386718379290272e-05,188.240737610482,5.716247880429664,0.03017952124818757,0.09236224807369398,0.1459989447547685,35801,a049168a6b04c221d1f5a0b906496730795d821b3cee7c9aa0284d9e7f53d503,three_row_sha256,5f384001b4115eb8978483cd22eaa146a07b73ff6be75fc7572dbc63e7d28e6d,8b3956404398690bbe02d2f590fbbfce2ca696f3e3b691ed979e35e9b8276d71,8b10f26c63efc1e7b779523080bc9e1215bab2b21d36db41ba7894df17ba36f1,0.23624394088983536,0.2258680760860443,0.22724689915776253,0.5725491791963577,0.13532210141420364,0.6260229274630547,0.16997521743178368,2.193228341639042,0.0,0.0,10.079088155180216,575.5271425005049,2480.513733578846,121500,121500,,2.793683898093503,,False,False,ok
BNCI2014_001,resampled_spectral_normalized_power_s1,resampled,spectral,normalized_power,3,6398,244,500,500,1.0,22,253,0.0003988585960916926,0.01997144451690194,6.836685425889985,0.6703548713393721,32.9645128660628,32.9645128660628,0.0002055995107958971,2.793683898093503,0.00027216419596793625,0.00011284891159247009,0.0007677446696850241,7.457328293886825e-05,188.24073761048203,5.716247880429664,0.03017952124818757,0.09236224807369398,0.1459989447547685,36044,bbe5f4a6cd3b85b5ef1fc9c59a07b372f277f4fbb5d2363b40d26e71a53f488a,three_row_sha256,bd12c062420e4e15d06770799357df8580fd99cc5e7b5657c336942eaf6f1df4,8b3956404398690bbe02d2f590fbbfce2ca696f3e3b691ed979e35e9b8276d71,8b10f26c63efc1e7b779523080bc9e1215bab2b21d36db41ba7894df17ba36f1,0.3609380219131708,0.2512098290026188,0.2536601386964321,0.9740570094436407,0.24352106265723705,0.6515411660075188,0.24720188230276108,2.9821291100233793,0.0,0.0,9.095010114833713,578.5092716105282,2489.6087436936796,122000,122000,,2.793683898093503,,False,False,ok
BNCI2014_001,resampled_spectral_normalized_power_s1,resampled,spectral,normalized_power,3,6398,245,500,500,1.0,22,253,0.0004117259311925092,0.02029103080655365,6.829872924502253,0.6696868877761708,33.03131122238292,33.03131122238292,0.00021583527068854474,2.793683898093503,0.00027197807344921533,0.00011906146530722968,0.0009116004345032162,7.620412617897401e-05,188.24073761048203,5.716247880429664,0.03017952124818757,0.09236224807369398,0.1459989447547685,36288,6028417c63c3b1e8fdd0269a345be7369edf2c08c043501b123cb6b2ee282b08,three_row_sha256,8e25f771a0b978ad0c457e636315cc9b174198a9fa295ec3e516875377f60069,8b3956404398690bbe02d2f590fbbfce2ca696f3e3b691ed979e35e9b8276d71,8b10f26c63efc1e7b779523080bc9e1215bab2b21d36db41ba7894df17ba36f1,0.2244620118290186,0.2225551288574934,0.22124103270471096,0.556193059310317,0.1351931132376194,0.6075238343328238,0.2311349380761385,2.1983031183481216,0.0,0.0,11.204951908439398,580.7075747288764,2500.813695602119,122500,122500,,2.793683898093503,,False,False,ok
BNCI2014_001,resampled_spectral_normalized_power_s1,resampled,spectral,normalized_power,3,6398,246,500,500,1.0,22,253,0.00040364458697802005,0.020090908067531943,6.822652903498495,0.6689789458497055,33.10210541502944,33.10210541502944,0.00021615901629077258,2.793683898093503,0.00026655027735000494,0.00011595721210425911,0.0010286377303023082,6.629162000476723e-05,188.24073761048203,5.716247880429664,0.03017952124818757,0.09236224807369398,0.1459989447547685,36533,bcbe69187c701980d1c13a8309e97efca4312e772f1d095eceb7e297db2b17a1,three_row_sha256,66ac25391067f0acaf044608fcb69e40c2e037959f7e511c0ba0eba6412d762e,8b3956404398690bbe02d2f590fbbfce2ca696f3e3b691ed979e35e9b8276d71,8b10f26c63efc1e7b779523080bc9e1215bab2b21d36db41ba7894df17ba36f1,0.2174640540033579,0.22282195277512074,0.22268714383244514,0.5552300717681646,0.13061705976724625,0.7153309416025877,0.19457191228866577,2.258723136037588,0.0,0.0,10.754108894616365,582.9662978649139,2511.5678044967353,123000,123000,,2.793683898093503,,False,False,ok
BNCI2014_001,resampled_spectral_normalized_power_s1,resampled,spectral,normalized_power,3,6398,247,500,500,1.0,22,253,0.00042184265844649727,0.020538808593647716,6.8302733559565825,0.669726151126658,33.02738488733421,33.02738488733421,0.0002172718098198918,2.793683898093503,0.0002805800217980659,0.00012325194910183708,0.0009883653677343288,7.001899909189562e-05,188.240737610482,5.716247880429665,0.03017952124818757,0.09236224807369398,0.1459989447547685,36779,f25553851e5a37543392ecf8e6640c9e91f47b02990c552c9a97752f2802b6b4,three_row_sha256,5a04cb85f46cf71bed250e7a5dbb35d3ca4a1c115ebc71d166d6ab35c8525e68,8b3956404398690bbe02d2f590fbbfce2ca696f3e3b691ed979e35e9b8276d71,8b10f26c63efc1e7b779523080bc9e1215bab2b21d36db41ba7894df17ba36f1,0.25001983158290386,0.22709998302161694,0.23251399397850037,0.6042311433702707,0.14047184959053993,0.6895859260112047,0.1824100036174059,2.3263327311724424,0.0,0.0,9.971789084374905,585.2926305960864,2521.5395935811102,123500,123500,,2.793683898093503,,False,False,ok
BNCI2014_001,resampled_spectral_normalized_power_s1,resampled,spectral,normalized_power,3,6398,248,500,500,1.0,22,253,0.00041196485186624054,0.020296917299586176,6.837207390111357,0.670406051295252,32.9593948704748,32.9593948704748,0.00021080662992704056,2.793683898093503,0.0002744566021904447,0.00012192838971892193,0.0007500900949664699,7.354195793373453e-05,188.240737610482,5.716247880429664,0.03017952124818757,0.09236224807369398,0.1459989447547685,37026,d548aa8b4cbbc9f2275b5d736625f0ff0e90d3491bc59b67df8c726ec7bfbfff,three_row_sha256,de8f15c937b30fe4f019b7a587096a75c186e2b609ce7b63c9279fe72c46bdf8,8b3956404398690bbe02d2f590fbbfce2ca696f3e3b691ed979e35e9b8276d71,8b10f26c63efc1e7b779523080bc9e1215bab2b21d36db41ba7894df17ba36f1,0.37274695932865143,0.2537029795348644,0.24587009102106094,0.962067861109972,0.24587404914200306,0.6408737972378731,0.28802198357880116,3.009157720953226,0.0,0.0,8.88389814645052,588.3017883170396,2530.4234917275608,124000,124000,,2.793683898093503,,False,False,ok
BNCI2014_001,resampled_spectral_normalized_power_s1,resampled,spectral,normalized_power,3,6398,249,500,500,1.0,22,253,0.0004150336324509642,0.020372374246782437,6.844309653423896,0.671102446772374,32.8897553227626,32.8897553227626,0.0002183221989019447,2.793683898093503,0.00027084219401521864,0.0001229472303422794,0.0009591283711994851,6.699537825326143e-05,188.240737610482,5.716247880429664,0.03017952124818757,0.09236224807369398,0.1459989447547685,37274,4c3848fa3acc00136bad9252bba78e330cb546c8e33d9dc429f303adbc269066,three_row_sha256,ea95293c7b3b73f6eba0ee23e1cf54d1746078972ace8dcf537e857252922fe3,8b3956404398690bbe02d2f590fbbfce2ca696f3e3b691ed979e35e9b8276d71,8b10f26c63efc1e7b779523080bc9e1215bab2b21d36db41ba7894df17ba36f1,0.2926529850810766,0.2403738908469677,0.23319688625633717,0.8126439061015844,0.20437012426555157,0.742174917832017,0.2762631047517061,2.8016758151352406,0.0,0.0,9.90768289193511,591.1034641321748,2540.331174619496,124500,124500,,2.793683898093503,,False,False,ok
BNCI2014_001,resampled_spectral_normalized_power_s1,resampled,spectral,normalized_power,3,6398,250,500,500,1.0,22,253,0.00042264080150059935,0.020558229532248135,6.834269041268299,0.670117938512824,32.98820614871761,32.98820614871761,0.00021401619969107689,2.793683898093503,0.00027951402383047185,0.0001253848989256135,0.0007805724283790373,6.113168774849147e-05,188.24073761048203,5.716247880429664,0.03017952124818757,0.09236224807369398,0.1459989447547685,37523,d5f91d8a1aec9c5fce557e71c6db7304ecbada9e8b54f31e4cbf19f88c5f4c5a,three_row_sha256,4d505ad6037c7ff0bb9c66b85083d4c7f48ebeecb6de4895afc9170e3ac4ce1c,8b3956404398690bbe02d2f590fbbfce2ca696f3e3b691ed979e35e9b8276d71,8b10f26c63efc1e7b779523080bc9e1215bab2b21d36db41ba7894df17ba36f1,0.2166018821299076,0.22196117788553238,0.22223195992410183,0.5449960008263588,0.13229693286120892,0.5715568549931049,0.1620161347091198,2.0716609433293343,0.0,0.0,11.847515823319554,593.1751250755042,2552.1786904428154,125000,125000,,2.793683898093503,,False,False,ok
BNCI2014_001,resampled_spectral_normalized_power_s1,resampled,spectral,normalized_power,3,6398,251,500,500,1.0,22,253,0.00041684105299926615,0.020416685651673882,6.841674911518987,0.6708441034436039,32.91558965563961,32.91558965563961,0.00021487419020022812,2.793683898093503,0.0002762700103060266,0.0001228776542541594,0.000851859195714805,7.18428691801087e-05,188.240737610482,5.716247880429664,0.03017952124818757,0.09236224807369398,0.1459989447547685,37773,5efbc8f762154d4212fe02cfb584f4792fe2c793eec752cf6bcb6e7a5057b7f9,three_row_sha256,0c886031a856b910d06eee09e2d49ae91c7edb4e7c6f09ecff727a849bf5a03f,8b3956404398690bbe02d2f590fbbfce2ca696f3e3b691ed979e35e9b8276d71,8b10f26c63efc1e7b779523080bc9e1215bab2b21d36db41ba7894df17ba36f1,0.26631983928382397,0.2277740277349949,0.24329498410224915,0.5985638126730919,0.16508693806827068,0.7976689375936985,0.2438211813569069,2.542529720813036,0.0,0.0,12.86305207759142,595.7176547963172,2565.041742520407,125500,125500,,2.793683898093503,,False,False,ok
BNCI2014_001,resampled_spectral_normalized_power_s1,resampled,spectral,normalized_power,3,6398,252,500,500,1.0,22,253,0.0004336708735474702,0.02082476587017175,6.831028255954881,0.6698001710441632,33.01998289558368,33.01998289558368,0.000220512694953318,2.793683898093503,0.0002826561472503951,0.00012930980378898088,0.000902196780670632,6.538549209658302e-05,188.240737610482,5.716247880429664,0.03017952124818757,0.09236224807369398,0.1459989447547685,38024,bb63548e28619d31c74feefa2948514183ac0d248ed980a0ec97c7b8a2a368e6,three_row_sha256,d0e5eb4177d67bbde581abbc69b858f28573381ddc3264e0f2553de795a3d9d5,8b3956404398690bbe02d2f590fbbfce2ca696f3e3b691ed979e35e9b8276d71,8b10f26c63efc1e7b779523080bc9e1215bab2b21d36db41ba7894df17ba36f1,0.2613859251141548,0.2271879930049181,0.23939483799040318,0.5947640165686607,0.1368238590657711,0.6480820011347532,0.17983000725507736,2.2874686401337385,0.0,0.0,12.366396142169833,598.005123436451,2577.4081386625767,126000,126000,,2.793683898093503,,False,False,ok
BNCI2014_001,resampled_spectral_normalized_power_s1,resampled,spectral,normalized_power,3,6398,253,500,500,1.0,22,253,0.00043384943711904445,0.02082905271775566,6.81393984240749,0.6681246074411378,33.187539255886215,33.187539255886215,0.00022359610496691914,2.793683898093503,0.0002787044564589849,0.00013297726253206837,0.000919035524880268,6.119143366897301e-05,188.240737610482,5.716247880429664,0.03017952124818757,0.09236224807369398,0.1459989447547685,38276,7da71afcec33af91ada643514c89629aacb61c60a32d5d2d04d58ccf13996f7c,three_row_sha256,7186153e2aaf0704d27d9f961ba1e04c5634ab9bd7ba30e80aa38ef92e4aa0be,8b3956404398690bbe02d2f590fbbfce2ca696f3e3b691ed979e35e9b8276d71,8b10f26c63efc1e7b779523080bc9e1215bab2b21d36db41ba7894df17ba36f1,0.31724502332508564,0.23217196576297283,0.23430283181369305,0.5623900797218084,0.13509602285921574,0.6062379106879234,0.16654585488140583,2.253989689052105,0.0,0.0,10.466395178809762,600.2591131255031,2587.8745338413864,126500,126500,,2.793683898093503,,False,False,ok
BNCI2014_001,resampled_spectral_normalized_power_s1,resampled,spectral,normalized_power,3,6398,254,500,500,1.0,22,253,0.0004185896314207664,0.02045946312640599,6.814993210532799,0.6682278929384404,33.17721070615596,33.17721070615596,0.00021842761940164398,2.793683898093503,0.0002748427851586567,0.0001220385742323141,0.0009242972513521031,8.052465960960247e-05,188.24073761048203,5.716247880429664,0.03017952124818757,0.09236224807369398,0.1459989447547685,38529,64619ae785b4d3e675ced4e693c38d98e67940ab075c238b0680d1325c8597db,three_row_sha256,7420f12362ca3341681c2ac786eaad1b9a5fc9bc6577bb45bae758bcdbb7132b,8b3956404398690bbe02d2f590fbbfce2ca696f3e3b691ed979e35e9b8276d71,8b10f26c63efc1e7b779523080bc9e1215bab2b21d36db41ba7894df17ba36f1,0.340782105922699,0.24656206369400024,0.24344585835933685,0.9486780036240816,0.25258795358240604,0.7405269425362349,0.29349210672080517,3.0660750344395638,0.0,0.0,8.384411921724677,603.3251881599426,2596.258945763111,127000,127000,,2.793683898093503,,False,False,ok
BNCI2014_001,resampled_spectral_normalized_power_s1,resampled,spectral,normalized_power,3,6398,255,500,500,1.0,22,253,0.00039675457734346256,0.019918699188035915,6.821666003235916,0.6688821777000346,33.11178222999655,33.11178222999655,0.00020758328036135515,2.793683898093503,0.0002672897152139065,0.00011348119009968267,0.0007668981451794269,6.609474087234883e-05,188.240737610482,5.716247880429664,0.03017952124818757,0.09236224807369398,0.1459989447547685,38783,be7c2d8a734ccecfa424c6e3ed00fd6b768d2909a6855635f6e3d57103e4e9ed,three_row_sha256,f3cf1f273603d4cbd376b84ce86f469ad1ffdc210e5e283ca845793e9484cd48,8b3956404398690bbe02d2f590fbbfce2ca696f3e3b691ed979e35e9b8276d71,8b10f26c63efc1e7b779523080bc9e1215bab2b21d36db41ba7894df17ba36f1,0.3142720088362694,0.23619108833372593,0.23288000375032425,0.855608144775033,0.24576601572334766,0.7303389720618725,0.2901309635490179,2.9051871970295906,0.0,0.0,11.824782006442547,606.2303753569722,2608.0837277695537,127500,127500,,2.793683898093503,,False,False,ok
BNCI2014_001,resampled_spectral_normalized_power_s1,resampled,spectral,normalized_power,3,6398,256,500,500,1.0,22,253,0.0004218214445611628,0.020538292152980073,6.806549090172561,0.6673999248713087,33.26000751286912,33.26000751286912,0.00022059257302132926,2.793683898093503,0.00027483877261531045,0.0001263393934264661,0.001019326431350161,5.028087919734809e-05,188.240737610482,5.716247880429665,0.03017952124818757,0.09236224807369398,0.1459989447547685,39038,e4d91e7bf506cb3d36c2e10c9410b2fedf85a2ace770c82ec6767957f70aedeb,three_row_sha256,0cd9bd8bbb82c5625be49f1201a7e6934a63d5b1d3d2a3b3349180c04a2adb30,8b3956404398690bbe02d2f590fbbfce2ca696f3e3b691ed979e35e9b8276d71,8b10f26c63efc1e7b779523080bc9e1215bab2b21d36db41ba7894df17ba36f1,0.24970993399620056,0.2514622174203396,0.24315598420798779,0.8635928388684988,0.2171520609408617,0.8056010119616985,0.3008688800036907,2.9315429273992777,0.0,0.0,11.615196010097861,609.1619182843715,2619.6989237796515,128000,128000,,2.793683898093503,,False,False,ok
BNCI2014_001,resampled_spectral_normalized_power_s1,resampled,spectral,normalized_power,3,6398,257,500,500,1.0,22,253,0.00041786542874526435,0.02044175698772648,6.810365331696525,0.6677741173251709,33.22258826748292,33.22258826748292,0.00021985207432120548,2.793683898093503,0.0002721735384121737,0.0001233913233591961,0.0010185458998312911,5.7632670566363416e-05,188.240737610482,5.716247880429664,0.03017952124818757,0.09236224807369398,0.1459989447547685,39294,46784e766a128f352552a4dbc369aad0a4e777e606efbf64d932b63115069a30,three_row_sha256,04f2e3367077193bf710cf47355146fbc22b6d85d43071934085ab1ce9f0946b,8b3956404398690bbe02d2f590fbbfce2ca696f3e3b691ed979e35e9b8276d71,8b10f26c63efc1e7b779523080bc9e1215bab2b21d36db41ba7894df17ba36f1,0.24210591800510883,0.23335684090852737,0.2343968953937292,0.5843800026923418,0.1981200184673071,0.7572369650006294,0.2682830672711134,2.517879707738757,0.0,0.0,10.789999971166253,611.6797979921103,2630.488923750818,128500,128500,,2.793683898093503,,False,False,ok
BNCI2014_001,resampled_spectral_normalized_power_s1,resampled,spectral,normalized_power,3,6398,258,500,500,1.0,22,253,0.00039740939875906563,0.019935129765292867,6.803285750757629,0.6670799459140572,33.292005408594285,33.292005408594285,0.00020704779927029207,2.793683898093503,0.0002695085968798667,0.00011374124895853812,0.0007163809068672896,6.745375196064388e-05,188.24073761048203,5.716247880429664,0.03017952124818757,0.09236224807369398,0.1459989447547685,39551,3689c7f238be41fd87d1bbdccdf1f158484d79beac533b184afd708715b42955,three_row_sha256,c7409fa2e0aab213c02caad9ba4e35eaef8c2389060a7144140bcc8ce4b2da57,8b3956404398690bbe02d2f590fbbfce2ca696f3e3b691ed979e35e9b8276d71,8b10f26c63efc1e7b779523080bc9e1215bab2b21d36db41ba7894df17ba36f1,0.22631604224443436,0.2226121723651886,0.22241799160838127,0.5692429840564728,0.13437611050903797,0.7242739666253328,0.1653069630265236,2.2645462304353714,0.0,0.0,11.98545191437006,613.9443442225456,2642.474375665188,129000,129000,,2.793683898093503,,False,False,ok
BNCI2014_001,resampled_spectral_normalized_power_s1,resampled,spectral,normalized_power,3,6398,259,500,500,1.0,22,253,0.0004167528742481341,0.020414526059846064,6.799399573211341,0.6666988960504524,33.330110394954765,33.330110394954765,0.0002114212912055667,2.793683898093503,0.00028121247514299253,0.00012087546244103708,0.0008054261171407579,7.804525238750597e-05,188.240737610482,5.716247880429664,0.03017952124818757,0.09236224807369398,0.1459989447547685,39809,6ef474ddcd8ac56651b826276fc67b317dd210f2a41cfffaaf6cbfc3a11a301b,three_row_sha256,cf3ba81887125f75aad451836aaf6b5fd40fbd72b4e5771cd254e4303b2d2b2f,8b3956404398690bbe02d2f590fbbfce2ca696f3e3b691ed979e35e9b8276d71,8b10f26c63efc1e7b779523080bc9e1215bab2b21d36db41ba7894df17ba36f1,0.28251600451767445,0.22460520267486572,0.2270820550620556,0.5704399663954973,0.1478560734540224,0.6918089929968119,0.1906389370560646,2.334947232156992,0.0,0.0,9.529020870104432,616.2792914547026,2652.0033965352923,129500,129500,,2.793683898093503,,False,False,ok
BNCI2014_001,resampled_spectral_normalized_power_s1,resampled,spectral,normalized_power,3,6398,260,500,500,1.0,22,253,0.00042589252856915793,0.020637163772407242,6.795128329918932,0.6662800894842034,33.37199105157966,33.37199105157966,0.00021679786357442973,2.793683898093503,0.00027908614764071747,0.00012762837856860178,0.0008857463726762376,6.684782031527325e-05,188.240737610482,5.716247880429664,0.03017952124818757,0.09236224807369398,0.1459989447547685,40068,a26d528a72c8f9f5da497ab11f459190549a05414253269edefdc9245e731923,three_row_sha256,0a562c476e5832b75cf7fd540d186aa3f8969efe51ee47df9206686dcc94e6b4,8b3956404398690bbe02d2f590fbbfce2ca696f3e3b691ed979e35e9b8276d71,8b10f26c63efc1e7b779523080bc9e1215bab2b21d36db41ba7894df17ba36f1,0.38430700078606606,0.25327480398118496,0.25329901836812496,0.9934401605278254,0.24538207799196243,0.6510179955512285,0.2934178337454796,3.074138890951872,0.0,0.0,9.57344495691359,619.3534303456545,2661.576841492206,130000,130000,,2.793683898093503,,False,False,ok
BNCI2014_001,resampled_spectral_normalized_power_s1,resampled,spectral,normalized_power,3,6398,261,500,500,1.0,22,253,0.0004091469128672877,0.020227380276923845,6.793805484156842,0.666150381000427,33.3849618999573,33.3849618999573,0.000207732427757799,2.7936838980935033,0.0002761784492417222,0.00011932875610776531,0.000717569681292922,5.871644027152023e-05,188.240737610482,5.716247880429664,0.03017952124818757,0.09236224807369398,0.1459989447547685,40328,8e61649e6d30adb8e7bf7449f09b27a1c6511d105f1122c2346c32b182669cd0,three_row_sha256,59f76d0beb405e1155af7e0c7b1cc195066cae4d5af6d30d54e8445965a4313e,8b3956404398690bbe02d2f590fbbfce2ca696f3e3b691ed979e35e9b8276d71,8b10f26c63efc1e7b779523080bc9e1215bab2b21d36db41ba7894df17ba36f1,0.311034033074975,0.23794197477400303,0.23722113110125065,0.8216998539865017,0.22951001301407814,0.6378090474754572,0.2786789555102587,2.7538950089365244,0.0,0.0,10.090923169627786,622.107325354591,2671.6677646618336,130500,130500,,2.793683898093503,,False,False,ok
BNCI2014_001,resampled_spectral_normalized_power_s1,resampled,spectral,normalized_power,3,6398,262,500,500,1.0,22,253,0.0004044835117679885,0.020111775450416817,6.795234454467143,0.6662904952734755,33.370950472652446,33.370950472652446,0.00020654451211633178,2.793683898093503,0.00027546892836231385,0.00011458055354239705,0.0007110580137918516,5.514271280142786e-05,188.24073761048203,5.716247880429664,0.03017952124818757,0.09236224807369398,0.1459989447547685,40589,4b10c850777ef10c829813f41a3282a88405d73b86008958d944b8b770d81520,three_row_sha256,cdf48f12daca60335e4ab520cec6b38155dbbbeaa710dd771ab706782102cefa,8b3956404398690bbe02d2f590fbbfce2ca696f3e3b691ed979e35e9b8276d71,8b10f26c63efc1e7b779523080bc9e1215bab2b21d36db41ba7894df17ba36f1,0.22588088177144527,0.222058966755867,0.22198096849024296,0.5440190434455872,0.13012206181883812,0.6096509750932455,0.23144087754189968,2.1851537749171257,0.0,0.0,10.857974877581,624.2924791295081,2682.5257395394146,131000,131000,,2.793683898093503,,False,False,ok
BNCI2014_001,resampled_spectral_normalized_power_s1,resampled,spectral,normalized_power,3,6398,263,500,500,1.0,22,253,0.0004056093674593131,0.020139745963127568,6.797332863029214,0.6664962497164572,33.350375028354286,33.350375028354286,0.00021282056390972253,2.793683898093503,0.00026477484290764376,0.00012108100795007894,0.0008377751769977958,6.969678022949106e-05,188.240737610482,5.716247880429665,0.03017952124818757,0.09236224807369398,0.1459989447547685,40851,acd98f79c538321c95c5a43ce10d3907fb79ea8855bb0fb784a0eba6ba1b22a4,three_row_sha256,8642f9c5e3a168fc9c011317932655394d61a49c6b397ae470b97ce968801a03,8b3956404398690bbe02d2f590fbbfce2ca696f3e3b691ed979e35e9b8276d71,8b10f26c63efc1e7b779523080bc9e1215bab2b21d36db41ba7894df17ba36f1,0.21672598086297512,0.22137281484901905,0.2208228688687086,0.54136011749506,0.13329088687896729,0.6954260170459747,0.16163592226803303,2.190634608268738,0.0,0.0,12.38222699612379,626.4831137377769,2694.9079665355384,131500,131500,,2.793683898093503,,False,False,ok
BNCI2014_001,resampled_spectral_normalized_power_s1,resampled,spectral,normalized_power,3,6398,264,500,500,1.0,22,253,0.0004212458594063835,0.020524274881378476,6.785897316409234,0.665374964487492,33.462503551250805,33.462503551250805,0.0002139833880080316,2.793683898093503,0.0002757249647527681,0.00012582092506225042,0.0007833622118356868,6.667775145738098e-05,188.24073761048203,5.716247880429664,0.03017952124818757,0.09236224807369398,0.1459989447547685,41114,9bce85679181ad182478463f9c585243d24ade691cbb9d90e2a53ac658e4b49a,three_row_sha256,839174e2bfcfcac3ac73acf4bea60cfc3fe44d1ddd236eae9e8be78c60aa19ac,8b3956404398690bbe02d2f590fbbfce2ca696f3e3b691ed979e35e9b8276d71,8b10f26c63efc1e7b779523080bc9e1215bab2b21d36db41ba7894df17ba36f1,0.2385270781815052,0.2283109351992607,0.2351428847759962,0.5749459378421307,0.13863109052181244,0.6434880197048187,0.17899111844599247,2.2380370646715164,0.0,0.0,12.919566128402948,628.7211508024484,2707.8275326639414,132000,132000,,2.793683898093503,,False,False,ok
BNCI2014_001,resampled_spectral_normalized_power_s1,resampled,spectral,normalized_power,3,6398,265,500,500,1.0,22,253,0.00040667414094403996,0.020166163267811753,6.777523563711214,0.6645538961535224,33.544610384647754,33.544610384647754,0.00021160135227912477,2.793683898093503,0.00026947960166878363,0.00012062562131892784,0.0008811523997559693,8.231635575842884e-05,188.24073761048203,5.716247880429664,0.03017952124818757,0.09236224807369398,0.1459989447547685,41378,7b56b06e510e4f8c1721f01e923cdf0a86a6f9280036003324ed98f4304b7c83,three_row_sha256,7eef83321ec319207c9650da3ec633b0855797de4dd879cc68fb25cc70f52325,8b3956404398690bbe02d2f590fbbfce2ca696f3e3b691ed979e35e9b8276d71,8b10f26c63efc1e7b779523080bc9e1215bab2b21d36db41ba7894df17ba36f1,0.27860701084136963,0.23082992993295193,0.24840794503688812,0.6157169118523598,0.1406990922987461,0.8130960632115602,0.1849981490522623,2.512355102226138,0.0,0.0,12.305798009037971,631.2335059046745,2720.1333306729794,132500,132500,,2.793683898093503,,False,False,ok
BNCI2014_001,resampled_spectral_normalized_power_s1,resampled,spectral,normalized_power,3,6398,266,500,500,1.0,22,253,0.000395243425285285,0.019880729998802485,6.753024966025869,0.6621517446317978,33.78482553682022,33.78482553682022,0.00020686698899984,2.793683898093503,0.00026862799361748935,0.00011190104997073332,0.0007559880361181013,5.605846033722033e-05,188.240737610482,5.716247880429664,0.03017952124818757,0.09236224807369398,0.1459989447547685,41643,67cb61a70a78eccb6a9cb5a16f89b959e44eb90db268e1093f3fddcdee3ba026,three_row_sha256,487a14c78abe843bf95d9b623b3d96044561f536c1599cdd4408175e945d2aac,8b3956404398690bbe02d2f590fbbfce2ca696f3e3b691ed979e35e9b8276d71,8b10f26c63efc1e7b779523080bc9e1215bab2b21d36db41ba7894df17ba36f1,0.33990200608968735,0.2290317788720131,0.23864302784204483,0.58741495013237,0.143788056448102,0.6264389958232641,0.1895700115710497,2.354788826778531,0.0,0.0,10.254211956635118,633.5882947314531,2730.3875426296145,133000,133000,,2.793683898093503,,False,False,ok
BNCI2014_001,resampled_spectral_normalized_power_s1,resampled,spectral,normalized_power,3,6398,267,500,500,1.0,22,253,0.0004442043062714031,0.02107615492141304,6.743119312780361,0.6611804694460508,33.881953055394916,33.881953055394916,0.00022370394787001364,2.793683898093503,0.0002873896837002626,0.00013505632163960117,0.0009653028863979317,7.957176175740593e-05,188.24073761048203,5.716247880429664,0.03017952124818757,0.09236224807369398,0.1459989447547685,41909,9cf004c91aa70662c1285bf6463c19003857e465893dd19296c0003a0c16ab2f,three_row_sha256,9dfdb2d0f666d4d361e68bf3b08878eb1ac3f43f054b01fac92d122918ee05ba,8b3956404398690bbe02d2f590fbbfce2ca696f3e3b691ed979e35e9b8276d71,8b10f26c63efc1e7b779523080bc9e1215bab2b21d36db41ba7894df17ba36f1,0.23939297534525394,0.23446185514330864,0.23801904171705246,0.5834619514644146,0.14090514741837978,0.8006279822438955,0.23574195802211761,2.4726109113544226,0.0,0.0,9.359520860016346,636.0609056428075,2739.747063489631,133500,133500,,2.793683898093503,,False,False,ok
BNCI2014_001,resampled_spectral_normalized_power_s1,resampled,spectral,normalized_power,3,6398,268,500,500,1.0,22,253,0.0004152897407518234,0.020378658953714872,6.749608806637149,0.6618167812767738,33.81832187232262,33.81832187232262,0.00021588999082426403,2.793683898093503,0.0002715245819948378,0.00012410771541973976,0.0008456827750016483,5.424130722427712e-05,188.24073761048203,5.716247880429664,0.03017952124818757,0.09236224807369398,0.1459989447547685,42176,bcc6b4af54fd03a6604983d87819773f312813291a28baf91afd9101498819f3,three_row_sha256,8166690cfe5dcbc37dfcf4e299a131b8dcdcb237113229b8179b3314af17e306,8b3956404398690bbe02d2f590fbbfce2ca696f3e3b691ed979e35e9b8276d71,8b10f26c63efc1e7b779523080bc9e1215bab2b21d36db41ba7894df17ba36f1,0.23158499971032143,0.2281630877405405,0.2302299253642559,0.7999599911272526,0.16211695037782192,0.7220199331641197,0.1949130091816187,2.5689878966659307,0.0,0.0,9.283714229241014,638.6298935394734,2749.030777718872,134000,134000,,2.793683898093503,,False,False,ok
BNCI2014_001,resampled_spectral_normalized_power_s1,resampled,spectral,normalized_power,3,6398,269,500,500,1.0,22,253,0.0003951377625824984,0.019878072406108657,6.759629653266979,0.6627993514748718,33.72006485251282,33.72006485251282,0.0002065165182578608,2.793683898093503,0.0002635691882493118,0.00011549515029604466,0.0007155845514092293,5.194301226905016e-05,188.24073761048203,5.716247880429664,0.03017952124818757,0.09236224807369398,0.1459989447547685,42444,f6d0b26c8d6b0f41d3af0d7968a3961700be20dbf960faf77fbf06a1191c4b02,three_row_sha256,a4b67bb68f8cf9218e361788753c807eeb00106909fa8c8bb5cb0d79095447d5,8b3956404398690bbe02d2f590fbbfce2ca696f3e3b691ed979e35e9b8276d71,8b10f26c63efc1e7b779523080bc9e1215bab2b21d36db41ba7894df17ba36f1,0.2591591328382492,0.22533582523465157,0.24336902424693108,0.6832480430603027,0.1531601883471012,4.418078809976578,0.2745930105447769,6.2569440342485905,0.0,0.0,12.403316795825958,644.886837573722,2761.434094514698,134500,134500,,2.793683898093503,,False,False,ok
BNCI2014_001,resampled_spectral_normalized_power_s1,resampled,spectral,normalized_power,3,6398,270,500,500,1.0,22,253,0.00040910464717217114,0.020226335485504315,6.764860532889031,0.6633122528909227,33.66877471090773,33.66877471090773,0.00021073921787024408,2.793683898093503,0.0002740133012452307,0.00011931351374027676,0.0008175792275665905,6.407323095369067e-05,188.24073761048203,5.716247880429664,0.03017952124818757,0.09236224807369398,0.1459989447547685,42713,9564d0e7c8256dbbea224e82f912f5818500cb2b3ffe14e35332280f517126ef,three_row_sha256,8ddd5e052f272d29fabc52171c90df85e0e30ef2860c5295b97c83611c3e32b7,8b3956404398690bbe02d2f590fbbfce2ca696f3e3b691ed979e35e9b8276d71,8b10f26c63efc1e7b779523080bc9e1215bab2b21d36db41ba7894df17ba36f1,0.3432859666645527,0.24798791855573654,0.26170886121690273,0.8522979915142059,0.19973586313426495,0.6602350622415543,0.2562999725341797,2.821551635861397,0.0,0.0,13.185075018554926,647.7083892095834,2774.6191695332527,135000,135000,,2.793683898093503,,False,False,ok
BNCI2014_001,resampled_spectral_normalized_power_s1,resampled,spectral,normalized_power,3,6398,271,500,500,1.0,22,253,0.0004190481145919359,0.020470664732537044,6.750681373385815,0.6619219492492655,33.80780507507345,33.80780507507345,0.0002159503290276731,2.793683898093503,0.00027845041034731767,0.00012251763074258768,0.0008798547730673676,5.855509449999066e-05,188.24073761048203,5.716247880429665,0.03017952124818757,0.09236224807369398,0.1459989447547685,42983,07a40f510cb92124c0e91e6ef7ddb1e9dcb610a25610427f26b156fa13d1be9e,three_row_sha256,03ef173538ac0313b0b5436cf2e7a0939f70b5c09a1940c889df1b946400c9b2,8b3956404398690bbe02d2f590fbbfce2ca696f3e3b691ed979e35e9b8276d71,8b10f26c63efc1e7b779523080bc9e1215bab2b21d36db41ba7894df17ba36f1,0.3459260333329439,0.2440481912344694,0.2650290261954069,0.8292950224131346,0.1999500673264265,0.6561640184372663,0.25975191965699196,2.8001642785966396,0.0,0.0,12.958202045410872,650.50855348818,2787.5773715786636,135500,135500,,2.793683898093503,,False,False,ok
BNCI2014_001,resampled_spectral_normalized_power_s1,resampled,spectral,normalized_power,3,6398,272,500,500,1.0,22,253,0.0004106634170966838,0.020264832027349345,6.741329262445032,0.6610049503329897,33.89950496670103,33.89950496670103,0.00021120002264806648,2.793683898093503,0.0002754119331250027,0.00011825915334739218,0.0007944651780082963,7.679486008051135e-05,188.240737610482,5.716247880429665,0.03017952124818757,0.09236224807369398,0.1459989447547685,43254,d2608f931361e2901b2399316387cca0f8462fe0a86c075550976615e5df0384,three_row_sha256,88675a136b132276a78c853bf203330285e0755700f5d02a6f464d91b9441937,8b3956404398690bbe02d2f590fbbfce2ca696f3e3b691ed979e35e9b8276d71,8b10f26c63efc1e7b779523080bc9e1215bab2b21d36db41ba7894df17ba36f1,0.32879109494388103,0.2403981052339077,0.25482894852757454,0.7982831448316574,0.20524486899375916,0.6911458913236856,0.24696392938494682,2.7656559832394123,0.0,0.0,11.958229122683406,653.2742094714195,2799.535600701347,136000,136000,,2.793683898093503,,False,False,ok
BNCI2014_001,resampled_spectral_normalized_power_s1,resampled,spectral,normalized_power,3,6398,273,500,500,1.0,22,253,0.000423802750502587,0.020586470083590994,6.731140287361908,0.6600058947007,33.999410529929996,33.999410529929996,0.00022364347001675602,2.793683898093503,0.0002742372600077759,0.0001258228235576805,0.001059429478638524,7.149330185257676e-05,188.24073761048203,5.716247880429664,0.03017952124818757,0.09236224807369398,0.1459989447547685,43526,243fe049e9599e2f5e3d6a57f73095529f57bc74ee79cd6dbd42e28775d65f51,three_row_sha256,7edb4479edd6b2712f05ed1c6bd3c0772f2f18829cfbb4428acf0e5a2b393394,8b3956404398690bbe02d2f590fbbfce2ca696f3e3b691ed979e35e9b8276d71,8b10f26c63efc1e7b779523080bc9e1215bab2b21d36db41ba7894df17ba36f1,0.2918681129813194,0.23801997303962708,0.23970403708517551,0.7824178319424391,0.19042310304939747,0.8440969977527857,0.2328560221940279,2.819386078044772,0.0,0.0,12.554788030683994,656.0935955494642,2812.090388732031,136500,136500,,2.793683898093503,,False,False,ok
BNCI2014_001,resampled_spectral_normalized_power_s1,resampled,spectral,normalized_power,3,6398,274,500,500,1.0,22,253,0.00039560750937168147,0.019889884599255007,6.743161057288404,0.6611845626041494,33.88154373958506,33.88154373958506,0.00020439250820258022,2.793683898093503,0.00027338837070427414,0.00011035023356728637,0.0007565933965436368,7.510867401321976e-05,188.24073761048203,5.716247880429664,0.03017952124818757,0.09236224807369398,0.1459989447547685,43799,6acdba01795e0abd406fa2ac5306d1d40c50416602339a0531f4c9e6bebd5daf,three_row_sha256,f04ba726a8f267e90818ab0380aca528c285859e387622c903b18a7a258d7484,8b3956404398690bbe02d2f590fbbfce2ca696f3e3b691ed979e35e9b8276d71,8b10f26c63efc1e7b779523080bc9e1215bab2b21d36db41ba7894df17ba36f1,0.4475729074329138,0.23995083756744862,0.2654939889907837,0.7889100816100836,0.19945809617638588,1.1319031473249197,0.24252012372016907,3.3158091828227043,0.0,0.0,12.267752084881067,659.4094047322869,2824.358140816912,137000,137000,,2.793683898093503,,False,False,ok
BNCI2014_001,resampled_spectral_normalized_power_s1,resampled,spectral,normalized_power,3,6398,275,500,500,1.0,22,253,0.0004476788993060479,0.021158423837943315,6.7422549358287185,0.6610957150271898,33.89042849728102,33.89042849728102,0.00022837009701455292,2.793683898093503,0.00028752734591694,0.0001354918290462723,0.0010838084677819442,7.429673214213366e-05,188.240737610482,5.716247880429664,0.03017952124818757,0.09236224807369398,0.1459989447547685,44073,f6bac4ebaf77cf02047bd2340b1c9b9c442c7d2a6d3f378e96b40dd83de804f1,three_row_sha256,d1dc71421e5031d20c05f44253b04881d70be29caa474f39ad6a3e78611d496c,8b3956404398690bbe02d2f590fbbfce2ca696f3e3b691ed979e35e9b8276d71,8b10f26c63efc1e7b779523080bc9e1215bab2b21d36db41ba7894df17ba36f1,0.2939619589596987,0.2358949277549982,0.23226789198815823,0.7457730825990438,0.19500218331813812,1.0278099216520786,0.22781500592827797,2.9585249722003937,0.0,0.0,12.812197906896472,662.3679297044873,2837.1703387238085,137500,137500,,2.793683898093503,,False,False,ok
BNCI2014_001,resampled_spectral_normalized_power_s1,resampled,spectral,normalized_power,3,6398,276,500,500,1.0,22,253,0.00041417393599032983,0.02035126374430664,6.7397690858198995,0.6608519709379093,33.914802906209076,33.914802906209076,0.00021480910348076762,2.793683898093503,0.00027610454578011847,0.00011962108433689252,0.0009248128819099065,5.668021230770065e-05,188.24073761048203,5.716247880429665,0.03017952124818757,0.09236224807369398,0.1459989447547685,44348,d8b5bee97bdacc47f20ef026c12b518f3d5ac8b195430fb8b6a74d04868a18d2,three_row_sha256,2b314e623d881f58a18dabb0c2b97cb903d78d3f4f1ad165fc4bd1c77750db4a,8b3956404398690bbe02d2f590fbbfce2ca696f3e3b691ed979e35e9b8276d71,8b10f26c63efc1e7b779523080bc9e1215bab2b21d36db41ba7894df17ba36f1,0.3129630349576473,0.2386840060353279,0.2515180967748165,0.7823719643056393,0.19046803936362267,0.8951709605753422,0.24653691798448563,2.9177130199968815,0.0,0.0,12.577950954437256,665.2856427244842,2849.748289678246,138000,138000,,2.793683898093503,,False,False,ok
BNCI2014_001,resampled_spectral_normalized_power_s1,resampled,spectral,normalized_power,3,6398,277,500,500,1.0,22,253,0.00040560101845725125,0.020139538685313804,6.746765127978804,0.6615379511533449,33.84620488466552,33.84620488466552,0.00020994657897329395,2.793683898093503,0.00027122950613036066,0.0001177382807117846,0.000802425801792187,7.661322636373917e-05,188.24073761048203,5.716247880429664,0.03017952124818757,0.09236224807369398,0.1459989447547685,44624,ae2ab2b5aacd4ddc2b3a7e23f858748852e811ed0b49fd2c798be496828b2f26,three_row_sha256,c5ac94160c8f4db86255695cb2dbbaf980f2ae12b35d444273b3a18e9adeafaf,8b3956404398690bbe02d2f590fbbfce2ca696f3e3b691ed979e35e9b8276d71,8b10f26c63efc1e7b779523080bc9e1215bab2b21d36db41ba7894df17ba36f1,0.31425803899765015,0.23598200641572475,0.24317787028849125,0.78224902972579,0.19094813615083694,0.7202751003205776,0.24202396161854267,2.7289141435176134,0.0,0.0,13.663345947861671,668.0145568680018,2863.4116356261075,138500,138500,,2.793683898093503,,False,False,ok
BNCI2014_001,resampled_spectral_normalized_power_s1,resampled,spectral,normalized_power,3,6398,278,500,500,1.0,22,253,0.0003999577967414769,0.01999894489070553,6.740438142717461,0.6609175737150658,33.908242628493426,33.908242628493426,0.0002109804590981035,2.793683898093503,0.0002656965666482314,0.00011647046090300135,0.0009105442789140262,6.491163597837527e-05,188.24073761048203,5.716247880429665,0.03017952124818757,0.09236224807369398,0.1459989447547685,44901,42740ea3877193d3130fee8e0be4e30c479b37b794e55e05280275f0dfd89956,three_row_sha256,9e29f549a66ba363c08cf391175930b8ae97aee3b6c3b27332eab95ffb6a13b7,8b3956404398690bbe02d2f590fbbfce2ca696f3e3b691ed979e35e9b8276d71,8b10f26c63efc1e7b779523080bc9e1215bab2b21d36db41ba7894df17ba36f1,0.3224019892513752,0.23787305690348148,0.24624401703476906,0.7835989817976952,0.19717495888471603,0.7794038392603397,0.2459960523992777,2.8126928955316544,0.0,0.0,11.861942010000348,670.8272497635335,2875.273577636108,139000,139000,,2.793683898093503,,False,False,ok
BNCI2014_001,resampled_spectral_normalized_power_s1,resampled,spectral,normalized_power,3,6398,279,500,500,1.0,22,253,0.00041632707696306567,0.020404094612676782,6.737898268713536,0.6606685324318919,33.9331467568108,33.9331467568108,0.00021281731684991438,2.793683898093503,0.0002781082983719018,0.0001216715628174207,0.0008410146053279342,5.766147638741239e-05,188.240737610482,5.716247880429665,0.03017952124818757,0.09236224807369398,0.1459989447547685,45179,8bc85436d245c75efb7367d5e666bcdea0116c4f99c5ef578e3a92bac584527e,three_row_sha256,212f2737c9e6dbbc38acf394511554dffbd385c0d317dd64c0ff9af369ccac89,8b3956404398690bbe02d2f590fbbfce2ca696f3e3b691ed979e35e9b8276d71,8b10f26c63efc1e7b779523080bc9e1215bab2b21d36db41ba7894df17ba36f1,0.280977925285697,0.24147308431565762,0.23163598962128162,0.7459600456058979,0.18912903033196926,0.7339348085224628,0.22460892796516418,2.6477198116481304,0.0,0.0,13.329450972378254,673.4749695751816,2888.603028608486,139500,139500,,2.793683898093503,,False,False,ok
BNCI2014_001,resampled_spectral_normalized_power_s1,resampled,spectral,normalized_power,3,6398,280,500,500,1.0,22,253,0.000404815114195965,0.020120017748400845,6.739113011475169,0.6607876411339834,33.92123588660167,33.92123588660167,0.00021325702093633175,2.793683898093503,0.00026775914224191677,0.0001176704767652021,0.0008465163977657044,6.830232249154639e-05,188.240737610482,5.716247880429664,0.03017952124818757,0.09236224807369398,0.1459989447547685,45458,4045c0b6e4c096e7f6ce7cc92b279407401d35ddad7061f7f034285d19727e31,three_row_sha256,182c8c9076fbbd72cb14f8d8ebd3c819d87aa3dd65f181370d6860ca48476a86,8b3956404398690bbe02d2f590fbbfce2ca696f3e3b691ed979e35e9b8276d71,8b10f26c63efc1e7b779523080bc9e1215bab2b21d36db41ba7894df17ba36f1,0.3277829382568598,0.23755105212330818,0.2530938945710659,0.7954970933496952,0.2029789611697197,0.688859960064292,0.2573849633336067,2.7631488628685474,0.0,0.0,12.148359091952443,676.2381184380502,2900.7513877004385,140000,140000,,2.793683898093503,,False,False,ok
BNCI2014_001,resampled_spectral_normalized_power_s1,resampled,spectral,normalized_power,3,6398,281,500,500,1.0,22,253,0.00041995121152779756,0.02049271118050995,6.722601271864782,0.6591686219174206,34.08313780825794,34.08313780825794,0.00021648313217402076,2.793683898093503,0.00027797118296174375,0.00012233815535644667,0.0008710001364994927,7.083359276473543e-05,188.24073761048203,5.716247880429664,0.03017952124818757,0.09236224807369398,0.1459989447547685,45738,95cdfb71a2bfaf117671c8f36cc39e6b975cb976ea00cd93eff65dd3825c2e06,three_row_sha256,1a2b80250786873a9302ec3590f53bca49600af73091d3ea89cfb2fecfd1a1a3,8b3956404398690bbe02d2f590fbbfce2ca696f3e3b691ed979e35e9b8276d71,8b10f26c63efc1e7b779523080bc9e1215bab2b21d36db41ba7894df17ba36f1,0.3235209733247757,0.24031987413764,0.25270506739616394,0.8108760230243206,0.19272789359092712,0.666540814563632,0.24406309239566326,2.7307537384331226,0.0,0.0,11.905797990038991,678.9688721764833,2912.6571856904775,140500,140500,,2.793683898093503,,False,False,ok
BNCI2014_001,resampled_spectral_normalized_power_s1,resampled,spectral,normalized_power,3,6398,282,500,500,1.0,22,253,0.00041093658904447453,0.020271570956501485,6.726979864963584,0.6595979544127084,34.04020455872916,34.04020455872916,0.00021226089201751826,2.793683898093503,0.0002719449514028641,0.00011992754704833906,0.0007996308713089411,6.795389120157634e-05,188.24073761048203,5.716247880429664,0.03017952124818757,0.09236224807369398,0.1459989447547685,46019,86cc852c3c2f927979c6bba5fdb479c8c1d50e306bc93cf5e4d6c63b0822db0e,three_row_sha256,d9c0bf84a284be40c4b5bb242e42f447fc75a7f079f7e0d191ddf2717817ab4c,8b3956404398690bbe02d2f590fbbfce2ca696f3e3b691ed979e35e9b8276d71,8b10f26c63efc1e7b779523080bc9e1215bab2b21d36db41ba7894df17ba36f1,0.2913831267505884,0.23375917226076126,0.23190700449049473,0.7613000925630331,0.18528406508266926,0.7210900075733662,0.22316793911159039,2.6478914078325033,0.0,0.0,12.481731828302145,681.6167635843158,2925.1389175187796,141000,141000,,2.793683898093503,,False,False,ok
BNCI2014_001,resampled_spectral_normalized_power_s1,resampled,spectral,normalized_power,3,6398,283,500,500,1.0,22,253,0.0004149903091807133,0.02037131093427012,6.736791567848038,0.660560017520047,33.943998247995296,33.943998247995296,0.00021162232227176436,2.793683898093503,0.00028036219957600306,0.00011946861512866482,0.000805394039666727,6.0786065102554e-05,188.240737610482,5.716247880429664,0.03017952124818757,0.09236224807369398,0.1459989447547685,46301,59da33635d51481a08f354fde15c8437d6ff85bf06d71292fce406e58cba1fad,three_row_sha256,2d94cf51cb621c91b668a6b1a72b46d44f4d422098f7e02733802fc558699147,8b3956404398690bbe02d2f590fbbfce2ca696f3e3b691ed979e35e9b8276d71,8b10f26c63efc1e7b779523080bc9e1215bab2b21d36db41ba7894df17ba36f1,0.216715969145298,0.22111902944743633,0.22043590433895588,0.5361048970371485,0.13905600644648075,0.9785250294953585,0.16409391537308693,2.476050751283765,0.0,0.0,8.782782824710011,684.0928143355995,2933.9217003434896,141500,141500,,2.793683898093503,,False,False,ok
BNCI2014_001,resampled_spectral_normalized_power_s1,resampled,spectral,normalized_power,3,6398,284,500,500,1.0,22,253,0.00040933176283093153,0.02023194906159393,6.7099698575628794,0.6579300787372532,34.206992126274685,34.206992126274685,0.00020844051386400013,2.793683898093503,0.0002783254648125475,0.00011736060278245831,0.0007056890197386071,6.482661515643369e-05,188.24073761048206,5.716247880429664,0.03017952124818757,0.09236224807369398,0.1459989447547685,46584,3281b8d315e7689310aa26d3b8c937f93f20d79a4484004e7264abbfc91b06bd,three_row_sha256,2a29105012dafb5bc4cbee0ac0355179ce67b4ca43eaaa36d857001ea7cdbdc8,8b3956404398690bbe02d2f590fbbfce2ca696f3e3b691ed979e35e9b8276d71,8b10f26c63efc1e7b779523080bc9e1215bab2b21d36db41ba7894df17ba36f1,0.21550385281443596,0.21967408247292042,0.2198200672864914,0.5398360081017017,0.12949993833899498,0.5798619240522385,0.1575190108269453,2.0617148838937283,0.0,0.0,8.944005006924272,686.1545292194933,2942.865705350414,142000,142000,,2.793683898093503,,False,False,ok
BNCI2014_001,resampled_spectral_normalized_power_s1,resampled,spectral,normalized_power,3,6398,285,500,500,1.0,22,253,0.00039236454173427487,0.01980819380292597,6.711131432260584,0.6580439741717399,34.19560258282601,34.19560258282601,0.00020780727290475832,2.793683898093503,0.0002606787450244165,0.00011464422117895995,0.000850547280144563,6.694793369487194e-05,188.24073761048203,5.716247880429664,0.03017952124818757,0.09236224807369398,0.1459989447547685,46868,773ad1df9fc76c4ef6be2f826730e49d5fc33bb57fedd090534c476dc3f892a1,three_row_sha256,4940bd43f0d94d4f8dd190b98cb970105010597c50560837fa2ffafa5dadc5e3,8b3956404398690bbe02d2f590fbbfce2ca696f3e3b691ed979e35e9b8276d71,8b10f26c63efc1e7b779523080bc9e1215bab2b21d36db41ba7894df17ba36f1,0.40121888741850853,0.2297509927302599,0.24415692314505577,0.6002949085086584,0.1583911944180727,0.6682670209556818,0.23491703905165195,2.536996966227889,0.0,0.0,9.062492987141013,688.6915261857212,2951.928198337555,142500,142500,,2.793683898093503,,False,False,ok
BNCI2014_001,resampled_spectral_normalized_power_s1,resampled,spectral,normalized_power,3,6398,286,500,500,1.0,22,253,0.0004003492426270422,0.020008729160719885,6.712031944879327,0.6581322717871884,34.18677282128117,34.18677282128117,0.00020597731561101175,2.793683898093503,0.0002719934665503617,0.00011324606446589614,0.0007622460236339116,6.178081583730477e-05,188.24073761048203,5.716247880429665,0.03017952124818757,0.09236224807369398,0.1459989447547685,47153,987f56303b6278ad3b77ebe511b29d5c4e038090dad7332a4aa6592dca335f13,three_row_sha256,8d274b4fb5f58744bbdbed72c904503656f04a7fcd164679e78a50b3fe1f3edc,8b3956404398690bbe02d2f590fbbfce2ca696f3e3b691ed979e35e9b8276d71,8b10f26c63efc1e7b779523080bc9e1215bab2b21d36db41ba7894df17ba36f1,0.22153486497700214,0.22532092407345772,0.22488483227789402,0.5559970159083605,0.13436400331556797,0.7179430685937405,0.16611418686807156,2.2461588960140944,0.0,0.0,8.903949987143278,690.9376850817353,2960.832148324698,143000,143000,,2.793683898093503,,False,False,ok
BNCI2014_001,resampled_spectral_normalized_power_s1,resampled,spectral,normalized_power,3,6398,287,500,500,1.0,22,253,0.0003953921725492121,0.01988447063789258,6.704430857091963,0.6573869652668032,34.26130347331968,34.26130347331968,0.00020632025012533084,2.793683898093503,0.0002643058825922124,0.00011657610876019335,0.0007205313581923718,6.0803536859852533e-05,188.24073761048203,5.716247880429664,0.03017952124818757,0.09236224807369398,0.1459989447547685,47439,a97db6e15b4ede666d47a9ef6906108f4973790f7997ba63a3f217a9472ad008,three_row_sha256,2578d2d52b91589f42a6be00528da42164399ff52caa7ba46d1bcb816fb1a815,8b3956404398690bbe02d2f590fbbfce2ca696f3e3b691ed979e35e9b8276d71,8b10f26c63efc1e7b779523080bc9e1215bab2b21d36db41ba7894df17ba36f1,0.2102621365338564,0.22207503207027912,0.2190088853240013,0.5415389314293861,0.14390493743121624,0.6699240766465664,0.16248389147222042,2.169197890907526,0.0,0.0,8.36516497656703,693.1068829726428,2969.1973133012652,143500,143500,,2.793683898093503,,False,False,ok
BNCI2014_001,resampled_spectral_normalized_power_s1,resampled,spectral,normalized_power,3,6398,288,500,500,1.0,22,253,0.0004147682041405936,0.020365858787210363,6.713419741695827,0.6582683488915767,34.173165110842326,34.173165110842326,0.0002148454566768535,2.793683898093503,0.0002756437721732522,0.000120841993676493,0.0009017828799945211,5.858240261042063e-05,188.24073761048203,5.716247880429664,0.03017952124818757,0.09236224807369398,0.1459989447547685,47726,609da046129d7d3efee9408169254873c135947ad14a87aac529ca4c73b6285d,three_row_sha256,081c29d89c2df4fe52ee4a752ac81d47e0e938d911d0c23bf8e4fe03fbd2df58,8b3956404398690bbe02d2f590fbbfce2ca696f3e3b691ed979e35e9b8276d71,8b10f26c63efc1e7b779523080bc9e1215bab2b21d36db41ba7894df17ba36f1,0.21061603911221027,0.2215269487351179,0.2213120460510254,0.5328510887920856,0.12968014925718307,0.5602128803730011,0.16564084216952324,2.0418399944901466,0.0,0.0,9.000356076285243,695.1487229671329,2978.1976693775505,144000,144000,,2.793683898093503,,False,False,ok
BNCI2014_001,resampled_spectral_normalized_power_s1,resampled,spectral,normalized_power,3,6398,289,500,500,1.0,22,253,0.0004297931638682169,0.02073145349145151,6.699240724684804,0.6568780592216515,34.31219407783484,34.31219407783484,0.00022506347922278064,2.793683898093503,0.0002749205322504713,0.000129789357854164,0.0010920028607337387,7.53613634911276e-05,188.24073761048203,5.716247880429664,0.03017952124818757,0.09236224807369398,0.1459989447547685,48014,bb0edc9f0c93c246ac11041bfcd37ec78c52f6fd7f9ec414a7757df3a9c8f688,three_row_sha256,94319fded73bbcc159c45d4ce5170af24ce9c2f89ebd7c32372608612bcd60d9,8b3956404398690bbe02d2f590fbbfce2ca696f3e3b691ed979e35e9b8276d71,8b10f26c63efc1e7b779523080bc9e1215bab2b21d36db41ba7894df17ba36f1,0.2057438250631094,0.2244887873530388,0.22220192477107048,0.5304631777107716,0.1410988625138998,0.5508949980139732,0.16140611842274666,2.03629769384861,0.0,0.0,8.932346943765879,697.1850206609815,2987.1300163213164,144500,144500,,2.793683898093503,,False,False,ok
BNCI2014_001,resampled_spectral_normalized_power_s1,resampled,spectral,normalized_power,3,6398,290,500,500,1.0,22,253,0.0004004063432926792,0.020010156003706696,6.694498594795263,0.6564130809940532,34.358691900594685,34.358691900594685,0.00020573416583395028,2.793683898093503,0.00027211058475011193,0.00011427822072741525,0.000727428151968839,5.533644989891667e-05,188.24073761048203,5.716247880429665,0.03017952124818757,0.09236224807369398,0.1459989447547685,48303,2015232eb9e795b65443eb44bd7a0916d5d03de9475d1edf59d3ce2142f50f14,three_row_sha256,846ad1022f19ac6c549a84d97baf9c3d3f730686cebb34905b132f41c64d80cd,8b3956404398690bbe02d2f590fbbfce2ca696f3e3b691ed979e35e9b8276d71,8b10f26c63efc1e7b779523080bc9e1215bab2b21d36db41ba7894df17ba36f1,0.21189707331359386,0.22290879860520363,0.22299913689494133,0.5437959916889668,0.1336981076747179,0.8104101289063692,0.16514398157596588,2.3108532186597586,0.0,0.0,8.972818031907082,699.4958738796413,2996.1028343532234,145000,145000,,2.793683898093503,,False,False,ok
BNCI2014_001,resampled_spectral_normalized_power_s1,resampled,spectral,normalized_power,3,6398,291,500,500,1.0,22,253,0.00039937570393426005,0.01998438650382493,6.6750078690967,0.6545019644069872,34.54980355930128,34.54980355930128,0.0002054713905027071,2.793683898093503,0.0002723911246216099,0.00011593731609193333,0.0006890924017386674,6.527900232187816e-05,188.240737610482,5.716247880429664,0.03017952124818757,0.09236224807369398,0.1459989447547685,48593,10192c58877eaca678dfc4d89b3ae3825fc7ad75cad73425c9d30fdc852e9994,three_row_sha256,cdc959544253d8a2340df2677f2ad5102b5d7e705ae330c997e771a7313e470b,8b3956404398690bbe02d2f590fbbfce2ca696f3e3b691ed979e35e9b8276d71,8b10f26c63efc1e7b779523080bc9e1215bab2b21d36db41ba7894df17ba36f1,0.24444889277219772,0.24191802367568016,0.24074316024780273,0.8564440067857504,0.20858901552855968,0.8139859419316053,0.28939894400537014,2.895527984946966,0.0,0.0,11.014557909220457,702.3914018645883,3007.117392262444,145500,145500,,2.793683898093503,,False,False,ok
BNCI2014_001,resampled_spectral_normalized_power_s1,resampled,spectral,normalized_power,3,6398,292,500,500,1.0,22,253,0.0004346874376876075,0.02084915916020614,6.67017475972618,0.6540280654035351,34.59719345964649,34.59719345964649,0.00022633042912985113,2.793683898093503,0.00028315331494030476,0.00012927176203130498,0.0011966634517009947,6.993117342496793e-05,188.24073761048203,5.716247880429665,0.03017952124818757,0.09236224807369398,0.1459989447547685,48884,7ae3a9c26fec1ac50038ce1938875ee9a5856ebdc5859e34cd08a3a6a27ad417,three_row_sha256,7f01c2928993eeed20b6f21400ed8efb22e39a407565137ab72f424e7834c61e,8b3956404398690bbe02d2f590fbbfce2ca696f3e3b691ed979e35e9b8276d71,8b10f26c63efc1e7b779523080bc9e1215bab2b21d36db41ba7894df17ba36f1,0.23161619901657104,0.2276599407196045,0.2298660110682249,0.5903590936213732,0.13863597996532917,0.6567300297319889,0.2484009601175785,2.32326821424067,0.0,0.0,11.504841037094593,704.7146700788289,3018.6222332995385,146000,146000,,2.793683898093503,,False,False,ok
BNCI2014_001,resampled_spectral_normalized_power_s1,resampled,spectral,normalized_power,3,6398,293,500,500,1.0,22,253,0.0004299964202227886,0.020736355037054816,6.676284321350342,0.6546271238860266,34.537287611397346,34.537287611397346,0.00021672599363791465,2.793683898093503,0.00028230601526252016,0.00012831307408101944,0.0008041684098013486,7.043426843760325e-05,188.24073761048203,5.716247880429664,0.03017952124818757,0.09236224807369398,0.1459989447547685,49176,27755f12e55b630b35ad37ccae476b66147b6dbeb6fedf350255d0d7210f3f4f,three_row_sha256,0c31c96b5fd02684942fb720a8640d9bbbdcb71db2c267e9e53ddaa91fdd3a1d,8b3956404398690bbe02d2f590fbbfce2ca696f3e3b691ed979e35e9b8276d71,8b10f26c63efc1e7b779523080bc9e1215bab2b21d36db41ba7894df17ba36f1,0.24243304505944252,0.2250010147690773,0.2306988462805748,0.579743180423975,0.13639195822179317,0.57203508913517,0.17471984028816223,2.161022974178195,0.0,0.0,12.080955086275935,706.8756930530071,3030.7031883858144,146500,146500,,2.793683898093503,,False,False,ok
BNCI2014_001,resampled_spectral_normalized_power_s1,resampled,spectral,normalized_power,3,6398,294,500,500,1.0,22,253,0.0004199753909583685,0.020493301123986063,6.679455693887955,0.6549380852506331,34.50619147493668,34.50619147493668,0.00021687284294251473,2.793683898093503,0.0002734482651523847,0.00012525725579936358,0.0008939309238213825,6.186336843037616e-05,188.24073761048203,5.716247880429664,0.03017952124818757,0.09236224807369398,0.1459989447547685,49469,69aa4ffd7c6da91848e0b358491d6cb59810089983a8d4ec7911e8f57e74c5fd,three_row_sha256,1777b5f0a5d51c2ab3a867eb5cb8117a8e6544e2e25de73286422c6efd366e22,8b3956404398690bbe02d2f590fbbfce2ca696f3e3b691ed979e35e9b8276d71,8b10f26c63efc1e7b779523080bc9e1215bab2b21d36db41ba7894df17ba36f1,0.22975378669798374,0.2241788897663355,0.2260140608996153,0.5613421089947224,0.1434790901839733,0.5854051560163498,0.1672909129410982,2.137464005500078,0.0,0.0,11.975686065852642,709.0131570585072,3042.678874451667,147000,147000,,2.793683898093503,,False,False,ok
BNCI2014_001,resampled_spectral_normalized_power_s1,resampled,spectral,normalized_power,3,6398,295,500,500,1.0,22,253,0.0004248926254258343,0.02061292374763547,6.673857465917975,0.6543891643691293,34.56108356308707,34.56108356308707,0.00021744966296033822,2.793683898093503,0.0002807594886959922,0.0001246636694569268,0.0008737171241812959,6.307111016451669e-05,188.24073761048203,5.716247880429665,0.03017952124818757,0.09236224807369398,0.1459989447547685,49763,a3d882fb3dace2db718f3df29e1fd44589559f4529e71c96e783850710873351,three_row_sha256,c282c74afc5e3ea23fff387bf6ad382acec4b9bd5d19f98d08970f20b8e755ea,8b3956404398690bbe02d2f590fbbfce2ca696f3e3b691ed979e35e9b8276d71,8b10f26c63efc1e7b779523080bc9e1215bab2b21d36db41ba7894df17ba36f1,0.23003597743809223,0.22285105660557747,0.224315095692873,0.566552858799696,0.13400218449532986,0.9257749188691378,0.1839720644056797,2.487504156306386,0.0,0.0,11.006104992702603,711.5006612148136,3053.6849794443697,147500,147500,,2.793683898093503,,False,False,ok
BNCI2014_001,resampled_spectral_normalized_power_s1,resampled,spectral,normalized_power,3,6398,296,500,500,1.0,22,253,0.0004199050697305867,0.02049158533961164,6.679901914060183,0.6549818383045635,34.50181616954366,34.50181616954366,0.00021931441637477954,2.793683898093503,0.0002738539587283803,0.0001262752589272569,0.0010071106406992778,7.121669034322969e-05,188.24073761048203,5.716247880429664,0.03017952124818757,0.09236224807369398,0.1459989447547685,50058,58b910425b8fdb35850b9878681866bdfd29fb4da251a1e509780922b0cdb784,three_row_sha256,83b1ac5f0bd155fce442c17c10ae06e16c3dcb8967625633604c596749e3d66e,8b3956404398690bbe02d2f590fbbfce2ca696f3e3b691ed979e35e9b8276d71,8b10f26c63efc1e7b779523080bc9e1215bab2b21d36db41ba7894df17ba36f1,0.3918479196727276,0.25303708389401436,0.25961105711758137,0.9601558558642864,0.22078794427216053,0.8078571408987045,0.18132501281797886,3.0746220145374537,0.0,0.0,11.845956090837717,714.575283229351,3065.5309355352074,148000,148000,,2.793683898093503,,False,False,ok
BNCI2014_001,resampled_spectral_normalized_power_s1,resampled,spectral,normalized_power,3,6398,297,500,500,1.0,22,253,0.0004300732331783525,0.020738207086880785,6.678094005001883,0.6548045680970472,34.519543190295266,34.519543190295266,0.0002204034117790801,2.793683898093503,0.00027536699644067686,0.00013185455415846796,0.0009199882545314896,7.403829533258853e-05,188.240737610482,5.716247880429664,0.03017952124818757,0.09236224807369398,0.1459989447547685,50354,a7e6357afabb980df174ed7cbe5f96898f1c4a3a95ff662ec36b4c2c4df912b1,three_row_sha256,623971fcd7feb8044866c8de2ba8e1c732cd057439417202bfe172657977494c,8b3956404398690bbe02d2f590fbbfce2ca696f3e3b691ed979e35e9b8276d71,8b10f26c63efc1e7b779523080bc9e1215bab2b21d36db41ba7894df17ba36f1,0.37058000452816486,0.24835695512592793,0.24613691493868828,0.9688881691545248,0.20681414753198624,0.6692849565297365,0.17799017950892448,2.888051327317953,0.0,0.0,10.611655190587044,717.463334556669,3076.1425907257944,148500,148500,,2.793683898093503,,False,False,ok
BNCI2014_001,resampled_spectral_normalized_power_s1,resampled,spectral,normalized_power,3,6398,298,500,500,1.0,22,253,0.00041072121480402826,0.02026625803655002,6.662450901614327,0.6532707209320158,34.67292790679843,34.67292790679843,0.00021487479217033713,2.793683898093503,0.00027387088118166025,0.00011824283445687247,0.0009070416423541845,7.145430110760712e-05,188.24073761048203,5.716247880429664,0.03017952124818757,0.09236224807369398,0.1459989447547685,50651,743115026c1099d69dfa98eaf02e088b6b4310ce4c5e532bce5bbcfd4d661a2f,three_row_sha256,755a2887918ba97bd0e8ebdc6e0b0d9b748063b132a843dd4cc6a260db2fd4ab,8b3956404398690bbe02d2f590fbbfce2ca696f3e3b691ed979e35e9b8276d71,8b10f26c63efc1e7b779523080bc9e1215bab2b21d36db41ba7894df17ba36f1,0.3515840508043766,0.24874508380889893,0.24917791597545147,0.9572640992701054,0.2425189595669508,0.5797508638352156,0.2855290658771992,2.914570039138198,0.0,0.0,8.646494941785932,720.3779045958072,3084.7890856675804,149000,149000,,2.793683898093503,,False,False,ok
BNCI2014_001,resampled_spectral_normalized_power_s1,resampled,spectral,normalized_power,3,6398,299,500,500,1.0,22,253,0.0004154359621334622,0.02038224624847473,6.672955765720496,0.6543007503084824,34.56992496915175,34.56992496915175,0.00021355413691725116,2.793683898093503,0.0002747326246234642,0.00012235780877498773,0.0007968592552157251,7.296524938935615e-05,188.24073761048203,5.716247880429664,0.03017952124818757,0.09236224807369398,0.1459989447547685,50949,595e9aa4e406b590bbbe6936da686b726f7ce8ecfb58ab16a7919e832570781a,three_row_sha256,f82f00e0cbd3d5d65decf78d4fed5d4a8ce5a1eaa87be2f14b715f3075a756d9,8b3956404398690bbe02d2f590fbbfce2ca696f3e3b691ed979e35e9b8276d71,8b10f26c63efc1e7b779523080bc9e1215bab2b21d36db41ba7894df17ba36f1,0.31014904379844666,0.24874904192984104,0.25945017114281654,0.9673638269305229,0.25579892098903656,0.6339040119200945,0.3240560181438923,2.9994710348546505,0.0,0.0,10.209293803200126,723.3773756306618,3094.9983794707805,149500,149500,,2.793683898093503,,False,False,ok
BNCI2014_001,resampled_spectral_normalized_power_s1,resampled,spectral,normalized_power,3,6398,300,500,500,1.0,22,253,0.00040364235624237854,0.020090852551407034,6.676036361689811,0.654602810793354,34.53971892066459,34.53971892066459,0.00020658274026065783,2.793683898093503,0.00027602614494592746,0.00011371079205700155,0.0007732954875290191,7.580652661609573e-05,188.24073761048206,5.716247880429664,0.03017952124818757,0.09236224807369398,0.1459989447547685,51248,037129091babd106813b1a19b8cee5a4efe161946e6c7d41f3452459ff72ef91,three_row_sha256,c5753d9de3e59c989f5ced31b6334cd8382098033396a75b134dca7dfd7ef6d7,8b3956404398690bbe02d2f590fbbfce2ca696f3e3b691ed979e35e9b8276d71,8b10f26c63efc1e7b779523080bc9e1215bab2b21d36db41ba7894df17ba36f1,0.23410096764564514,0.22410391829907894,0.22993702441453934,0.6374339573085308,0.19952491857111454,0.7405630312860012,0.24042092263698578,2.5060847401618958,0.0,0.0,11.25592296011746,725.8834603708237,3106.254302430898,150000,150000,,2.793683898093503,,False,False,ok
BNCI2014_001,resampled_spectral_normalized_power_s1,resampled,spectral,normalized_power,3,6398,301,500,500,1.0,22,253,0.00044492077564233954,0.021093145228778462,6.667333588147276,0.6537494811057968,34.62505188942032,34.62505188942032,0.00022845083689225493,2.793683898093503,0.00028038657454861103,0.00013785681563186595,0.0010595517998939427,6.72395550567866e-05,188.24073761048203,5.716247880429664,0.03017952124818757,0.09236224807369398,0.1459989447547685,51548,c81d7780a5938294ea547be4da46f64a45fbda379c105e1edc8392e77976f631,three_row_sha256,877c977ad37581892d12266602a7d350e879e8b92fb62d0db8bfd024ca976de3,8b3956404398690bbe02d2f590fbbfce2ca696f3e3b691ed979e35e9b8276d71,8b10f26c63efc1e7b779523080bc9e1215bab2b21d36db41ba7894df17ba36f1,0.2550410572439432,0.22629695013165474,0.2472240012139082,0.5986660253256559,0.1404609065502882,0.5302862264215946,0.28167106211185455,2.2796462289988995,0.0,0.0,10.942145949229598,728.1631065998226,3117.1964483801275,150500,150500,,2.793683898093503,,False,False,ok
BNCI2014_001,resampled_spectral_normalized_power_s1,resampled,spectral,normalized_power,3,6398,302,500,500,1.0,22,253,0.0004249576782448946,0.020614501649200607,6.6488773182692,0.6519397956151247,34.80602043848752,34.80602043848752,0.00021483703053511188,2.793683898093503,0.0002820716530509863,0.00012645476363050347,0.0008231642322375936,6.766712393208661e-05,188.240737610482,5.716247880429665,0.03017952124818757,0.09236224807369398,0.1459989447547685,51849,3059c91ec94eec5ebebdfa1907354a676fa47997a55dac2a9bfccac77a81efb6,three_row_sha256,6559336a68b6ca486bcb552a2a338c6d5b754573d4fb3232e19d5fe610c3696d,8b3956404398690bbe02d2f590fbbfce2ca696f3e3b691ed979e35e9b8276d71,8b10f26c63efc1e7b779523080bc9e1215bab2b21d36db41ba7894df17ba36f1,0.2315589226782322,0.22410182282328606,0.22902898490428925,0.563556095585227,0.14620088040828705,0.5759592168033123,0.16939896158874035,2.139804884791374,0.0,0.0,12.217551935464144,730.302911484614,3129.4140003155917,151000,151000,,2.793683898093503,,False,False,ok
BNCI2014_001,resampled_spectral_normalized_power_s1,resampled,spectral,normalized_power,3,6398,303,500,500,1.0,22,253,0.00040242912911297226,0.020060636308775758,6.65668008873964,0.6527048776496139,34.729512235038605,34.729512235038605,0.00021162021454117599,2.793683898093503,0.0002662507047181833,0.00011615252129318553,0.0008450486093554285,6.642435036859343e-05,188.24073761048203,5.716247880429664,0.03017952124818757,0.09236224807369398,0.1459989447547685,52151,1c3dfb05b4b55b5d319be5dc1989cb4c3d2f6e6566c4e73ab9ed53a795dcbd1f,three_row_sha256,b030d5bbb22e2f43c33ccf31ab52d6a44ae4287cd046f8b3c7efcf38ec264027,8b3956404398690bbe02d2f590fbbfce2ca696f3e3b691ed979e35e9b8276d71,8b10f26c63efc1e7b779523080bc9e1215bab2b21d36db41ba7894df17ba36f1,0.230028061196208,0.22528506815433502,0.23032003082334995,0.5602689925581217,0.13329507783055305,0.561573076993227,0.1712590456008911,2.112029353156686,0.0,0.0,12.81004399061203,732.4149408377707,3142.2240443062037,151500,151500,,2.793683898093503,,False,False,ok
BNCI2014_001,resampled_spectral_normalized_power_s1,resampled,spectral,normalized_power,3,6398,304,500,500,1.0,22,253,0.00040569463100920334,0.020141862649943856,6.646135415643503,0.6516709448976538,34.832905510234625,34.832905510234625,0.00021084496796844882,2.793683898093503,0.00027048336525444227,0.00011875960762928897,0.0008339034563939298,7.45927333011052e-05,188.24073761048203,5.716247880429664,0.03017952124818757,0.09236224807369398,0.1459989447547685,52454,1016a8a71c0a8e1c00879a270431a01abe53282eb09356acd601c621b9459e77,three_row_sha256,09e24d7e10a75d3be72eb23c25ce9d0990bb83c7b8df07b0c9efce5436f18def,8b3956404398690bbe02d2f590fbbfce2ca696f3e3b691ed979e35e9b8276d71,8b10f26c63efc1e7b779523080bc9e1215bab2b21d36db41ba7894df17ba36f1,0.2311358693987131,0.2322578802704811,0.2286860253661871,0.5580962169915438,0.1347621437162161,0.7471311837434769,0.1687768381088972,2.3008461575955153,0.0,0.0,12.406727997586131,734.7157869953662,3154.63077230379,152000,152000,,2.793683898093503,,False,False,ok
BNCI2014_001,resampled_spectral_normalized_power_s1,resampled,spectral,normalized_power,3,6398,305,500,500,1.0,22,253,0.000394637193808493,0.019865477437214868,6.643120395006595,0.6513753142454833,34.86246857545167,34.86246857545167,0.00020760478844572018,2.793683898093503,0.0002642909858326294,0.00011454165521426522,0.0007972998903910327,6.335717338365396e-05,188.24073761048203,5.716247880429664,0.03017952124818757,0.09236224807369398,0.1459989447547685,52758,7ce120cd4d2fadd612f553ddc4e691c45de9c915747b4783263ee924c8a907d3,three_row_sha256,f93910dcd68ad9a21dc510e210f9cf1904e688d0d6d9663ae66cb6f9830b2e83,8b3956404398690bbe02d2f590fbbfce2ca696f3e3b691ed979e35e9b8276d71,8b10f26c63efc1e7b779523080bc9e1215bab2b21d36db41ba7894df17ba36f1,0.26845093816518784,0.229919096454978,0.2473602071404457,0.6168750114738941,0.14152214862406254,0.7370389066636562,0.28438400477170944,2.525550313293934,0.0,0.0,12.643357971683145,737.2413373086601,3167.274130275473,152500,152500,,2.793683898093503,,False,False,ok
BNCI2014_001,resampled_spectral_normalized_power_s1,resampled,spectral,normalized_power,3,6398,306,500,500,1.0,22,253,0.00040896428844373997,0.020222865485478064,6.653522953214363,0.6523953122612705,34.76046877387296,34.76046877387296,0.00021134259805634498,2.7936838980935024,0.00027153403630573227,0.00011889809689873082,0.0008133545000742299,6.326953089555139e-05,188.240737610482,5.716247880429665,0.03017952124818757,0.09236224807369398,0.1459989447547685,53063,900b2898fa70db9a184abf78d274465913aa2a57cd5ec63b5a2c5d8b9b556983,three_row_sha256,07a4d5c9822744b11d265e83373a6ec1b4f705264f90d2d7b0eaa6f485a806d6,8b3956404398690bbe02d2f590fbbfce2ca696f3e3b691ed979e35e9b8276d71,8b10f26c63efc1e7b779523080bc9e1215bab2b21d36db41ba7894df17ba36f1,0.3624008968472481,0.24625379592180252,0.26419898495078087,0.9207231923937798,0.214751111343503,0.7764301262795925,0.292372889816761,3.0771309975534678,0.0,0.0,11.864199070259929,740.3184683062136,3179.138329345733,153000,153000,,2.793683898093503,,False,False,ok
BNCI2014_001,resampled_spectral_normalized_power_s1,resampled,spectral,normalized_power,3,6398,307,500,500,1.0,22,253,0.00039939541056185934,0.019984879548345026,6.65284608573004,0.6523289436356717,34.76710563643283,34.76710563643283,0.00020694615189465227,2.793683898093503,0.000271058812644107,0.00011653198897470756,0.0007154177608669252,7.12836556508439e-05,188.240737610482,5.716247880429664,0.03017952124818757,0.09236224807369398,0.1459989447547685,53369,23ae74c9989c04e39b49b910ffb03f3440047be53da8ac9cd8656b4a4de5b084,three_row_sha256,a05deb4c8590f7c97e64bcd6488fbc4325f1c9c1315bd2446e59b1b43dd297d8,8b3956404398690bbe02d2f590fbbfce2ca696f3e3b691ed979e35e9b8276d71,8b10f26c63efc1e7b779523080bc9e1215bab2b21d36db41ba7894df17ba36f1,0.3015638794749975,0.2463008277118206,0.24270499125123024,0.9107310324907303,0.2157010603696108,0.7342530880123377,0.2527749165892601,2.904029795899987,0.0,0.0,12.9303690046072,743.2224981021136,3192.06869835034,153500,153500,,2.793683898093503,,False,False,ok
BNCI2014_001,resampled_spectral_normalized_power_s1,resampled,spectral,normalized_power,3,6398,308,500,500,1.0,22,253,0.0004123969749921913,0.020307559552841185,6.66560968916446,0.6535804483057134,34.64195516942866,34.64195516942866,0.00021546560910469333,2.7936838980935033,0.00026908109316640694,0.00012227885668842614,0.0008969727022452579,5.890180438550326e-05,188.240737610482,5.716247880429665,0.03017952124818757,0.09236224807369398,0.1459989447547685,53676,52a80f386acd6672557ef880f8fbf8cf282150080120bed2815eb9adabb59b38,three_row_sha256,e12242cf40d473ac15d45894d9fcbcb128a25c3003091e3ce7a1e48960255017,8b3956404398690bbe02d2f590fbbfce2ca696f3e3b691ed979e35e9b8276d71,8b10f26c63efc1e7b779523080bc9e1215bab2b21d36db41ba7894df17ba36f1,0.3575559239834547,0.24747801944613457,0.25825202465057373,0.9226419497281313,0.22155302576720715,0.7368798833340406,0.25613908655941486,3.000499913468957,0.0,0.0,13.53943394497037,746.2229980155826,3205.6081322953105,154000,154000,,2.793683898093503,,False,False,ok
BNCI2014_001,resampled_spectral_normalized_power_s1,resampled,spectral,normalized_power,3,6398,309,500,500,1.0,22,253,0.0004064657395035714,0.02016099549882325,6.651895615136616,0.6522357475102578,34.77642524897422,34.77642524897422,0.0002104181057211008,2.793683898093503,0.0002713410509688373,0.00012087133948606648,0.0008356659681326764,7.282402942354241e-05,188.24073761048203,5.716247880429664,0.03017952124818757,0.09236224807369398,0.1459989447547685,53984,e2dadd93043b5b1f80ecf6b1a9cb77bd47d477030529949ac04053e57adbf199,three_row_sha256,ced3b09d93ba2f5c550265422b5977ac8cad56092d7f38466d2054093d250fd6,8b3956404398690bbe02d2f590fbbfce2ca696f3e3b691ed979e35e9b8276d71,8b10f26c63efc1e7b779523080bc9e1215bab2b21d36db41ba7894df17ba36f1,0.39022695273160934,0.2601358573883772,0.2714840229600668,0.9556720033288002,0.23364811204373837,0.7533240132033825,0.29432703740894794,3.1588179990649223,0.0,0.0,13.303447049111128,749.3818160146475,3218.9115793444216,154500,154500,,2.793683898093503,,False,False,ok
BNCI2014_001,resampled_spectral_normalized_power_s1,resampled,spectral,normalized_power,3,6398,310,500,500,1.0,22,253,0.0004319243483658687,0.020782789715672646,6.6453366120930655,0.6515926201221344,34.84073798778656,34.84073798778656,0.00022654657825645544,2.793683898093503,0.0002812135892699214,0.00012553739823226447,0.0010929156140969815,7.411584968601323e-05,188.24073761048203,5.716247880429664,0.03017952124818757,0.09236224807369398,0.1459989447547685,54293,dd5037fc4bb979146ec32c5e9cd4e5c45a6ae156f7ceeb513577f58aaf9397ce,three_row_sha256,31b955ed5d283ff03ba00afdacced9d3e44d446e06486154ac3500fc76cb3272,8b3956404398690bbe02d2f590fbbfce2ca696f3e3b691ed979e35e9b8276d71,8b10f26c63efc1e7b779523080bc9e1215bab2b21d36db41ba7894df17ba36f1,0.33771106973290443,0.2454938367009163,0.25205686688423157,0.8763340301811695,0.21124095655977726,0.8048990275710821,0.2839230000972748,3.011658787727356,0.0,0.0,12.985595967620611,752.3934748023748,3231.8971753120422,155000,155000,,2.793683898093503,,False,False,ok
BNCI2014_001,resampled_spectral_normalized_power_s1,resampled,spectral,normalized_power,3,6398,311,500,500,1.0,22,253,0.0004154223074855739,0.02038191128146656,6.64831689576863,0.6518848447244721,34.81151552755279,34.81151552755279,0.0002165145322240357,2.793683898093503,0.000275992891914715,0.00011941084408825681,0.0009307587670934561,7.168989580435967e-05,188.240737610482,5.716247880429664,0.03017952124818757,0.09236224807369398,0.1459989447547685,54603,03688cf0c2bbdd6b16248d3ebe980ae0b6c08253b0585dbe7f78a2b7be3cea59,three_row_sha256,2d7070aa0bc20782b680cdd31153bc5b92e0c163b9076f6d870a90ea2e9171d5,8b3956404398690bbe02d2f590fbbfce2ca696f3e3b691ed979e35e9b8276d71,8b10f26c63efc1e7b779523080bc9e1215bab2b21d36db41ba7894df17ba36f1,0.33668684773147106,0.24288799613714218,0.2555649261921644,0.8370489813387394,0.19703316502273083,0.7546269334852695,0.2503320574760437,2.874180907383561,0.0,0.0,14.221542980521917,755.2676557097584,3246.118718292564,155500,155500,,2.793683898093503,,False,False,ok
BNCI2014_001,resampled_spectral_normalized_power_s1,resampled,spectral,normalized_power,3,6398,312,500,500,1.0,22,253,0.0004138618613117746,0.0203435950930944,6.648203209060559,0.6518736974456645,34.81263025543356,34.81263025543356,0.0002117110598504707,2.793683898093503,0.00027808339942814853,0.00011839859689628621,0.0008288744900677185,6.565857646803165e-05,188.24073761048203,5.716247880429664,0.03017952124818757,0.09236224807369398,0.1459989447547685,54914,01f3adec7dafe0bac62a4fd7757df54906ca03d3b1bea01f12a1f8294a5d5510,three_row_sha256,e40a6b966f6cbde03209ed4e8a898b4194a52e8079d76baf50f13e20125b2381,8b3956404398690bbe02d2f590fbbfce2ca696f3e3b691ed979e35e9b8276d71,8b10f26c63efc1e7b779523080bc9e1215bab2b21d36db41ba7894df17ba36f1,0.3178820479661226,0.24292105808854103,0.24655298329889774,0.8142220322042704,0.19825692288577557,0.8248521480709314,0.2467520534992218,2.8914392460137606,0.0,0.0,13.335776049643755,758.1590949557722,3259.454494342208,156000,156000,,2.793683898093503,,False,False,ok
BNCI2014_001,resampled_spectral_normalized_power_s1,resampled,spectral,normalized_power,3,6398,313,500,500,1.0,22,253,0.00040571011760258597,0.020142247084240276,6.642756153672626,0.6513395994308679,34.86604005691321,34.86604005691321,0.00021368303751548933,2.793683898093503,0.0002639218967033393,0.00011976396065268038,0.0008570387632512784,6.073044623046683e-05,188.24073761048203,5.716247880429664,0.03017952124818757,0.09236224807369398,0.1459989447547685,55226,95467006cf39673f2b5a39133ebf936acf86eb7cf65c4abca10dffd77391daf3,three_row_sha256,3b2095787a32e3d5df20c6ed38780639ead8e23e63d503d7c6d264e08b7cc0f6,8b3956404398690bbe02d2f590fbbfce2ca696f3e3b691ed979e35e9b8276d71,8b10f26c63efc1e7b779523080bc9e1215bab2b21d36db41ba7894df17ba36f1,0.34989393316209316,0.24116202257573605,0.25619217194616795,0.8347358088940382,0.20142900757491589,2.2243319544941187,0.2653151750564575,4.3730600737035275,0.0,0.0,13.405913021415472,762.5321550294757,3272.8604073636234,156500,156500,,2.793683898093503,,False,False,ok
BNCI2014_001,resampled_spectral_normalized_power_s1,resampled,spectral,normalized_power,3,6398,314,500,500,1.0,22,253,0.0004258708469369462,0.020636638460198555,6.639261309904801,0.650996920866858,34.90030791331421,34.90030791331421,0.00022223804978239406,2.793683898093503,0.00027659824488685084,0.00012487371673659576,0.0009938828949558397,7.046297442196266e-05,188.24073761048206,5.716247880429664,0.03017952124818757,0.09236224807369398,0.1459989447547685,55539,e3f391e19ae858b1a52c89be27660549fdcd3c87cdd8e2b69aa213f25f3acb42,three_row_sha256,b7ef2692d2fa368ecae045d99f5b9f3adc0691ed3fc6d1e7bddd050ec93c2782,8b3956404398690bbe02d2f590fbbfce2ca696f3e3b691ed979e35e9b8276d71,8b10f26c63efc1e7b779523080bc9e1215bab2b21d36db41ba7894df17ba36f1,0.3497640136629343,0.24600094184279442,0.2500999253243208,0.912519870325923,0.22309296764433384,0.6246520206332207,0.28318981640040874,2.8893195558339357,0.0,0.0,13.776991050690413,765.4214745853096,3286.637398414314,157000,157000,,2.793683898093503,,False,False,ok
BNCI2014_001,resampled_spectral_normalized_power_s1,resampled,spectral,normalized_power,3,6398,315,500,500,1.0,22,253,0.00040879838378955676,0.020218763161715822,6.648415459483609,0.6518945091542881,34.81054908457118,34.81054908457118,0.0002115464566395409,2.793683898093503,0.00026909132990000505,0.00012160293088091657,0.0007965171652234407,6.320501678525112e-05,188.240737610482,5.716247880429664,0.03017952124818757,0.09236224807369398,0.1459989447547685,55853,d6378aa4d8826842e0cf7aababc89af32af91d2638600706e027d3a978cc6289,three_row_sha256,973f9c62fea152ec29774a0f737bb65baef539f9af08762406f56619be1955d4,8b3956404398690bbe02d2f590fbbfce2ca696f3e3b691ed979e35e9b8276d71,8b10f26c63efc1e7b779523080bc9e1215bab2b21d36db41ba7894df17ba36f1,0.33895205706357956,0.24712714366614819,0.24959398433566093,0.9175869636237621,0.22136210463941097,0.6243318784981966,0.275659142062068,2.8746132738888264,0.0,0.0,12.689638882875443,768.2960878591985,3299.3270372971892,157500,157500,,2.793683898093503,,False,False,ok
BNCI2014_001,resampled_spectral_normalized_power_s1,resampled,spectral,normalized_power,3,6398,316,500,500,1.0,22,253,0.00039316520644232955,0.019828393945106333,6.655995650203768,0.6526377666626265,34.73622333373735,34.73622333373735,0.00020515883233770436,2.793683898093503,0.0002669713634575819,0.00011318866368010117,0.000716174847876538,6.436665128320632e-05,188.24073761048203,5.716247880429664,0.03017952124818757,0.09236224807369398,0.1459989447547685,56168,f7f34b23c1488b951f2b5037054bfb3ca9806738b2476ebbdd509cd88b2306de,three_row_sha256,08f7f377af204672500f98766272ac338dbe2cbc04647c4dd2d008d9d4e7ca18,8b3956404398690bbe02d2f590fbbfce2ca696f3e3b691ed979e35e9b8276d71,8b10f26c63efc1e7b779523080bc9e1215bab2b21d36db41ba7894df17ba36f1,0.3383511211723089,0.24364585988223553,0.2516689710319042,0.8803000673651695,0.21134596318006516,0.5981349386274815,0.2697829622775316,2.7932298835366964,0.0,0.0,14.662434114143252,771.0893177427351,3313.9894714113325,158000,158000,,2.793683898093503,,False,False,ok
BNCI2014_001,resampled_spectral_normalized_power_s1,resampled,spectral,normalized_power,3,6398,317,500,500,1.0,22,253,0.00039973502319872063,0.01999337448253097,6.660644605079216,0.653093608836612,34.690639116338794,34.690639116338794,0.0002098478530553023,2.7936838980935024,0.00026720624746292534,0.00011406401830761348,0.0007899069326537145,7.489479813641017e-05,188.24073761048203,5.716247880429664,0.03017952124818757,0.09236224807369398,0.1459989447547685,56484,e5a204ad9c8b275bc2af63129ee27d68ed1c93378897ae38d435a272a6df0f94,three_row_sha256,47cda53c918100f22a1e73a0601bee5bedcae503a270550eef07a14a86e3b4dd,8b3956404398690bbe02d2f590fbbfce2ca696f3e3b691ed979e35e9b8276d71,8b10f26c63efc1e7b779523080bc9e1215bab2b21d36db41ba7894df17ba36f1,0.3931289538741112,0.24859094992280006,0.2678600139915943,0.9253129828721285,0.21241907961666584,0.724259065464139,0.28893607668578625,3.060507122427225,0.0,0.0,12.400328181684017,774.1498248651624,3326.3897995930165,158500,158500,,2.793683898093503,,False,False,ok
BNCI2014_001,resampled_spectral_normalized_power_s1,resampled,spectral,normalized_power,3,6398,318,500,500,1.0,22,253,0.0004026730913339791,0.020066716007707368,6.654366558012894,0.652478029916238,34.7521970083762,34.7521970083762,0.00021212549014728348,2.793683898093503,0.0002680098958288657,0.00011609214918094651,0.0008682113552015437,7.491051885066735e-05,188.24073761048203,5.716247880429664,0.03017952124818757,0.09236224807369398,0.1459989447547685,56801,c200fa813e536754912a2cff1414a536d70f59e98cce00a04a465d90949b5331,three_row_sha256,f4271ddad64d568a2c20d2c6fd45831ef7895c0934201610ea8a3db9cada177f,8b3956404398690bbe02d2f590fbbfce2ca696f3e3b691ed979e35e9b8276d71,8b10f26c63efc1e7b779523080bc9e1215bab2b21d36db41ba7894df17ba36f1,0.33189798705279827,0.24888385087251663,0.2556068357080221,0.9365689475089312,0.24581514298915863,0.6892669480293989,0.28738006949424744,2.995419781655073,0.0,0.0,12.260339921340346,777.1452446468174,3338.650139514357,159000,159000,,2.793683898093503,,False,False,ok
BNCI2014_001,resampled_spectral_normalized_power_s1,resampled,spectral,normalized_power,3,6398,319,500,500,1.0,22,253,0.000392928456337195,0.0198224230692717,6.655619084881686,0.6526008434487721,34.739915655122786,34.739915655122786,0.00020361421756104117,2.793683898093503,0.00026521191615737393,0.00011339665077460407,0.0007090831529279905,5.6915782866406284e-05,188.24073761048203,5.716247880429664,0.03017952124818757,0.09236224807369398,0.1459989447547685,57119,e6f7afe2200b2f87173bae6a02d5f1349ba4d42b22b9d1c8b8fb580a9dd0e31f,three_row_sha256,ceabf7f7317dd2f47fb1bf201e81aec3011e0f6a81b77092f021dffe5eacae7a,8b3956404398690bbe02d2f590fbbfce2ca696f3e3b691ed979e35e9b8276d71,8b10f26c63efc1e7b779523080bc9e1215bab2b21d36db41ba7894df17ba36f1,0.3583969082683325,0.24489290080964565,0.2526098396629095,0.899001955986023,0.22139889188110828,0.8385560940951109,0.2686621155589819,3.0835187062621117,0.0,0.0,12.582134222611785,780.2287633530796,3351.2322737369686,159500,159500,,2.793683898093503,,False,False,ok
BNCI2014_001,resampled_spectral_normalized_power_s1,resampled,spectral,normalized_power,3,6398,320,500,500,1.0,22,253,0.00042400693057323576,0.020591428570481355,6.641189405057291,0.6511859756349745,34.88140243650255,34.88140243650255,0.0002152380812772257,2.793683898093503,0.00028074736528511533,0.00012440034369727964,0.0008350498144455163,6.999486213882591e-05,188.24073761048203,5.716247880429665,0.03017952124818757,0.09236224807369398,0.1459989447547685,57438,37e3d2285e394838b33b3f32f02cb98d8039aee0d99d6a457e1dbc9bb365b65a,three_row_sha256,d24423cc09ba5920b3e8d017cc84c57575af5d7e60eb60335152869c19aacaa8,8b3956404398690bbe02d2f590fbbfce2ca696f3e3b691ed979e35e9b8276d71,8b10f26c63efc1e7b779523080bc9e1215bab2b21d36db41ba7894df17ba36f1,0.33032498322427273,0.24661910720169544,0.24682492949068546,0.9109040256589651,0.21428894251585007,0.6919640582054853,0.26938016526401043,2.9103062115609646,0.0,0.0,11.88265299424529,783.1390695646405,3363.114926731214,160000,160000,,2.793683898093503,,False,False,ok
BNCI2014_001,resampled_spectral_normalized_power_s1,resampled,spectral,normalized_power,3,6398,321,500,500,1.0,22,253,0.00042241065471911845,0.02055263133321664,6.644646134910599,0.6515249170300684,34.847508296993155,34.847508296993155,0.00022646476277989944,2.793683898093503,0.0002689752351464467,0.00012674596735646465,0.0012712435680253724,6.843347489849884e-05,188.24073761048203,5.716247880429665,0.03017952124818757,0.09236224807369398,0.1459989447547685,57758,3e940904449fdc7b00a7f7c7f71cd308bb6d24591b97dec825ff20f3bd2d1bb7,three_row_sha256,e07ffd4a578841da774477bea87952a6659547068dcadb6c766219ffe5c4dd91,8b3956404398690bbe02d2f590fbbfce2ca696f3e3b691ed979e35e9b8276d71,8b10f26c63efc1e7b779523080bc9e1215bab2b21d36db41ba7894df17ba36f1,0.37845480255782604,0.24984311312437057,0.2642569597810507,0.9115180000662804,0.23360992781817913,0.7172310724854469,0.2821721136569977,3.0370859894901514,0.0,0.0,12.610620819032192,786.1761555541307,3375.725547550246,160500,160500,,2.793683898093503,,False,False,ok
BNCI2014_001,resampled_spectral_normalized_power_s1,resampled,spectral,normalized_power,3,6398,322,500,500,1.0,22,253,0.0004128362416486684,0.02031837202259739,6.660844750782818,0.6531132336458624,34.688676635413756,34.688676635413756,0.0002130488084907112,2.793683898093503,0.0002707686150260267,0.00012378406554393008,0.0007974206192879101,6.994195531023067e-05,188.24073761048203,5.716247880429664,0.03017952124818757,0.09236224807369398,0.1459989447547685,58079,e5b74d0e6784de4397ece81007d0c8f005602a640be1e633bfaaf04856b8bdf9,three_row_sha256,f2ac069bdc22645dcaf99a694633418dabef90aec4e983394f10538888cec0a5,8b3956404398690bbe02d2f590fbbfce2ca696f3e3b691ed979e35e9b8276d71,8b10f26c63efc1e7b779523080bc9e1215bab2b21d36db41ba7894df17ba36f1,0.3689920995384455,0.2630390226840973,0.25245919823646545,0.9425259195268154,0.23651006631553173,0.6759760435670614,0.2636890858411789,3.0031914357095957,0.0,0.0,12.183265993371606,789.1793469898403,3387.9088135436177,161000,161000,,2.793683898093503,,False,False,ok
BNCI2014_001,resampled_spectral_normalized_power_s1,resampled,spectral,normalized_power,3,6398,323,500,500,1.0,22,253,0.0004106427420949973,0.020264321900695253,6.652990988131548,0.6523431516947923,34.765684830520776,34.765684830520776,0.00021055505165690002,2.793683898093503,0.0002739053743408193,0.0001206338094884379,0.0007682563123097123,7.028571080900346e-05,188.24073761048206,5.716247880429664,0.03017952124818757,0.09236224807369398,0.1459989447547685,58401,b3a5eef3fe3ffd3f7a3f1fb678b0b2b6b793ce249995a2eff8df14a1cbc30017,three_row_sha256,6833e85aca75263cfc58de7e5faec6ab733f4dab74faacdc2513c792d998a94b,8b3956404398690bbe02d2f590fbbfce2ca696f3e3b691ed979e35e9b8276d71,8b10f26c63efc1e7b779523080bc9e1215bab2b21d36db41ba7894df17ba36f1,0.3710109740495682,0.24885800667107105,0.25333999656140804,0.9258571080863476,0.23371586576104164,0.8164960891008377,0.28342194855213165,3.132699988782406,0.0,0.0,12.40562298335135,792.3120469786227,3400.314436526969,161500,161500,,2.793683898093503,,False,False,ok
BNCI2014_001,resampled_spectral_normalized_power_s1,resampled,spectral,normalized_power,3,6398,324,500,500,1.0,22,253,0.00040634181471792356,0.02015792188490479,6.641165737312417,0.6511836549507422,34.881634504925785,34.881634504925785,0.00021340572384842717,2.793683898093503,0.00026912903085911095,0.00011937608307675894,0.0008056857159959599,6.430871181293033e-05,188.24073761048203,5.716247880429664,0.03017952124818757,0.09236224807369398,0.1459989447547685,58724,b5ed4cf139c3d5bf0eda9606138e792602ecd443cfc58d81c7603d2d38d8ca4c,three_row_sha256,84b9b4af71bd53e862de16bc8a3a62e5f1eae56bf06befd76e5a59e25380d2ac,8b3956404398690bbe02d2f590fbbfce2ca696f3e3b691ed979e35e9b8276d71,8b10f26c63efc1e7b779523080bc9e1215bab2b21d36db41ba7894df17ba36f1,0.3505549393594265,0.2474470529705286,0.2534270752221346,0.9391868952661753,0.22684712894260883,0.7968130521476269,0.28640590608119965,3.1006820499897003,0.0,0.0,12.045548064634204,795.4127290286124,3412.3599845916033,162000,162000,,2.793683898093503,,False,False,ok
BNCI2014_001,resampled_spectral_normalized_power_s1,resampled,spectral,normalized_power,3,6398,325,500,500,1.0,22,253,0.00039459390998049866,0.019864387984040652,6.6345580863312374,0.6505357575052095,34.94642424947905,34.94642424947905,0.00020796907536631894,2.793683898093503,0.00026311043285750477,0.00011425092975890013,0.0008136531860509491,6.77994429964257e-05,188.24073761048203,5.716247880429664,0.03017952124818757,0.09236224807369398,0.1459989447547685,59048,3e175117dda4a9638dcb783bc93ccaace3f0e2d0d614edee3f54faf30e9f2ced,three_row_sha256,e1658741b031a2f370da2611606e287882ce890eec5a2948db4f8a943add7182,8b3956404398690bbe02d2f590fbbfce2ca696f3e3b691ed979e35e9b8276d71,8b10f26c63efc1e7b779523080bc9e1215bab2b21d36db41ba7894df17ba36f1,0.374658964574337,0.25055091828107834,0.26230793446302414,0.945979030802846,0.2201390452682972,0.7216050289571285,0.2824850380420685,3.0577259603887796,0.0,0.0,13.602955034002662,798.4704549890012,3425.962939625606,162500,162500,,2.793683898093503,,False,False,ok
BNCI2014_001,resampled_spectral_normalized_power_s1,resampled,spectral,normalized_power,3,6398,326,500,500,1.0,22,253,0.0004264385776760291,0.02065038928630715,6.640564634490707,0.6511247152482976,34.88752847517024,34.88752847517024,0.0002241026116613515,2.793683898093503,0.00027453719954300575,0.0001278973910759278,0.0010103602006653562,7.768760318168687e-05,188.24073761048203,5.716247880429664,0.03017952124818757,0.09236224807369398,0.1459989447547685,59373,4ed2ee7d97e8dacb429f876ad6fa8a2f7e7caa34f4da56c312d12d64c2cdee42,three_row_sha256,dc88933e117a0f3169a215f519370ee93df9aacb4f554b6c5100e71d9f0e38d7,8b3956404398690bbe02d2f590fbbfce2ca696f3e3b691ed979e35e9b8276d71,8b10f26c63efc1e7b779523080bc9e1215bab2b21d36db41ba7894df17ba36f1,0.3488399088382721,0.24352408945560455,0.24775206111371517,0.9347249288111925,0.23128301836550236,0.6514508277177811,0.2666809596121311,2.924255793914199,0.0,0.0,12.696986086666584,801.3947107829154,3438.6599257122725,163000,163000,,2.793683898093503,,False,False,ok
BNCI2014_001,resampled_spectral_normalized_power_s1,resampled,spectral,normalized_power,3,6398,327,500,500,1.0,22,253,0.0004269477298390268,0.020662713515872663,6.6450493805879125,0.6515644563224732,34.84355436775268,34.84355436775268,0.0002137221261660187,2.793683898093503,0.00027873626845648287,0.00013184039247616128,0.0007673394170583968,6.213923470953983e-05,188.24073761048203,5.716247880429664,0.03017952124818757,0.09236224807369398,0.1459989447547685,59699,413de26c594c6cbd20c3c4a90deeddba2b35545ef8416c61f05954c2a28e535b,three_row_sha256,ff669968dba78b0f20de71342a5f3ccd8469ea15d9a3232a96fff71c38fd0e21,8b3956404398690bbe02d2f590fbbfce2ca696f3e3b691ed979e35e9b8276d71,8b10f26c63efc1e7b779523080bc9e1215bab2b21d36db41ba7894df17ba36f1,0.34959614276885986,0.25258702225983143,0.24787918664515018,0.9235551115125418,0.22279401309788227,0.7629089523106813,0.27573597617447376,3.0350564047694206,0.0,0.0,13.531300006434321,804.4297671876848,3452.191225718707,163500,163500,,2.793683898093503,,False,False,ok
BNCI2014_001,resampled_spectral_normalized_power_s1,resampled,spectral,normalized_power,3,6398,328,500,500,1.0,22,253,0.0004018598684518137,0.020046442787981456,6.640085179191568,0.6510777034033252,34.892229659667485,34.892229659667485,0.000204846800388861,2.793683898093503,0.00027322948376270616,0.00011684556232731656,0.0006769375687499714,5.817863315599811e-05,188.24073761048203,5.716247880429665,0.03017952124818757,0.09236224807369398,0.1459989447547685,60026,e12f49e5ab4222156654f3c9c3f475ec33d23e32775f266ee2bee71cd9e2f3f5,three_row_sha256,a6c201ee6312c7e86cb05670101bfecad2feb587535cc54b0d4fb60395d1b049,8b3956404398690bbe02d2f590fbbfce2ca696f3e3b691ed979e35e9b8276d71,8b10f26c63efc1e7b779523080bc9e1215bab2b21d36db41ba7894df17ba36f1,0.3724070265889168,0.24409708566963673,0.26331678964197636,0.9407689794898033,0.2389359287917614,0.6960050668567419,0.2962159924209118,3.0517468694597483,0.0,0.0,12.300587026402354,807.4815140571445,3464.491812745109,164000,164000,,2.793683898093503,,False,False,ok
BNCI2014_001,resampled_spectral_normalized_power_s1,resampled,spectral,normalized_power,3,6398,329,500,500,1.0,22,253,0.00042155257971154505,0.02053174565670306,6.624409951795513,0.6495407063953151,35.045929360468485,35.045929360468485,0.00021952841700962172,2.793683898093503,0.00027299946605332994,0.00012663818597611904,0.0009448086352831832,5.0038959977142223e-05,188.24073761048203,5.716247880429664,0.03017952124818757,0.09236224807369398,0.1459989447547685,60354,8ae0576458cdc5f978e2348739712ab66a17d02bd5e3f560ebe5aad4af70cb36,three_row_sha256,7a56621514dc3ab164f5f40f6a4c35e807de609d399987975b0e52a6120f2d50,8b3956404398690bbe02d2f590fbbfce2ca696f3e3b691ed979e35e9b8276d71,8b10f26c63efc1e7b779523080bc9e1215bab2b21d36db41ba7894df17ba36f1,0.3833519294857979,0.2578429412096739,0.2636250574141741,0.9558808524161577,0.22627180442214012,0.8165009785443544,0.28389901854097843,3.1873725820332766,0.0,0.0,13.49027012474835,810.6688866391778,3477.9820828698575,164500,164500,,2.793683898093503,,False,False,ok
BNCI2014_001,resampled_spectral_normalized_power_s1,resampled,spectral,normalized_power,3,6398,330,500,500,1.0,22,253,0.0003869636165518476,0.0196713908138659,6.6244029469339445,0.6495400195503336,35.04599804496664,35.04599804496664,0.0002029224342785901,2.793683898093503,0.00026358731153829036,0.00010981719252490572,0.000693332463241787,6.085582234277485e-05,188.24073761048203,5.716247880429664,0.03017952124818757,0.09236224807369398,0.1459989447547685,60683,887f2a8ec8409b1e991ef23ef556bf83b809847afe0cd5c401e843c2b97db4fa,three_row_sha256,60c2fbaeba0a1528c774271a060718e83e1e2c163eb7debd51134347223e3317,8b3956404398690bbe02d2f590fbbfce2ca696f3e3b691ed979e35e9b8276d71,8b10f26c63efc1e7b779523080bc9e1215bab2b21d36db41ba7894df17ba36f1,0.31554698944091797,0.24702097289264202,0.24239509366452694,0.9268729481846094,0.22700102999806404,0.7405341602861881,0.2845749258995056,2.983946120366454,0.0,0.0,13.372184010222554,813.6528327595443,3491.35426688008,165000,165000,,2.793683898093503,,False,False,ok
BNCI2014_001,resampled_spectral_normalized_power_s1,resampled,spectral,normalized_power,3,6398,331,500,500,1.0,22,253,0.0004051229820763044,0.02012766707982583,6.625760944929899,0.6496731748024986,35.03268251975013,35.03268251975013,0.0002119644268606577,2.793683898093503,0.00026740172464301173,0.00011887878675223424,0.0008424277123998383,9.146763559994267e-05,188.24073761048206,5.716247880429664,0.03017952124818757,0.09236224807369398,0.1459989447547685,61013,e88a348122fd08a73a0d0334024cb4fed8602b91197955b8db896ce54d326bc2,three_row_sha256,065a2b9920df9e3f673b10430c6401796f0f79e9131b79c39330b01c3d5ae95e,8b3956404398690bbe02d2f590fbbfce2ca696f3e3b691ed979e35e9b8276d71,8b10f26c63efc1e7b779523080bc9e1215bab2b21d36db41ba7894df17ba36f1,0.33645983785390854,0.2419501543045044,0.251285033300519,0.8369819261133671,0.2095368690788746,0.6870280485600233,0.26882090605795383,2.8320627752691507,0.0,0.0,12.833638116717339,816.4848955348134,3504.1879049967974,165500,165500,,2.793683898093503,,False,False,ok
BNCI2014_001,resampled_spectral_normalized_power_s1,resampled,spectral,normalized_power,3,6398,332,500,500,1.0,22,253,0.000413769474407104,0.020341324303179083,6.618462487678604,0.6489575419969962,35.10424580030039,35.10424580030039,0.00021502409763379958,2.793683898093503,0.0002699737375192217,0.00012511308123681607,0.0008190562353067645,7.798233007283049e-05,188.24073761048203,5.716247880429664,0.03017952124818757,0.09236224807369398,0.1459989447547685,61344,ecd6920993a945c5612b5f72e23d03902c601eef85b2b6432aabaffd78487dab,three_row_sha256,3b0f911d42a1c2104b6c31e8bae3f190ab098024c5c7febdbc9813f8b25d3d86,8b3956404398690bbe02d2f590fbbfce2ca696f3e3b691ed979e35e9b8276d71,8b10f26c63efc1e7b779523080bc9e1215bab2b21d36db41ba7894df17ba36f1,0.34802104346454144,0.24285283870995045,0.26242388412356377,0.8575378451496363,0.19869906827807426,0.697731040418148,0.25794096291065216,2.8652066830545664,0.0,0.0,13.266975991427898,819.350102217868,3517.4548809882253,166000,166000,,2.793683898093503,,False,False,ok
BNCI2014_001,resampled_spectral_normalized_power_s1,resampled,spectral,normalized_power,3,6398,333,500,500,1.0,22,253,0.0003830146294067629,0.019570759551094663,6.603414473030256,0.6474820448379041,35.25179551620959,35.25179551620959,0.00019934234631445417,2.793683898093503,0.0002626559059831032,0.0001098417040254822,0.0006528786326865049,7.061630933625097e-05,188.24073761048203,5.716247880429664,0.03017952124818757,0.09236224807369398,0.1459989447547685,61676,8d453869ebe533b092b8901d73dfae40b6a03b2b3a2bc8d5be6bdcc041e34246,three_row_sha256,2c1df30925d607c1027fc6539d80c639a82949032a3bf3b441be36c5f9e94df5,8b3956404398690bbe02d2f590fbbfce2ca696f3e3b691ed979e35e9b8276d71,8b10f26c63efc1e7b779523080bc9e1215bab2b21d36db41ba7894df17ba36f1,0.3094100393354893,0.2358469646424055,0.24135294370353222,0.8186390623450279,0.20182691514492035,0.7570029702037573,0.3390850033611059,2.9031638987362385,0.0,0.0,13.19927186705172,822.2532661166042,3530.654152855277,166500,166500,,2.793683898093503,,False,False,ok
BNCI2014_001,resampled_spectral_normalized_power_s1,resampled,spectral,normalized_power,3,6398,334,500,500,1.0,22,253,0.0003954946407918251,0.019887047060632837,6.58787628661121,0.6459584850557994,35.404151494420056,35.404151494420056,0.00021204692536571832,2.793683898093503,0.00026369819697676496,0.0001144505011592554,0.0009474487231704202,6.163951470871843e-05,188.24073761048203,5.716247880429664,0.03017952124818757,0.09236224807369398,0.1459989447547685,62009,b8011e7976861d28453ee1e5fcb2d40966ff6c7dec1c8a7381aeb11b8feebea1,three_row_sha256,4a789a5700c0b385a7c440e504bb5f6fc69c4028098cdcc84c4f81f37e3a5dbc,8b3956404398690bbe02d2f590fbbfce2ca696f3e3b691ed979e35e9b8276d71,8b10f26c63efc1e7b779523080bc9e1215bab2b21d36db41ba7894df17ba36f1,0.3818189725279808,0.2500121481716633,0.26579597033560276,0.9374090004712343,0.23099593818187714,0.9286680724471807,0.2922059502452612,3.2869060523808002,0.0,0.0,13.701982097700238,825.540172168985,3544.3561349529773,167000,167000,,2.793683898093503,,False,False,ok
BNCI2014_001,resampled_spectral_normalized_power_s1,resampled,spectral,normalized_power,3,6398,335,500,500,1.0,22,253,0.000410063763082491,0.020250031187197984,6.595049877870394,0.6466618744244811,35.333812557551894,35.333812557551894,0.00021107438334826048,2.793683898093503,0.00027287051484945293,0.00011944357778531474,0.0007797332426967483,5.3577671770014783e-05,188.24073761048203,5.716247880429664,0.03017952124818757,0.09236224807369398,0.1459989447547685,62343,47020618f46605f0f6f4192a7354aab49abacab0e2a2887033da78c690d56489,three_row_sha256,d84dd67cadf616bcff7efb5edebe0997185fabb1b25fb8726d8a199f242d3967,8b3956404398690bbe02d2f590fbbfce2ca696f3e3b691ed979e35e9b8276d71,8b10f26c63efc1e7b779523080bc9e1215bab2b21d36db41ba7894df17ba36f1,0.3304558340460062,0.24724099785089493,0.25437911972403526,0.8429139852523804,0.20680599845945835,0.9054460097104311,0.24779606610536575,3.035038011148572,0.0,0.0,13.579476857557893,828.5752101801336,3557.935611810535,167500,167500,,2.793683898093503,,False,False,ok
BNCI2014_001,resampled_spectral_normalized_power_s1,resampled,spectral,normalized_power,3,6398,336,500,500,1.0,22,253,0.00039864140604585084,0.019966006261790334,6.601384538490178,0.6472830044517123,35.27169955482877,35.27169955482877,0.0002078780630027255,2.793683898093503,0.000264155115925618,0.00011863775663457107,0.0007351174366778353,6.053391113674777e-05,188.240737610482,5.716247880429664,0.03017952124818757,0.09236224807369398,0.1459989447547685,62678,ac04f01c6fc4af8a7c07a6467d9fa628ea7c59152b4e3b28aca2c7e5d3e72cbd,three_row_sha256,6d34aa2f24fb904a2594b5ae88ef44d8b002e4269641a593a1aa69852158b551,8b3956404398690bbe02d2f590fbbfce2ca696f3e3b691ed979e35e9b8276d71,8b10f26c63efc1e7b779523080bc9e1215bab2b21d36db41ba7894df17ba36f1,0.36507006734609604,0.25542196817696095,0.275979982689023,0.868762843310833,0.20837807096540928,0.7858159951865673,0.2777641639113426,3.037193091586232,0.0,0.0,13.711251085624099,831.6124032717198,3571.6468628961593,168000,168000,,2.793683898093503,,False,False,ok
BNCI2014_001,resampled_spectral_normalized_power_s1,resampled,spectral,normalized_power,3,6398,337,500,500,1.0,22,253,0.00040400758013504705,0.020099939804264267,6.6023907254417304,0.6473816637116362,35.26183362883638,35.26183362883638,0.00021221576595477029,2.793683898093503,0.0002681421821548804,0.00011725819417686885,0.0008403222919977833,6.206698687285195e-05,188.24073761048203,5.716247880429665,0.03017952124818757,0.09236224807369398,0.1459989447547685,63014,ca57bc256134e1ff23b35486e822293efabed80b355e5c83f54d47de832f1437,three_row_sha256,73bcc1c0b6c241d68d7d0a936654f02d50d95c492a6024af669c862833dcc2e8,8b3956404398690bbe02d2f590fbbfce2ca696f3e3b691ed979e35e9b8276d71,8b10f26c63efc1e7b779523080bc9e1215bab2b21d36db41ba7894df17ba36f1,0.37223799154162407,0.2512240316718817,0.2754300367087126,0.865809852257371,0.19311602227389812,1.5239159110933542,0.2673361450433731,3.7490699905902147,0.0,0.0,13.59498011879623,835.36147326231,3585.2418430149555,168500,168500,,2.793683898093503,,False,False,ok
BNCI2014_001,resampled_spectral_normalized_power_s1,resampled,spectral,normalized_power,3,6398,338,500,500,1.0,22,253,0.0003978355916926465,0.019945816395741903,6.603792844936708,0.6475191451920768,35.24808548079232,35.24808548079232,0.00021166369699216863,2.793683898093503,0.00026821918473417933,0.00011185923641209947,0.000911195656322824,6.994719159782848e-05,188.240737610482,5.716247880429664,0.03017952124818757,0.09236224807369398,0.1459989447547685,63351,d489e81b17af47361578685d26c5d57e9f5b135af804bde5232990e9a0b5d2f5,three_row_sha256,d0e09736d0158ff1771c8982d1d8b7d950d58440555f8c691e4001b3a7a90f58,8b3956404398690bbe02d2f590fbbfce2ca696f3e3b691ed979e35e9b8276d71,8b10f26c63efc1e7b779523080bc9e1215bab2b21d36db41ba7894df17ba36f1,0.3512650728225708,0.2503488212823868,0.26289490051567554,0.8594819810241461,0.20684418268501759,0.6667880807071924,0.2548170741647482,2.8524401132017374,0.0,0.0,11.944439029321074,838.2139133755118,3597.1862820442766,169000,169000,,2.793683898093503,,False,False,ok
BNCI2014_001,resampled_spectral_normalized_power_s1,resampled,spectral,normalized_power,3,6398,339,500,500,1.0,22,253,0.0004032622880309638,0.020081391586017235,6.600535323529871,0.6471997367057224,35.28002632942777,35.28002632942777,0.00020917284161291926,2.793683898093503,0.00027092130835375917,0.00011698169022064745,0.0007723919799800314,7.900712360217377e-05,188.24073761048203,5.716247880429665,0.03017952124818757,0.09236224807369398,0.1459989447547685,63689,35363a4f11e771b3c3cc5365c9ba45a3450846b21dd9f5fac4db184ff3b7972f,three_row_sha256,21a761579029cf9cf81ab6b5e66c2a6a5990fc12645812731b48b81e1eab5f96,8b3956404398690bbe02d2f590fbbfce2ca696f3e3b691ed979e35e9b8276d71,8b10f26c63efc1e7b779523080bc9e1215bab2b21d36db41ba7894df17ba36f1,0.31847087666392326,0.24748104624450207,0.257974024862051,0.7170410826802254,0.15290593728423119,0.6547269877046347,0.195356085896492,2.5439560413360596,0.0,0.0,8.001639042049646,840.7578694168478,3605.1879210863262,169500,169500,,2.793683898093503,,False,False,ok
BNCI2014_001,resampled_spectral_normalized_power_s1,resampled,spectral,normalized_power,3,6398,340,500,500,1.0,22,253,0.0003992911249894596,0.019982270266149932,6.618599794959099,0.6489710053346541,35.10289946653459,35.10289946653459,0.00020425585174176916,2.793683898093503,0.0002740373896923261,0.00011396908567490069,0.000729110365854159,6.563645580451587e-05,188.24073761048203,5.716247880429664,0.03017952124818757,0.09236224807369398,0.1459989447547685,64028,cf443848e83c7274c141b483098cad9b12b7e215f35a2fe77bced4ba9ab2dc16,three_row_sha256,992132ec4f83a67ea3a5702a76e58896ca6d7f5c261ca6f8dab7d2475b9f506f,8b3956404398690bbe02d2f590fbbfce2ca696f3e3b691ed979e35e9b8276d71,8b10f26c63efc1e7b779523080bc9e1215bab2b21d36db41ba7894df17ba36f1,0.24196994490921497,0.22180192172527313,0.22687716409564018,0.5743359215557575,0.1332131214439869,0.739051029086113,0.16806600615382195,2.3053151089698076,0.0,0.0,8.360902080312371,843.0631845258176,3613.5488231666386,170000,170000,,2.793683898093503,,False,False,ok
BNCI2014_001,resampled_spectral_normalized_power_s1,resampled,spectral,normalized_power,3,6398,341,500,500,1.0,22,253,0.00044271816094770166,0.021040868825875553,6.600172630870342,0.6471641737426828,35.283582625731725,35.283582625731725,0.0002272791913481623,2.793683898093503,0.00027880684325200955,0.0001385353499205102,0.0009629188322510604,7.14584836166245e-05,188.240737610482,5.716247880429664,0.03017952124818757,0.09236224807369398,0.1459989447547685,64368,be6fdd535196cf5d8e2d8f21258f71b959a1def55de6f94138d08d6999fcfeab,three_row_sha256,7d3de004d4278871ed816de98eae60d82c44eb24d4f5bc917a95a2a5821bb886,8b3956404398690bbe02d2f590fbbfce2ca696f3e3b691ed979e35e9b8276d71,8b10f26c63efc1e7b779523080bc9e1215bab2b21d36db41ba7894df17ba36f1,0.23123319260776043,0.22189202718436718,0.22502103820443153,0.577335013076663,0.13403291814029217,0.7576779462397099,0.17136498354375362,2.318557118996978,0.0,0.0,8.559772977605462,845.3817416448146,3622.108596144244,170500,170500,,2.793683898093503,,False,False,ok
BNCI2014_001,resampled_spectral_normalized_power_s1,resampled,spectral,normalized_power,3,6398,342,500,500,1.0,22,253,0.000414236728937903,0.020352806414298322,6.590053920975921,0.6461720077957593,35.38279922042406,35.38279922042406,0.0002165380027557886,2.793683898093503,0.000271081837592287,0.00012255019470599958,0.0008641727045946901,7.935996486369836e-05,188.24073761048203,5.716247880429664,0.03017952124818757,0.09236224807369398,0.1459989447547685,64709,f0e01b47697821e4d3e645dca6c189af18e587d4b98c65a2e12e2daf42f0fe88,three_row_sha256,59495c95a59cf77f8b2da0e65b36a0ad251cc481fb8c47adf43b9c56f1f2adea,8b3956404398690bbe02d2f590fbbfce2ca696f3e3b691ed979e35e9b8276d71,8b10f26c63efc1e7b779523080bc9e1215bab2b21d36db41ba7894df17ba36f1,0.27177296578884125,0.22600311785936356,0.24125399067997932,0.677487114444375,0.15776301734149456,0.7751190569251776,0.2015198115259409,2.550919074565172,0.0,0.0,8.131806971505284,847.9326607193798,3630.2404031157494,171000,171000,,2.793683898093503,,False,False,ok
BNCI2014_001,resampled_spectral_normalized_power_s1,resampled,spectral,normalized_power,3,6398,343,500,500,1.0,22,253,0.00040503767850336007,0.020125547905668558,6.591669085548693,0.646330378902798,35.366962109720205,35.366962109720205,0.0002109556991323646,2.793683898093503,0.0002677779123176122,0.00012025598342728791,0.0008259473447181701,5.327654277990312e-05,188.24073761048203,5.716247880429664,0.03017952124818757,0.09236224807369398,0.1459989447547685,65051,f4ed8afb49d8fbb7f6ef8fa7041cc2daf3c5f7a75e0f66b892c973d0883be5bd,three_row_sha256,85a0b1c9e82e6da7323893cbdde3cfab7859082f3ece050fcce28ae1af5a2eb2,8b3956404398690bbe02d2f590fbbfce2ca696f3e3b691ed979e35e9b8276d71,8b10f26c63efc1e7b779523080bc9e1215bab2b21d36db41ba7894df17ba36f1,0.22747903130948544,0.22842898033559322,0.22390810772776604,0.5696478765457869,0.13550999574363232,0.7491770666092634,0.16687880270183086,2.301029860973358,0.0,0.0,8.428987814113498,850.2336905803531,3638.669390929863,171500,171500,,2.793683898093503,,False,False,ok
BNCI2014_001,resampled_spectral_normalized_power_s1,resampled,spectral,normalized_power,3,6398,344,500,500,1.0,22,253,0.000398345656563383,0.019958598562108087,6.587494577488822,0.6459210574788835,35.407894252111646,35.407894252111646,0.0002115148132092184,2.793683898093503,0.00026755530680382794,0.00011324455150759643,0.0008606729135693744,5.7929419323979755e-05,188.24073761048203,5.716247880429664,0.03017952124818757,0.09236224807369398,0.1459989447547685,65394,a4fca028d861b02be9729e44281802ee6994c56384f052877469de1621758ad5,three_row_sha256,1cd4e6442c892bd603c2a166981a2b24d64c69018e0d74b8053a77ebe1d98e1a,8b3956404398690bbe02d2f590fbbfce2ca696f3e3b691ed979e35e9b8276d71,8b10f26c63efc1e7b779523080bc9e1215bab2b21d36db41ba7894df17ba36f1,0.2220559399574995,0.22193300537765026,0.2221069298684597,0.5596717819571495,0.1328380312770605,0.7310521323233843,0.1638189423829317,2.2534767631441355,0.0,0.0,8.732035057619214,852.4871673434973,3647.401425987482,172000,172000,,2.793683898093503,,False,False,ok
BNCI2014_001,resampled_spectral_normalized_power_s1,resampled,spectral,normalized_power,3,6398,345,500,500,1.0,22,253,0.0004063208900628862,0.02015740286006325,6.591513573185023,0.6463151305091619,35.36848694908381,35.36848694908381,0.00020768051633897772,2.793683898093503,0.0002762619315833897,0.00011648513096949005,0.0007599480538010932,7.263115102570545e-05,188.24073761048203,5.716247880429664,0.03017952124818757,0.09236224807369398,0.1459989447547685,65738,b76d4ccbd02e47b6cbbe774edf06a0c2d9cfce9f14beff9f892675740535bb92,three_row_sha256,9c941caf723efe7eb56b80d89c0e664d42cc85f3cfc7e018cd32288d3e50c0f8,8b3956404398690bbe02d2f590fbbfce2ca696f3e3b691ed979e35e9b8276d71,8b10f26c63efc1e7b779523080bc9e1215bab2b21d36db41ba7894df17ba36f1,0.21101906895637512,0.2194959670305252,0.21972996182739735,0.5452658515423536,0.1386019866913557,0.7075308822095394,0.17061992548406124,2.2122636437416077,0.0,0.0,8.27326299622655,854.6994309872389,3655.6746889837086,172500,172500,,2.793683898093503,,False,False,ok
BNCI2014_001,resampled_spectral_normalized_power_s1,resampled,spectral,normalized_power,3,6398,346,500,500,1.0,22,253,0.00042648568399093094,0.02065152982204783,6.594987054692602,0.6466557144477318,35.33442855522682,35.33442855522682,0.00022395898955969692,2.793683898093503,0.0002750974954237791,0.00012633418191967824,0.0010277375753682757,6.705208037365968e-05,188.24073761048203,5.716247880429664,0.03017952124818757,0.09236224807369398,0.1459989447547685,66083,013b691eb725bb031098cec0b3544b41ec446e7cca28e1dcd170ab6029ddd6b1,three_row_sha256,0622a06289966542683aef87cb649ec661f15f637da3f1eaa56e75400db0a243,8b3956404398690bbe02d2f590fbbfce2ca696f3e3b691ed979e35e9b8276d71,8b10f26c63efc1e7b779523080bc9e1215bab2b21d36db41ba7894df17ba36f1,0.21384190768003464,0.22043101489543915,0.2209299709647894,0.5522961728274822,0.12977700680494308,0.718842027708888,0.16199611127376556,2.218114212155342,0.0,0.0,8.292745100334287,856.9175451993942,3663.967434084043,173000,173000,,2.793683898093503,,False,False,ok
BNCI2014_001,resampled_spectral_normalized_power_s1,resampled,spectral,normalized_power,3,6398,347,500,500,1.0,22,253,0.000391593238269923,0.01978871492214497,6.580199322861413,0.645205738699022,35.4794261300978,35.4794261300978,0.00020236532369595606,2.793683898093503,0.00026497840675884955,0.00011399143777954631,0.0006692364169361577,6.097323307052665e-05,188.24073761048203,5.716247880429665,0.03017952124818757,0.09236224807369398,0.1459989447547685,66429,bc35c96676c7f732287ae47d724fef853c449f5f7e903745ec9765b2c9ed3c5c,three_row_sha256,b378c60164a80a4f1961224466c4ee23c5ab1e62308a8c3ceda058d737ad51f6,8b3956404398690bbe02d2f590fbbfce2ca696f3e3b691ed979e35e9b8276d71,8b10f26c63efc1e7b779523080bc9e1215bab2b21d36db41ba7894df17ba36f1,0.22475002333521843,0.22060400806367397,0.22263196296989918,0.5556768737733364,0.13089599087834358,0.7104668766260147,0.16357586719095707,2.2286016028374434,0.0,0.0,10.273724095895886,859.1461468022317,3674.241158179939,173500,173500,,2.793683898093503,,False,False,ok
BNCI2014_001,resampled_spectral_normalized_power_s1,resampled,spectral,normalized_power,3,6398,348,500,500,1.0,22,253,0.0004097014556105546,0.02024108336059497,6.576405415175297,0.6448337361363228,35.51662638636772,35.51662638636772,0.00021635150465252985,2.793683898093503,0.00026766818813473597,0.00012066342291277305,0.0009923954486655306,7.000687358459496e-05,188.24073761048203,5.716247880429664,0.03017952124818757,0.09236224807369398,0.1459989447547685,66776,2ffc0bfe066d2d2c0c657c7c79c53c5594b882b47fd4dfcb550cf1ef97d6d7f3,three_row_sha256,6df2cb266d0555a26f33f7fa83759e34ef9f6107e0fba12fd42d7bf4b68a152e,8b3956404398690bbe02d2f590fbbfce2ca696f3e3b691ed979e35e9b8276d71,8b10f26c63efc1e7b779523080bc9e1215bab2b21d36db41ba7894df17ba36f1,0.2472240012139082,0.22716796956956387,0.23838714696466923,0.5865148268640041,0.13559218496084213,0.7545000407844782,0.175100052729249,2.3644862230867147,0.0,0.0,8.550106082111597,861.5106330253184,3682.7912642620504,174000,174000,,2.793683898093503,,False,False,ok
BNCI2014_001,resampled_spectral_normalized_power_s1,resampled,spectral,normalized_power,3,6398,349,500,500,1.0,22,253,0.00039849810118433815,0.01996241721797083,6.596801478044493,0.6468336233987574,35.31663766012426,35.31663766012426,0.00020844634886564182,2.793683898093503,0.0002664384051756815,0.00011523625672353627,0.0008183359757036557,6.272934004093203e-05,188.24073761048203,5.716247880429664,0.03017952124818757,0.09236224807369398,0.1459989447547685,67124,c5bc7409311ad32e6a80fcbbf600f4aa96e759269d72382f3831073f020ae1a0,three_row_sha256,e78cda160b385530aeacb9f2dddc328372d62c2b20eb3d7cdf15e453178e0f2d,8b3956404398690bbe02d2f590fbbfce2ca696f3e3b691ed979e35e9b8276d71,8b10f26c63efc1e7b779523080bc9e1215bab2b21d36db41ba7894df17ba36f1,0.2173110842704773,0.2206058707088232,0.22727902978658676,0.5563250742852688,0.1312829554080963,0.695185037329793,0.16124220564961433,2.2092312574386597,0.0,0.0,9.02399211190641,863.719864282757,3691.815256373957,174500,174500,,2.793683898093503,,False,False,ok
BNCI2014_001,resampled_spectral_normalized_power_s1,resampled,spectral,normalized_power,3,6398,350,500,500,1.0,22,253,0.0004055395102756452,0.020138011577006436,6.5901455367244575,0.6461809909593097,35.38190090406903,35.38190090406903,0.0002096099012018868,2.793683898093503,0.0002737596052201745,0.00011551879925774946,0.0008200165416587183,7.701890587639405e-05,188.240737610482,5.716247880429665,0.03017952124818757,0.09236224807369398,0.1459989447547685,67473,accae77b146fe71dfb1381c18022d9ab0567b8617cc60af97a1664936b2841bd,three_row_sha256,0175719a1118ded9bdbe9cec601dccd879d541983ed484924478833365bc0339,8b3956404398690bbe02d2f590fbbfce2ca696f3e3b691ed979e35e9b8276d71,8b10f26c63efc1e7b779523080bc9e1215bab2b21d36db41ba7894df17ba36f1,0.22622686810791492,0.22252299822866917,0.2267458476126194,0.5565199535340071,0.1326140481978655,0.7304598111659288,0.16994518227875233,2.265034709125757,0.0,0.0,9.012496098876,865.9848989918828,3700.827752472833,175000,175000,,2.793683898093503,,False,False,ok
BNCI2014_001,resampled_spectral_normalized_power_s1,resampled,spectral,normalized_power,3,6398,351,500,500,1.0,22,253,0.000392134988081478,0.01980239854364814,6.588897451229319,0.6460586129150683,35.394138708493166,35.394138708493166,0.0002105711191325491,2.793683898093503,0.0002623016682823229,0.00010996543094273706,0.0009451313003879539,6.215965417902266e-05,188.24073761048203,5.716247880429664,0.03017952124818757,0.09236224807369398,0.1459989447547685,67823,6db5b2804a36c1db6fd47ae6fab79bac96c369f9bae5e1972ff103ae494eb276,three_row_sha256,1abc8ec839c6f24062681ca16a7aed6587f0bf885104adc550cd2a103bc86323,8b3956404398690bbe02d2f590fbbfce2ca696f3e3b691ed979e35e9b8276d71,8b10f26c63efc1e7b779523080bc9e1215bab2b21d36db41ba7894df17ba36f1,0.21653808653354645,0.22016791626811028,0.22020796313881874,0.5482940468937159,0.13295188546180725,0.7148850709199905,0.16090390272438526,2.2139488719403744,0.0,0.0,9.006421081721783,868.1988478638232,3709.8341735545546,175500,175500,,2.793683898093503,,False,False,ok
BNCI2014_001,resampled_spectral_normalized_power_s1,resampled,spectral,normalized_power,3,6398,352,500,500,1.0,22,253,0.0004003076080587838,0.020007688723557845,6.584891394346027,0.6456658085692069,35.43341914307932,35.43341914307932,0.00020835535836424626,2.793683898093503,0.0002711385074001884,0.00011323713566370926,0.0008189711054692142,5.357119182007736e-05,188.24073761048206,5.716247880429664,0.03017952124818757,0.09236224807369398,0.1459989447547685,68174,a75e14954a2cb97aea8af0655c546650a7a8e6f62ac943fd50e23e890f34b4c5,three_row_sha256,f5033e44755624cd0122096fba42b47e7c744a4dbc855fc5bfc4c9607d570384,8b3956404398690bbe02d2f590fbbfce2ca696f3e3b691ed979e35e9b8276d71,8b10f26c63efc1e7b779523080bc9e1215bab2b21d36db41ba7894df17ba36f1,0.21750805899500847,0.22090505808591843,0.2218601293861866,0.5453950725495815,0.13258797116577625,0.6979629397392273,0.16393093392252922,2.200150163844228,0.0,0.0,8.362688822671771,870.3989980276674,3718.1968623772264,176000,176000,,2.793683898093503,,False,False,ok
BNCI2014_001,resampled_spectral_normalized_power_s1,resampled,spectral,normalized_power,3,6398,353,500,500,1.0,22,253,0.0004072868685911827,0.020181349523537385,6.569427245569561,0.6441495083714291,35.58504916285708,35.58504916285708,0.00021557493411829547,2.793683898093503,0.0002692074217129298,0.0001172549917704807,0.0009741160697639753,7.069649119609354e-05,188.240737610482,5.716247880429664,0.03017952124818757,0.09236224807369398,0.1459989447547685,68526,89995d63a4e0635214b0e5c0d98a306b47cbdce7b31cedf5c72fa9ad26287d52,three_row_sha256,edd0d0fb007156266f22d978825135934237f1b6901d556426b1f72139c78e40,8b3956404398690bbe02d2f590fbbfce2ca696f3e3b691ed979e35e9b8276d71,8b10f26c63efc1e7b779523080bc9e1215bab2b21d36db41ba7894df17ba36f1,0.2244468778371811,0.22182008251547813,0.2242878545075655,0.6792261265218258,0.15279091894626617,0.7600090466439724,0.34225406125187874,2.604834968224168,0.0,0.0,9.54292993992567,873.0038329958916,3727.739792317152,176500,176500,,2.793683898093503,,False,False,ok
BNCI2014_001,resampled_spectral_normalized_power_s1,resampled,spectral,normalized_power,3,6398,354,500,500,1.0,22,253,0.00041494011951630943,0.020370079025774774,6.562931518712942,0.643512585378785,35.64874146212151,35.64874146212151,0.00021836759632209255,2.793683898093503,0.00027328350050858323,0.00012118276703944718,0.0010648872770670972,7.07101350353077e-05,188.240737610482,5.716247880429665,0.03017952124818757,0.09236224807369398,0.1459989447547685,68879,22fbe32af0efbdd4252932bd2c7982565ad80b1bd4418b5fe8638ca529215192,three_row_sha256,471e9f5e30cd1f3ac65c6fb5471ff176ca2d82aadbf9799f087227b1b74af1d3,8b3956404398690bbe02d2f590fbbfce2ca696f3e3b691ed979e35e9b8276d71,8b10f26c63efc1e7b779523080bc9e1215bab2b21d36db41ba7894df17ba36f1,0.2144360914826393,0.2225309144705534,0.2215269487351179,0.5415850318968296,0.13024499639868736,0.6752009503543377,0.16107107512652874,2.166596008464694,0.0,0.0,8.359624072909355,875.1704290043563,3736.0994163900614,177000,177000,,2.793683898093503,,False,False,ok
BNCI2014_001,resampled_spectral_normalized_power_s1,resampled,spectral,normalized_power,3,6398,355,500,500,1.0,22,253,0.0004071726390617312,0.020178519248491233,6.560758999372045,0.6432995641802765,35.67004358197236,35.67004358197236,0.00021455611959747352,2.793683898093503,0.00026794681023026057,0.00011882519167275291,0.0009145812207074057,6.960465897192418e-05,188.24073761048203,5.716247880429664,0.03017952124818757,0.09236224807369398,0.1459989447547685,69233,a1b9963d46d64a3fffe57e8a66c598d85f1a974951d10249bed6156dea42dbd1,three_row_sha256,9abca98db7d4c444a0e7a28d0b297285f2073b0d6982932895036a8d4209eb0d,8b3956404398690bbe02d2f590fbbfce2ca696f3e3b691ed979e35e9b8276d71,8b10f26c63efc1e7b779523080bc9e1215bab2b21d36db41ba7894df17ba36f1,0.21299789659678936,0.22037792950868607,0.21958304569125175,0.5464719142764807,0.13167690485715866,0.7100082002580166,0.16050715930759907,2.201623050495982,0.0,0.0,8.235157933086157,877.3720520548522,3744.3345743231475,177500,177500,,2.793683898093503,,False,False,ok
BNCI2014_001,resampled_spectral_normalized_power_s1,resampled,spectral,normalized_power,3,6398,356,500,500,1.0,22,253,0.00039959553405058504,0.01998988579383547,6.572301959814343,0.6444313816152091,35.556861838479094,35.556861838479094,0.00020715734920310753,2.793683898093503,0.0002647869675995289,0.0001187138053348545,0.0007827918767363538,7.348664169172135e-05,188.240737610482,5.716247880429664,0.03017952124818757,0.09236224807369398,0.1459989447547685,69588,e52829d17ac24a3f1be4d00b11736f952016667fa370606771da34b8625ebcc3,three_row_sha256,ed0c5041ec8aa8ec30be019d1287a1f9c02ba4bb0e252ab015b8a5115ff2c22b,8b3956404398690bbe02d2f590fbbfce2ca696f3e3b691ed979e35e9b8276d71,8b10f26c63efc1e7b779523080bc9e1215bab2b21d36db41ba7894df17ba36f1,0.21186401136219501,0.2207770012319088,0.22120401263237,0.5533089861273766,0.13146712444722652,0.675808172672987,0.1594258937984705,2.1738552022725344,0.0,0.0,7.759750122204423,879.5459072571248,3752.094324445352,178000,178000,,2.793683898093503,,False,False,ok
BNCI2014_001,resampled_spectral_normalized_power_s1,resampled,spectral,normalized_power,3,6398,357,500,500,1.0,22,253,0.00040138174293705055,0.02003451379337793,6.574050083479126,0.6446027897086621,35.53972102913378,35.53972102913378,0.00021754232242066516,2.793683898093503,0.0002568203365174412,0.00012149208307826848,0.0009845892782289459,7.2944759441754e-05,188.24073761048203,5.716247880429664,0.03017952124818757,0.09236224807369398,0.1459989447547685,69944,67dc9aa60410d7b37f8cabd7cbe908dd044a3abc21e8c9745478074249f2770e,three_row_sha256,8e5890ac6c51a9e843a978734c3cf1cb128c9826635587901f99f23a0520a440,8b3956404398690bbe02d2f590fbbfce2ca696f3e3b691ed979e35e9b8276d71,8b10f26c63efc1e7b779523080bc9e1215bab2b21d36db41ba7894df17ba36f1,0.24336203932762146,0.22458890452980995,0.23213890381157398,0.5915190558880568,0.13706902973353863,0.7520748768001795,0.18009217455983162,2.360844984650612,0.0,0.0,8.661926025524735,881.9067522417754,3760.7562504708767,178500,178500,,2.793683898093503,,False,False,ok
BNCI2014_001,resampled_spectral_normalized_power_s1,resampled,spectral,normalized_power,3,6398,358,500,500,1.0,22,253,0.00040445527608874937,0.020111073469329013,6.577273790709592,0.6449188826266619,35.50811173733382,35.50811173733382,0.00021212973114530757,2.793683898093503,0.0002658895055905862,0.00011880984740841217,0.0008608235987636853,5.398593580624003e-05,188.24073761048203,5.716247880429665,0.03017952124818757,0.09236224807369398,0.1459989447547685,70301,3887c8d531b1f2c06901d972969eaeef79bfed07c3f87a551597d43cfb2b12af,three_row_sha256,340af408fcf9b0cf7324ffcd2acd67da251418c14c787b52ca0286859808ad34,8b3956404398690bbe02d2f590fbbfce2ca696f3e3b691ed979e35e9b8276d71,8b10f26c63efc1e7b779523080bc9e1215bab2b21d36db41ba7894df17ba36f1,0.24368800222873688,0.22466108202934265,0.2325729001313448,0.5778539925813675,0.1367849763482809,0.7582730613648891,0.1762250903993845,2.3500591050833464,0.0,0.0,8.831393904983997,884.2568113468587,3769.5876443758607,179000,179000,,2.793683898093503,,False,False,ok
BNCI2014_001,resampled_spectral_normalized_power_s1,resampled,spectral,normalized_power,3,6398,359,500,500,1.0,22,253,0.0003839368359569781,0.019594306212698066,6.577535442487548,0.6449445382672275,35.505546173277246,35.505546173277246,0.00020253566313699605,2.793683898093503,0.0002634206618366165,0.0001054514616353308,0.0007172813396759641,6.874997175547943e-05,188.240737610482,5.716247880429664,0.03017952124818757,0.09236224807369398,0.1459989447547685,70659,9599351f7b0e544a60015b1d006faeeea52e157bdf075e715908efd9165b1ae7,three_row_sha256,01f21be2072d68d395341fb2a7c84cf0c4d6d7acf8c448c3c42cd56320af5bb2,8b3956404398690bbe02d2f590fbbfce2ca696f3e3b691ed979e35e9b8276d71,8b10f26c63efc1e7b779523080bc9e1215bab2b21d36db41ba7894df17ba36f1,0.28179213404655457,0.2255809959024191,0.24665193632245064,0.8705148939043283,0.15350105240941048,0.7085860706865788,0.20835991017520428,2.694986993446946,0.0,0.0,9.067923994734883,886.9517983403057,3778.6555683705956,179500,179500,,2.793683898093503,,False,False,ok
BNCI2014_001,resampled_spectral_normalized_power_s1,resampled,spectral,normalized_power,3,6398,360,500,500,1.0,22,253,0.00039400098347018337,0.019849458014519775,6.577717451206328,0.6449623846977213,35.50376153022788,35.50376153022788,0.0002081209910082475,2.793683898093503,0.0002655227675727879,0.00011200164245671206,0.0008283795022912359,6.652116983816612e-05,188.240737610482,5.716247880429664,0.03017952124818757,0.09236224807369398,0.1459989447547685,71018,e800bbf1a8e0b8741a0cd06a215243f20031a3864a8804235f6fe462e6c29fef,three_row_sha256,aeebfc016b819d234ff42965c90575765c7ada3a41aaada81889b77663a274b1,8b3956404398690bbe02d2f590fbbfce2ca696f3e3b691ed979e35e9b8276d71,8b10f26c63efc1e7b779523080bc9e1215bab2b21d36db41ba7894df17ba36f1,0.2334329765290022,0.22278400138020515,0.22599496878683567,0.5800249055027962,0.13452698476612568,0.7524508982896805,0.16972818411886692,2.3189429193735123,0.0,0.0,8.313866099342704,889.2707412596792,3786.9694344699383,180000,180000,,2.793683898093503,,False,False,ok
BNCI2014_001,resampled_spectral_normalized_power_s1,resampled,spectral,normalized_power,3,6398,361,500,500,1.0,22,253,0.0003914759785512198,0.019785751907653644,6.5598716148576015,0.6432125538097604,35.678744619023966,35.678744619023966,0.00020702347904046837,2.793683898093503,0.00026516221091123113,0.00010974475745272272,0.0008124947552163239,6.740842157890937e-05,188.240737610482,5.716247880429664,0.03017952124818757,0.09236224807369398,0.1459989447547685,71378,77c633cd0fc44ae8f56f2f29455801f4cea2e638d439ab83c63c8218cc580fb1,three_row_sha256,e427a2a88584447c2ed85b79d90f4195e038f30807ac06dd2de408710d907ce7,8b3956404398690bbe02d2f590fbbfce2ca696f3e3b691ed979e35e9b8276d71,8b10f26c63efc1e7b779523080bc9e1215bab2b21d36db41ba7894df17ba36f1,0.21729012951254845,0.22095884196460247,0.21951901726424694,0.564096961170435,0.13436400331556797,0.6922590546309948,0.16095908358693123,2.209447091445327,0.0,0.0,8.241931907832623,891.4801883511245,3795.211366377771,180500,180500,,2.793683898093503,,False,False,ok
BNCI2014_001,resampled_spectral_normalized_power_s1,resampled,spectral,normalized_power,3,6398,362,500,500,1.0,22,253,0.0004036162691852549,0.020090203313686373,6.545593937869105,0.6418125902712299,35.81874097287701,35.81874097287701,0.00020917006579986356,2.793683898093503,0.0002722734583044324,0.00011523078853542278,0.0008005983549620472,6.109326043436145e-05,188.24073761048203,5.716247880429665,0.03017952124818757,0.09236224807369398,0.1459989447547685,71739,a252b727e8f5e8fa78d0a5955dcdd63fa9d10cd4feba31ff5c2bf41fd20d4ca4,three_row_sha256,b5c9fec4143583b62504a425fb437284d7e323f460ff7358d77982ee9ab15c1f,8b3956404398690bbe02d2f590fbbfce2ca696f3e3b691ed979e35e9b8276d71,8b10f26c63efc1e7b779523080bc9e1215bab2b21d36db41ba7894df17ba36f1,0.21916604600846767,0.22216979414224625,0.22152112796902657,0.5510631017386913,0.1335118431597948,0.6797180976718664,0.1640829723328352,2.1912329830229282,0.0,0.0,8.522666059434414,893.6714213341475,3803.7340324372053,181000,181000,,2.793683898093503,,False,False,ok
BNCI2014_001,resampled_spectral_normalized_power_s1,resampled,spectral,normalized_power,3,6398,363,500,500,1.0,22,253,0.00040356118304005423,0.02008883229657847,6.554107983473716,0.6426474146912979,35.735258530870205,35.735258530870205,0.00020945304989657574,2.793683898093503,0.0002663104808575366,0.0001208899241843028,0.000746829061322613,6.667381427919163e-05,188.240737610482,5.716247880429664,0.03017952124818757,0.09236224807369398,0.1459989447547685,72101,69e1dead3282b49f0f2a344c14d06734fc7bae15329b65056d93dfd0c717e033,three_row_sha256,dd8b8c6c687bdea10d11414f34f957b89038951c59f3cb1cc586ed4ba8f9da78,8b3956404398690bbe02d2f590fbbfce2ca696f3e3b691ed979e35e9b8276d71,8b10f26c63efc1e7b779523080bc9e1215bab2b21d36db41ba7894df17ba36f1,0.21764799021184444,0.22051786072552204,0.22113113664090633,0.5523539148271084,0.13104104436933994,0.594293000176549,0.2040888648480177,2.141073811799288,0.0,0.0,8.824995951727033,895.8124951459467,3812.5590283889323,181500,181500,,2.793683898093503,,False,False,ok
BNCI2014_001,resampled_spectral_normalized_power_s1,resampled,spectral,normalized_power,3,6398,364,500,500,1.0,22,253,0.00041440528261984546,0.02035694679021993,6.549406762539676,0.642186447693688,35.7813552306312,35.7813552306312,0.00021206152820642872,2.7936838980935024,0.0002767465179139599,0.00012126661388968155,0.0007821702228493763,6.290193810604216e-05,188.24073761048203,5.716247880429664,0.03017952124818757,0.09236224807369398,0.1459989447547685,72464,8b6e2b298584b4ef023533090950732d37e36ffad710b251e3dbe0327afff699,three_row_sha256,9e1c9b0271341e816f3c9d9659e75666133a3ba9dd7cffd170d2c78dde9864f2,8b3956404398690bbe02d2f590fbbfce2ca696f3e3b691ed979e35e9b8276d71,8b10f26c63efc1e7b779523080bc9e1215bab2b21d36db41ba7894df17ba36f1,0.23532891646027565,0.2223330084234476,0.22680917754769325,0.5577539559453726,0.1354101113975048,0.8848551660776138,0.1657591201364994,2.428249455988407,0.0,0.0,8.191186934709549,898.2407446019351,3820.750215323642,182000,182000,,2.793683898093503,,False,False,ok
BNCI2014_001,resampled_spectral_normalized_power_s1,resampled,spectral,normalized_power,3,6398,365,500,500,1.0,22,253,0.00039308361423140285,0.019826336379457573,6.54484261962802,0.6417389215543792,35.82610784456209,35.82610784456209,0.0002045503892394499,2.793683898093503,0.0002693496508807011,0.00011049732182879453,0.000743512867038996,7.911442980160877e-05,188.24073761048203,5.716247880429664,0.03017952124818757,0.09236224807369398,0.1459989447547685,72828,4a9952fc6adefe1bce7eb327388164790a63e4e9b6309eedcd9d3260d32ef32e,three_row_sha256,b69a23edf9c49c09d12dc0106efd88b3163e6b4c7920bf21440bf3d55b358cf3,8b3956404398690bbe02d2f590fbbfce2ca696f3e3b691ed979e35e9b8276d71,8b10f26c63efc1e7b779523080bc9e1215bab2b21d36db41ba7894df17ba36f1,0.21606986410915852,0.22234092466533184,0.22275419905781746,0.5546559114009142,0.13332394883036613,0.7985918782651424,0.17559295520186424,2.323329681530595,0.0,0.0,10.53193910047412,900.5640742834657,3831.282154424116,182500,182500,,2.793683898093503,,False,False,ok
BNCI2014_001,resampled_spectral_normalized_power_s1,resampled,spectral,normalized_power,3,6398,366,500,500,1.0,22,253,0.0004009958483148716,0.020024880731601663,6.538790782108522,0.6411455230711921,35.88544769288079,35.88544769288079,0.00021067605106929013,2.793683898093503,0.0002615911453930288,0.0001203995465042027,0.0007766082990187037,6.218320682766597e-05,188.24073761048203,5.716247880429664,0.03017952124818757,0.09236224807369398,0.1459989447547685,73193,1835648c6a00b1a29f3e33d361b14f58b8d229b7c5cccd33de24cd0320d12e2f,three_row_sha256,36c7f4b0012c28d74186264df20a9cb91b43e6294f1365a3b14673da46dfb548,8b3956404398690bbe02d2f590fbbfce2ca696f3e3b691ed979e35e9b8276d71,8b10f26c63efc1e7b779523080bc9e1215bab2b21d36db41ba7894df17ba36f1,0.24036294780671597,0.22619101218879223,0.23146509192883968,0.5842319224029779,0.13808603398501873,0.5865159910172224,0.1826849766075611,2.189537975937128,0.0,0.0,9.013385977596045,902.7536122594029,3840.295540401712,183000,183000,,2.793683898093503,,False,False,ok
BNCI2014_001,resampled_spectral_normalized_power_s1,resampled,spectral,normalized_power,3,6398,367,500,500,1.0,22,253,0.00041476318468177715,0.02036573555464612,6.547585996967616,0.6420079168714016,35.79920831285984,35.79920831285984,0.0002163281104461191,2.793683898093503,0.0002736521609646131,0.00012129681621304846,0.0008819524356260067,5.0331830154598556e-05,188.240737610482,5.716247880429665,0.03017952124818757,0.09236224807369398,0.1459989447547685,73559,759e23c0e76fd21431cf3e0924ee05892572b48f8fe71437657415a028f98951,three_row_sha256,971fae0c8dcabf697bbd51a11d7f24d552d1b65b306e2e543102d15c16b52479,8b3956404398690bbe02d2f590fbbfce2ca696f3e3b691ed979e35e9b8276d71,8b10f26c63efc1e7b779523080bc9e1215bab2b21d36db41ba7894df17ba36f1,0.2397520001977682,0.2228529192507267,0.22916891612112522,0.5759438499808311,0.13663806021213531,1.0886071249842644,0.1761079765856266,2.6690708473324776,0.0,0.0,8.297096006572247,905.4226831067353,3848.5926364082843,183500,183500,,2.793683898093503,,False,False,ok
BNCI2014_001,resampled_spectral_normalized_power_s1,resampled,spectral,normalized_power,3,6398,368,500,500,1.0,22,253,0.00040749618723319914,0.020186534800039336,6.529967627173815,0.640280389673557,35.971961032644295,35.971961032644295,0.00021405899654806086,2.793683898093503,0.00027067734608525386,0.00011806280181392707,0.0008701796564731773,5.015546173568443e-05,188.24073761048203,5.716247880429664,0.03017952124818757,0.09236224807369398,0.1459989447547685,73926,0c280e7668353d4a72c60d65b8ba2ce517ca3f64ff31037d1ff78b85a842bca3,three_row_sha256,ec032f524376b8ed663ac6ac57d0075e01b56a5d40a33a4702a3b461cf6df3f9,8b3956404398690bbe02d2f590fbbfce2ca696f3e3b691ed979e35e9b8276d71,8b10f26c63efc1e7b779523080bc9e1215bab2b21d36db41ba7894df17ba36f1,0.22328412160277367,0.22163009271025658,0.22372417151927948,0.5543469451367855,0.13131904415786266,0.797053100541234,0.16357889398932457,2.3149363696575165,0.0,0.0,8.3111219573766,907.7376194763929,3856.903758365661,184000,184000,,2.793683898093503,,False,False,ok
BNCI2014_001,resampled_spectral_normalized_power_s1,resampled,spectral,normalized_power,3,6398,369,500,500,1.0,22,253,0.00041012768959195064,0.020251609555587195,6.524147699496483,0.6397097305564111,36.02902694435888,36.02902694435888,0.00021864899476677283,2.793683898093503,0.0002696177599473065,0.00011782765167873912,0.0009783468723298704,7.449389807386749e-05,188.240737610482,5.716247880429664,0.03017952124818757,0.09236224807369398,0.1459989447547685,74294,fc335e54fe6776eed9d6b10eb24f8b7a848f920e6d1cfee6be46530d18d6acea,three_row_sha256,345af3ed1eee54c31e95bd408e1af30e54d5dd1c8dd68a3c420241faa901307c,8b3956404398690bbe02d2f590fbbfce2ca696f3e3b691ed979e35e9b8276d71,8b10f26c63efc1e7b779523080bc9e1215bab2b21d36db41ba7894df17ba36f1,0.223908806219697,0.22096605971455574,0.22005010396242142,0.5596978589892387,0.132719986140728,0.7687900215387344,0.16313698142766953,2.289269817993045,0.0,0.0,8.384149055927992,910.0268892943859,3865.287907421589,184500,184500,,2.793683898093503,,False,False,ok
BNCI2014_001,resampled_spectral_normalized_power_s1,resampled,spectral,normalized_power,3,6398,370,500,500,1.0,22,253,0.00039582227628721207,0.01989528276469606,6.516814335809333,0.6389906750836571,36.10093249163429,36.10093249163429,0.00020657335575391958,2.7936838980935033,0.0002652743758324332,0.00011687444008603258,0.0007109419659831079,5.6963295868566555e-05,188.24073761048203,5.716247880429664,0.03017952124818757,0.09236224807369398,0.1459989447547685,74663,e07ec59ef6f300edd3e2704ef28878971d4b4c0f83c8cf6cb3404ae1f2abc805,three_row_sha256,4b0d2bc0757f9539b9705bcab2bd35c32c078f23985f900758a625b85481af78,8b3956404398690bbe02d2f590fbbfce2ca696f3e3b691ed979e35e9b8276d71,8b10f26c63efc1e7b779523080bc9e1215bab2b21d36db41ba7894df17ba36f1,0.21889200434088707,0.21976511925458908,0.22357190027832985,0.5486670415848494,0.1292251981794834,0.7999141234904528,0.15999004244804382,2.3000254295766354,0.0,0.0,8.642339147627354,912.3269147239625,3873.9302465692163,185000,185000,,2.793683898093503,,False,False,ok
BNCI2014_001,resampled_spectral_normalized_power_s1,resampled,spectral,normalized_power,3,6398,371,500,500,1.0,22,253,0.00041098331541025886,0.02027272343347728,6.508659970726234,0.6381911182786248,36.180888172137514,36.180888172137514,0.00021174896092166978,2.793683898093503,0.0002723240179643899,0.00012188327424339679,0.0007834634377580725,7.154711774722588e-05,188.24073761048203,5.716247880429664,0.03017952124818757,0.09236224807369398,0.1459989447547685,75033,14bde3f4fac6ab5fe26496e7519dce4eea1b0e2045287dfb14f9a5916b17293c,three_row_sha256,9ffa46d4d9bd6efe03774c517e5e88a1b5caf2fa3563ea956dbdb0892adf6b54,8b3956404398690bbe02d2f590fbbfce2ca696f3e3b691ed979e35e9b8276d71,8b10f26c63efc1e7b779523080bc9e1215bab2b21d36db41ba7894df17ba36f1,0.2882140688598156,0.22956100292503834,0.2501171547919512,0.7009650580585003,0.15897909179329872,0.6747159641236067,0.2106239553540945,2.5131762959063053,0.0,0.0,8.513996843248606,914.8400910198689,3882.444243412465,185500,185500,,2.793683898093503,,False,False,ok
BNCI2014_001,resampled_spectral_normalized_power_s1,resampled,spectral,normalized_power,3,6398,372,500,500,1.0,22,253,0.00038668265131871886,0.01966424804864704,6.506652577350423,0.637994288112493,36.2005711887507,36.2005711887507,0.0002087845479349077,2.793683898093503,0.0002582193473672257,0.00010982213987260005,0.0008234782777548279,5.882799051861713e-05,188.24073761048203,5.716247880429664,0.03017952124818757,0.09236224807369398,0.1459989447547685,75404,adac1045a88e47a2f1ea99b5eb2c27df1ead8ee7e2880a3bcc6eeeaa20fede77,three_row_sha256,42e8e52c1458f8810378741a31217c936da37fe27614a2a3dfe269dbabd06509,8b3956404398690bbe02d2f590fbbfce2ca696f3e3b691ed979e35e9b8276d71,8b10f26c63efc1e7b779523080bc9e1215bab2b21d36db41ba7894df17ba36f1,0.2387380227446556,0.22308784537017345,0.23193703964352608,0.599229009822011,0.14251493848860264,0.6727490108460188,0.17398293130099773,2.2822387982159853,0.0,0.0,8.19797208532691,917.1223298180848,3890.6422154977918,186000,186000,,2.793683898093503,,False,False,ok
BNCI2014_001,resampled_spectral_normalized_power_s1,resampled,spectral,normalized_power,3,6398,373,500,500,1.0,22,253,0.00040453005823406325,0.02011293261148317,6.507954960597008,0.6381219901931522,36.18780098068478,36.18780098068478,0.0002123928309023236,2.793683898093503,0.00026681126706155824,0.0001188150817049673,0.0008243733042918778,5.9707802596393205e-05,188.240737610482,5.716247880429665,0.03017952124818757,0.09236224807369398,0.1459989447547685,75776,065ba54bdbf969a0090716d00c5d2f2b640391783e93b1a594f3b5e86a76ca86,three_row_sha256,5b80123cd316087f18c7d04118f76d94b5c7afb0d5f6cfbdb9be1289c8d5776f,8b3956404398690bbe02d2f590fbbfce2ca696f3e3b691ed979e35e9b8276d71,8b10f26c63efc1e7b779523080bc9e1215bab2b21d36db41ba7894df17ba36f1,0.226177042350173,0.2245618961751461,0.22623687982559204,0.5726299714297056,0.13557309284806252,0.865492969751358,0.16709906049072742,2.4177709128707647,0.0,0.0,8.101146901026368,919.5401007309556,3898.743362398818,186500,186500,,2.793683898093503,,False,False,ok
BNCI2014_001,resampled_spectral_normalized_power_s1,resampled,spectral,normalized_power,3,6398,374,500,500,1.0,22,253,0.000403773123337412,0.020094106681746566,6.5029866497337405,0.6376348343300337,36.23651656699664,36.23651656699664,0.00020715931101905388,2.793683898093503,0.0002742727560539294,0.00011707397409747949,0.0007610226527511416,6.0387400820014525e-05,188.24073761048203,5.716247880429664,0.03017952124818757,0.09236224807369398,0.1459989447547685,76149,cdfd4a0ee852c71863057bf55ef38c2e81c89cc3fd7f74cded18ef2bf6c5aea2,three_row_sha256,701c76e4639596ae7b4c03d3e7dbfa80faec9ac86bcc1cea661cf501752f908c,8b3956404398690bbe02d2f590fbbfce2ca696f3e3b691ed979e35e9b8276d71,8b10f26c63efc1e7b779523080bc9e1215bab2b21d36db41ba7894df17ba36f1,0.21901912987232208,0.2233041450381279,0.22483314387500286,0.5527189932763577,0.13305502943694592,0.9045279584825039,0.17389492131769657,2.431353321298957,0.0,0.0,8.059697924181819,921.9714540522546,3906.803060323,187000,187000,,2.793683898093503,,False,False,ok
BNCI2014_001,resampled_spectral_normalized_power_s1,resampled,spectral,normalized_power,3,6398,375,500,500,1.0,22,253,0.0003974712667442886,0.0199366814375986,6.5061620985020765,0.6379461953797144,36.20538046202856,36.20538046202856,0.00021077360009721398,2.793683898093503,0.00026263516652242914,0.00011607988388604159,0.0008213608273624617,5.144318869759217e-05,188.24073761048203,5.716247880429664,0.03017952124818757,0.09236224807369398,0.1459989447547685,76523,9af354eb9a406c6314a23a6e89452df347eb9ec8ac16bc888128b71c2986bb13,three_row_sha256,64e843ad743959f10bc0dd9322a5b8df0b33b63e53ef88cfa76fed92cbdb59ff,8b3956404398690bbe02d2f590fbbfce2ca696f3e3b691ed979e35e9b8276d71,8b10f26c63efc1e7b779523080bc9e1215bab2b21d36db41ba7894df17ba36f1,0.21380512043833733,0.2201178576797247,0.22072414867579937,0.5514209624379873,0.12798397801816463,0.9246948175132275,0.20479504019021988,2.4635419249534607,0.0,0.0,8.628952084109187,924.434995977208,3915.432012407109,187500,187500,,2.793683898093503,,False,False,ok
BNCI2014_001,resampled_spectral_normalized_power_s1,resampled,spectral,normalized_power,3,6398,376,500,500,1.0,22,253,0.00038391719884420207,0.01959380511396911,6.49772038653031,0.6371184634613659,36.28815365386341,36.28815365386341,0.00019771044382988222,2.793683898093503,0.0002665602052022067,0.00010893324992815702,0.000645217162292295,5.5425477752482336e-05,188.240737610482,5.716247880429664,0.03017952124818757,0.09236224807369398,0.1459989447547685,76898,7a73ed24c44bf121695c412294a77a4fe1325118532a215f6860096f37a0139a,three_row_sha256,51f7b9b0bc09224620900526ad9f1309963eb57de8e0d06d55ac6308d0ca7b5d,8b3956404398690bbe02d2f590fbbfce2ca696f3e3b691ed979e35e9b8276d71,8b10f26c63efc1e7b779523080bc9e1215bab2b21d36db41ba7894df17ba36f1,0.24297903291881084,0.2262168563902378,0.23410003632307053,0.5918610841035843,0.1381891779601574,0.8794069290161133,0.18227007240056992,2.495023189112544,0.0,0.0,9.960916126146913,926.9300191663206,3925.392928533256,188000,188000,,2.793683898093503,,False,False,ok
BNCI2014_001,resampled_spectral_normalized_power_s1,resampled,spectral,normalized_power,3,6398,377,500,500,1.0,22,253,0.00040087376772433847,0.020021832276900596,6.505687548433602,0.6378996645054268,36.21003354945733,36.21003354945733,0.00020492407152840407,2.7936838980935033,0.0002719762331840671,0.00011535854091373091,0.0007228435695464913,6.284352037140136e-05,188.24073761048203,5.716247880429664,0.03017952124818757,0.09236224807369398,0.1459989447547685,77274,88a94274f41a48798ecd68186c6e6bd0cf28e00c1c90a8c425253cfd0770253f,three_row_sha256,cd22e6b622805959ac8e0018b0bc2f2aabd67156fafd139c03d43cc526a4d728,8b3956404398690bbe02d2f590fbbfce2ca696f3e3b691ed979e35e9b8276d71,8b10f26c63efc1e7b779523080bc9e1215bab2b21d36db41ba7894df17ba36f1,0.29348512180149555,0.23179803974926472,0.2572759985923767,0.7166771683841944,0.1582170370966196,0.7191209588199854,0.214362982660532,2.5909373071044683,0.0,0.0,8.370345924049616,929.520956473425,3933.7632744573057,188500,188500,,2.793683898093503,,False,False,ok
BNCI2014_001,resampled_spectral_normalized_power_s1,resampled,spectral,normalized_power,3,6398,378,500,500,1.0,22,253,0.0003857815229504477,0.019641321822892868,6.503893545718991,0.6377237578512488,36.22762421487512,36.22762421487512,0.0002028630505394266,2.793683898093503,0.0002654416030217422,0.0001071216304084139,0.0007331515064099611,6.131100861511961e-05,188.24073761048203,5.716247880429664,0.03017952124818757,0.09236224807369398,0.1459989447547685,77651,5de45e74f4ac3346e35cdc04b2f4d654e910023b001bc22d735a25b9a3d379e9,three_row_sha256,0a91ae7a32443906f9e5d1b6b9b4bc7284b8061130c44ef88a70c821f00adc8d,8b3956404398690bbe02d2f590fbbfce2ca696f3e3b691ed979e35e9b8276d71,8b10f26c63efc1e7b779523080bc9e1215bab2b21d36db41ba7894df17ba36f1,0.24415086954832077,0.22521591745316982,0.24484191089868546,0.5999661516398191,0.13696099631488323,0.6316420622169971,0.18334784545004368,2.2661257535219193,0.0,0.0,9.224358946084976,931.787082226947,3942.9876334033906,189000,189000,,2.793683898093503,,False,False,ok
BNCI2014_001,resampled_spectral_normalized_power_s1,resampled,spectral,normalized_power,3,6398,379,500,500,1.0,22,253,0.0004048502525166968,0.02012089094738841,6.489946031131639,0.6363561675989167,36.364383240108324,36.364383240108324,0.00021577383498007133,2.793683898093503,0.0002657317309577061,0.00011852963346327628,0.0008945228637564007,6.69161016248056e-05,188.24073761048203,5.716247880429664,0.03017952124818757,0.09236224807369398,0.1459989447547685,78029,bf8a4cf6789945ef8c077a8a79fa532a30efd26a8984d71f3b52a9f7a8a3a0d7,three_row_sha256,83bd9c29b520a0e12a917c59b089809cc0edfb17895ac2ede2dc6dd778e133db,8b3956404398690bbe02d2f590fbbfce2ca696f3e3b691ed979e35e9b8276d71,8b10f26c63efc1e7b779523080bc9e1215bab2b21d36db41ba7894df17ba36f1,0.24126097559928894,0.2437848597764969,0.23897690698504448,0.6961340550333261,0.1428229734301567,0.6265640258789062,0.18345401622354984,2.3729978129267693,0.0,0.0,8.337781997397542,934.1600800398737,3951.325415400788,189500,189500,,2.793683898093503,,False,False,ok
BNCI2014_001,resampled_spectral_normalized_power_s1,resampled,spectral,normalized_power,3,6398,380,500,500,1.0,22,253,0.0003843439782896696,0.019604692761929977,6.51236388170755,0.638554296429243,36.14457035707571,36.14457035707571,0.00020400011117592315,2.793683898093503,0.00025739069131735636,0.0001101092219455636,0.0007403990604473449,7.56714074437217e-05,188.24073761048203,5.716247880429665,0.03017952124818757,0.09236224807369398,0.1459989447547685,78408,092cffcb6eb81fcd77b2e817d13c42b97e784a44bafd3c66b02fa6bafbb9048c,three_row_sha256,1a30d40d8d0e022162201d81c6a490932c38b0fbdfaa11d2aedda41a364d5d1b,8b3956404398690bbe02d2f590fbbfce2ca696f3e3b691ed979e35e9b8276d71,8b10f26c63efc1e7b779523080bc9e1215bab2b21d36db41ba7894df17ba36f1,0.22959010675549507,0.22600311785936356,0.23608910851180553,0.5879041273146868,0.1364590134471655,0.6067829672247171,0.17898716032505035,2.201815601438284,0.0,0.0,8.613360114395618,936.361895641312,3959.938775515184,190000,190000,,2.793683898093503,,False,False,ok
BNCI2014_001,resampled_spectral_normalized_power_s1,resampled,spectral,normalized_power,3,6398,381,500,500,1.0,22,253,0.0004132806269825308,0.020329304635981302,6.496518679215555,0.6370006329189045,36.29993670810955,36.29993670810955,0.00021605077439786373,2.793683898093503,0.0002701575082671025,0.00012322489275803575,0.0009154906914881464,7.110374383968787e-05,188.240737610482,5.716247880429664,0.03017952124818757,0.09236224807369398,0.1459989447547685,78788,15ae38c0973e6cbacf88bebc0905af3313716765ef1f8602a73b54a597109d4f,three_row_sha256,2477af9ba39d217dcd7552972f9697cc9db10a081f6341d3f4d0c3aa131d825e,8b3956404398690bbe02d2f590fbbfce2ca696f3e3b691ed979e35e9b8276d71,8b10f26c63efc1e7b779523080bc9e1215bab2b21d36db41ba7894df17ba36f1,0.22172904573380947,0.2222300972789526,0.22788578644394875,0.5682019982486963,0.13425108045339584,0.725555932149291,0.16814516857266426,2.2679991088807583,0.0,0.0,9.100335882976651,938.6298947501928,3969.0391113981605,190500,190500,,2.793683898093503,,False,False,ok
BNCI2014_001,resampled_spectral_normalized_power_s1,resampled,spectral,normalized_power,3,6398,382,500,500,1.0,22,253,0.0004095106697527414,0.020236369974695103,6.498409921502672,0.637186074167269,36.2813925832731,36.2813925832731,0.0002162232488879039,2.793683898093503,0.00026526957340443016,0.00012361256621476788,0.0009338968444104873,6.291694823269952e-05,188.24073761048203,5.716247880429664,0.03017952124818757,0.09236224807369398,0.1459989447547685,79169,62c4b5007419324ec44c5c96026aa428e7529d95e936ddbbf025d4d4f9e31176,three_row_sha256,6a9f186ff14505ba0729bad4f3f53bf2c893d27d916959f66e286c73cba015d8,8b3956404398690bbe02d2f590fbbfce2ca696f3e3b691ed979e35e9b8276d71,8b10f26c63efc1e7b779523080bc9e1215bab2b21d36db41ba7894df17ba36f1,0.20997808314859867,0.22048503160476685,0.22154091857373714,0.5450109019875526,0.13151881285011768,0.5647491198033094,0.16106199473142624,2.0543448626995087,0.0,0.0,10.758081916719675,940.6842396128923,3979.79719331488,191000,191000,,2.793683898093503,,False,False,ok
BNCI2014_001,resampled_spectral_normalized_power_s1,resampled,spectral,normalized_power,3,6398,383,500,500,1.0,22,253,0.00041820485448745007,0.020450057566849294,6.481950619109894,0.6355721965569195,36.44278034430805,36.44278034430805,0.00021623896518765658,2.793683898093503,0.0002758057993848848,0.0001238552039118633,0.0009196692377482854,6.918404324701634e-05,188.24073761048203,5.716247880429664,0.03017952124818757,0.09236224807369398,0.1459989447547685,79551,aad934858021cc7e35b7a0afedd72033a5c0f9564a70582c1eb59190667ef685,three_row_sha256,4f9a5d27444f4efd69df0353c9324f81617b3941bacf4064d6697ddb45dcf5c7,8b3956404398690bbe02d2f590fbbfce2ca696f3e3b691ed979e35e9b8276d71,8b10f26c63efc1e7b779523080bc9e1215bab2b21d36db41ba7894df17ba36f1,0.2562180161476135,0.22750790230929852,0.2390448935329914,0.5864528939127922,0.14671403914690018,0.5557218100875616,0.18197298049926758,2.193632535636425,0.0,0.0,8.129440946504474,942.8778721485287,3987.9266342613846,191500,191500,,2.793683898093503,,False,False,ok
BNCI2014_001,resampled_spectral_normalized_power_s1,resampled,spectral,normalized_power,3,6398,384,500,500,1.0,22,253,0.0004026097673044476,0.020065138108282424,6.4831016259654515,0.6356850557868683,36.431494421313175,36.431494421313175,0.00021159390958848024,2.793683898093503,0.00026829883321351943,0.00011672668702104748,0.0008392846596392638,8.057297401352127e-05,188.24073761048203,5.716247880429665,0.03017952124818757,0.09236224807369398,0.1459989447547685,79934,5c315ca5cbb5eb4d37314c7f858778b5002482445de0b529721e782309b5acc7,three_row_sha256,e3dc76977033064ed6e3f02982ee256c9456ba444bed5d9fcc848fa8303a32e2,8b3956404398690bbe02d2f590fbbfce2ca696f3e3b691ed979e35e9b8276d71,8b10f26c63efc1e7b779523080bc9e1215bab2b21d36db41ba7894df17ba36f1,0.2291039563715458,0.22285198792815208,0.22492604330182076,0.565527006983757,0.13166316784918308,0.8377919439226389,0.1684729941189289,2.3803371004760265,0.0,0.0,8.28722515143454,945.2582092490047,3996.213859412819,192000,192000,,2.793683898093503,,False,False,ok
BNCI2014_001,resampled_spectral_normalized_power_s1,resampled,spectral,normalized_power,3,6398,385,500,500,1.0,22,253,0.0004124782833022004,0.020309561376410875,6.496443390779056,0.6369932506909654,36.30067493090346,36.30067493090346,0.00021572308258546952,2.793683898093503,0.000273567346325686,0.00011978141049571017,0.0009544523448028225,7.313492277552053e-05,188.240737610482,5.716247880429664,0.03017952124818757,0.09236224807369398,0.1459989447547685,80318,64c658e04ff2b2da6057d732dce3f115f005a1f734839be9d91ff22561d58ff8,three_row_sha256,38b6ab5450ac7e079927018535105d2743e8b5d07305aa84a1eccdcb9d9c9ef0,8b3956404398690bbe02d2f590fbbfce2ca696f3e3b691ed979e35e9b8276d71,8b10f26c63efc1e7b779523080bc9e1215bab2b21d36db41ba7894df17ba36f1,0.21835207007825375,0.21980307064950466,0.2193870022892952,0.550474040210247,0.13121683150529861,0.9133948478847742,0.1617840025573969,2.4144118651747704,0.0,0.0,8.812662912532687,947.6726211141795,4005.026522325352,192500,192500,,2.793683898093503,,False,False,ok
BNCI2014_001,resampled_spectral_normalized_power_s1,resampled,spectral,normalized_power,3,6398,386,500,500,1.0,22,253,0.00038846824057126906,0.019709597676545024,6.47350510169128,0.6347440915045632,36.525590849543676,36.525590849543676,0.00020935255355137916,2.793683898093503,0.00025930295003452885,0.00011128747354756124,0.0008579021320267698,5.828250451275273e-05,188.240737610482,5.716247880429664,0.03017952124818757,0.09236224807369398,0.1459989447547685,80703,2f620bfc646d76894f698fdab2c8c816dc1848f58336a291b5256d99a0c0a148,three_row_sha256,1416e2eb1c35096101447e839407ce1ddd8419347c3373220f6f50530c722422,8b3956404398690bbe02d2f590fbbfce2ca696f3e3b691ed979e35e9b8276d71,8b10f26c63efc1e7b779523080bc9e1215bab2b21d36db41ba7894df17ba36f1,0.20980602130293846,0.22012600675225258,0.2203641925007105,0.5326101090759039,0.1292459201067686,0.7291508372873068,0.15876395627856255,2.2000670433044434,0.0,0.0,7.794318953529,949.8726881574839,4012.820841278881,193000,193000,,2.793683898093503,,False,False,ok
BNCI2014_001,resampled_spectral_normalized_power_s1,resampled,spectral,normalized_power,3,6398,387,500,500,1.0,22,253,0.000414579830459689,0.020361233520091285,6.475534968107934,0.6349431252110754,36.50568747889246,36.50568747889246,0.0002220394884752219,2.793683898093503,0.0002688451860597807,0.0001222727186830698,0.0010662334663650045,6.495297343220166e-05,188.24073761048203,5.716247880429664,0.03017952124818757,0.09236224807369398,0.1459989447547685,81089,5910f59438f22ef7c18055ef7e9729a659336587d99064cb7812151c770bfa3c,three_row_sha256,4233fe9728e7fee66a199b4dcde30e636ed4543f465e9899ced95ebb833818b3,8b3956404398690bbe02d2f590fbbfce2ca696f3e3b691ed979e35e9b8276d71,8b10f26c63efc1e7b779523080bc9e1215bab2b21d36db41ba7894df17ba36f1,0.21291803568601608,0.2204978372901678,0.21894089877605438,0.5349691491574049,0.13923808000981808,0.9131249971687794,0.16137096099555492,2.4010599590837955,0.0,0.0,8.942767046391964,952.2737481165677,4021.763608325273,193500,193500,,2.793683898093503,,False,False,ok
BNCI2014_001,resampled_spectral_normalized_power_s1,resampled,spectral,normalized_power,3,6398,388,500,500,1.0,22,253,0.00041252624045927345,0.020310741996767953,6.48970034907858,0.6363320778316086,36.366792216839144,36.366792216839144,0.00021090848813337887,2.793683898093503,0.000275612091190381,0.00012174401292212865,0.0008500060503189195,5.543395564599415e-05,188.240737610482,5.716247880429664,0.03017952124818757,0.09236224807369398,0.1459989447547685,81476,63bb4d4fdf32bcef1946ca5be0da90054f50752bd6d9a4cb57c02da5d12a72b0,three_row_sha256,83fa637f1501349f6d03b79ad2fa7fc9f1049cc3f0407307a332c8edb3db2242,8b3956404398690bbe02d2f590fbbfce2ca696f3e3b691ed979e35e9b8276d71,8b10f26c63efc1e7b779523080bc9e1215bab2b21d36db41ba7894df17ba36f1,0.21974020637571812,0.2189958468079567,0.22101192735135555,0.538351945579052,0.12896303087472916,0.9326939471065998,0.15909387730062008,2.4188507813960314,0.0,0.0,10.137269971892238,954.6925988979638,4031.900878297165,194000,194000,,2.793683898093503,,False,False,ok
BNCI2014_001,resampled_spectral_normalized_power_s1,resampled,spectral,normalized_power,3,6398,389,500,500,1.0,22,253,0.00040720263628610926,0.020179262530779198,6.482347176825167,0.6356110800771695,36.438891992283054,36.438891992283054,0.0002138365153532766,2.793683898093503,0.0002693133335507922,0.00011950604738360879,0.0009201574211836932,5.187451201648094e-05,188.24073761048206,5.716247880429664,0.03017952124818757,0.09236224807369398,0.1459989447547685,81864,8fe1e2d3ba6ac12da574044c8ede8d0fdd01e534d20b65c5e19b66efeb80b6f1,three_row_sha256,211356b3f0f8b9ffff000c90f58aceae78d035fd941f98b97bacda70eb60e0a1,8b3956404398690bbe02d2f590fbbfce2ca696f3e3b691ed979e35e9b8276d71,8b10f26c63efc1e7b779523080bc9e1215bab2b21d36db41ba7894df17ba36f1,0.24551991373300552,0.2238810993731022,0.2341440413147211,0.5799729842692614,0.13694888912141323,0.5649740342050791,0.17779902555048466,2.163239987567067,0.0,0.0,8.08209995739162,956.8558388855308,4039.9829782545567,194500,194500,,2.793683898093503,,False,False,ok
BNCI2014_001,resampled_spectral_normalized_power_s1,resampled,spectral,normalized_power,3,6398,390,500,500,1.0,22,253,0.0003901630632879673,0.01975254574195355,6.480355156472597,0.6354157572761385,36.458424272386154,36.458424272386154,0.00020441536098828958,2.793683898093503,0.00026300840529872005,0.00011370410753137963,0.0007232432265573997,6.64872574236057e-05,188.24073761048203,5.716247880429665,0.03017952124818757,0.09236224807369398,0.1459989447547685,82253,f3a587278b3977daff3108719e922b9665d3a53ed461488f113e8fba193b18dd,three_row_sha256,14694a1c5f078b801df8154bbde16ff38c74a871ec924046d61aa784fb4c02ab,8b3956404398690bbe02d2f590fbbfce2ca696f3e3b691ed979e35e9b8276d71,8b10f26c63efc1e7b779523080bc9e1215bab2b21d36db41ba7894df17ba36f1,0.21247798576951027,0.2211711835116148,0.22059492766857147,0.5517399404197931,0.13160309754312038,0.9265758562833071,0.16942806541919708,2.433591056615114,0.0,0.0,8.890073979273438,959.289429942146,4048.87305223383,195000,195000,,2.793683898093503,,False,False,ok
BNCI2014_001,resampled_spectral_normalized_power_s1,resampled,spectral,normalized_power,3,6398,391,500,500,1.0,22,253,0.0003912742357931583,0.019780653067913566,6.467011870618661,0.6341074132300623,36.58925867699378,36.58925867699378,0.00020669902641841798,2.793683898093503,0.0002646661829655328,0.00010899175816703122,0.0008148463654395887,7.536974313584835e-05,188.240737610482,5.716247880429665,0.03017952124818757,0.09236224807369398,0.1459989447547685,82643,d8ac67716e28a22417fc7f657a73ca42865c80db48232788c223feb50fc03b21,three_row_sha256,e8af1c58a46694e7fcc58934e5a7d0b20c8657588b8ab3432f4c7435ba3726a8,8b3956404398690bbe02d2f590fbbfce2ca696f3e3b691ed979e35e9b8276d71,8b10f26c63efc1e7b779523080bc9e1215bab2b21d36db41ba7894df17ba36f1,0.20884606055915356,0.22033601999282837,0.22540404461324215,0.54365792311728,0.13156491331756115,1.065900083631277,0.16188598237931728,2.5575950276106596,0.0,0.0,8.755600079894066,961.8470249697566,4057.628652313724,195500,195500,,2.793683898093503,,False,False,ok
BNCI2014_001,resampled_spectral_normalized_power_s1,resampled,spectral,normalized_power,3,6398,392,500,500,1.0,22,253,0.0004240303416154508,0.02059199702834698,6.467319262927941,0.6341375538492514,36.58624461507487,36.58624461507487,0.00022124551328459388,2.793683898093503,0.00027392372896137306,0.00012713848133125483,0.0009660031770263678,5.6993371657758925e-05,188.240737610482,5.716247880429664,0.03017952124818757,0.09236224807369398,0.1459989447547685,83034,eccadf372ad13d73825e2683dd420e072ac6224562464e9c448c8e0a01e14fdb,three_row_sha256,bf274058944de635f3eb7aad6c7c2360ea98968d672ac2d8f8f5c76d3c5104ea,8b3956404398690bbe02d2f590fbbfce2ca696f3e3b691ed979e35e9b8276d71,8b10f26c63efc1e7b779523080bc9e1215bab2b21d36db41ba7894df17ba36f1,0.21723704412579536,0.22812397219240665,0.22321520373225212,0.5430649034678936,0.13047992251813412,0.6449681241065264,0.16631395556032658,2.153403125703335,0.0,0.0,8.906319038942456,964.0004280954599,4066.5349713526666,196000,196000,,2.793683898093503,,False,False,ok
BNCI2014_001,resampled_spectral_normalized_power_s1,resampled,spectral,normalized_power,3,6398,393,500,500,1.0,22,253,0.0003953940866785805,0.01988451876909724,6.476467102296408,0.6350345234040681,36.49654765959319,36.49654765959319,0.0002078291829189591,2.793683898093503,0.00026408982620646995,0.00011543876279802355,0.0007792231799347742,6.64966162221272e-05,188.240737610482,5.716247880429664,0.03017952124818757,0.09236224807369398,0.1459989447547685,83426,de34e3d76f1584eeac732e24bc99d1f9267006a7bfe82344f6b9b0fd715ab62c,three_row_sha256,c4c634f689655a4b1744f4d59e872445b0f6fc7de966a9ee40e3c883b70843f6,8b3956404398690bbe02d2f590fbbfce2ca696f3e3b691ed979e35e9b8276d71,8b10f26c63efc1e7b779523080bc9e1215bab2b21d36db41ba7894df17ba36f1,0.21935999393463135,0.2212938852608204,0.22930698469281197,0.5501469131559134,0.13313209637999535,0.9769289754331112,0.16462220810353756,2.494791056960821,0.0,0.0,9.856053860858083,966.4952191524208,4076.3910252135247,196500,196500,,2.793683898093503,,False,False,ok
BNCI2014_001,resampled_spectral_normalized_power_s1,resampled,spectral,normalized_power,3,6398,394,500,500,1.0,22,253,0.00040000662846545053,0.02000016571094976,6.473228917345241,0.6347170109077211,36.52829890922788,36.52829890922788,0.00021274922960998958,2.793683898093503,0.0002600601272543166,0.0001200213400527188,0.000835181037324353,7.192979182159533e-05,188.24073761048206,5.716247880429664,0.03017952124818757,0.09236224807369398,0.1459989447547685,83819,0e269869b8e30e4bc79281cc5baf07b4a3c705136e20447a7b8fdd8ec671d044,three_row_sha256,e03b08144c42d1509917436b3d88a3b6b78821ada7523d6d16414a25fdd1bfb2,8b3956404398690bbe02d2f590fbbfce2ca696f3e3b691ed979e35e9b8276d71,8b10f26c63efc1e7b779523080bc9e1215bab2b21d36db41ba7894df17ba36f1,0.26636896654963493,0.22644409909844398,0.2382500097155571,0.6480070296674967,0.1581958495080471,0.6389040499925613,0.20481483079493046,2.3809848353266716,0.0,0.0,9.404176147654653,968.8762039877474,4085.7952013611794,197000,197000,,2.793683898093503,,False,False,ok
BNCI2014_001,resampled_spectral_normalized_power_s1,resampled,spectral,normalized_power,3,6398,395,500,500,1.0,22,253,0.0003810199132010856,0.019519731381376273,6.455004403844177,0.6329300497354309,36.706995026456916,36.706995026456916,0.0001996340902025255,2.793683898093503,0.00026262900501053166,0.00010527333490021893,0.0006871355290688439,5.1890374991570774e-05,188.24073761048206,5.716247880429664,0.03017952124818757,0.09236224807369398,0.1459989447547685,84213,8288945e1f607cb93799a43f633f3c232e2b0f6d00403bf0d600fe94874920f4,three_row_sha256,cd7635bc20b53e901eaecb78aa45361737f53579ad4f40c4b653e4a938a5d40c,8b3956404398690bbe02d2f590fbbfce2ca696f3e3b691ed979e35e9b8276d71,8b10f26c63efc1e7b779523080bc9e1215bab2b21d36db41ba7894df17ba36f1,0.2245618961751461,0.22309389896690845,0.22681895643472672,0.5573560483753681,0.13974914327263832,0.580586027354002,0.1663309521973133,2.118496922776103,0.0,0.0,10.661181062459946,970.9947009105235,4096.456382423639,197500,197500,,2.793683898093503,,False,False,ok
BNCI2014_001,resampled_spectral_normalized_power_s1,resampled,spectral,normalized_power,3,6398,396,500,500,1.0,22,253,0.00037900431956774537,0.019468033274261307,6.46030580028619,0.6334498655099503,36.65501344900497,36.65501344900497,0.00020000487886921654,2.793683898093503,0.00025846685961612633,0.00010844451492818934,0.0006647113571686058,7.452833106021385e-05,188.24073761048203,5.716247880429664,0.03017952124818757,0.09236224807369398,0.1459989447547685,84608,c86151e499e37f65474b9984d8627b65160059682ae33bcd65076c7966e96b5d,three_row_sha256,aec67b25bc2e0c04e46e5f3ed939ed068880af46717d8a98194890ba635d7908,8b3956404398690bbe02d2f590fbbfce2ca696f3e3b691ed979e35e9b8276d71,8b10f26c63efc1e7b779523080bc9e1215bab2b21d36db41ba7894df17ba36f1,0.25923713110387325,0.22473116405308247,0.23148208856582642,0.5714860744774342,0.13580801896750927,0.6189739797264338,0.18172687850892544,2.2234453354030848,0.0,0.0,11.488190153613687,973.2181462459266,4107.944572577253,198000,198000,,2.793683898093503,,False,False,ok
BNCI2014_001,resampled_spectral_normalized_power_s1,resampled,spectral,normalized_power,3,6398,397,500,500,1.0,22,253,0.00039562680319532584,0.019890369609319124,6.458230422659166,0.6332463693103334,36.675363068966654,36.675363068966654,0.0002083052030772624,2.793683898093503,0.0002642750141353257,0.00011358912571279332,0.0007867257620766471,7.239621682633121e-05,188.240737610482,5.716247880429664,0.03017952124818757,0.09236224807369398,0.1459989447547685,85004,0b2fa322b2a021e21f6dafe8d2a80e830c14b304073806c77d2214eaf1dd267d,three_row_sha256,b52350f02cdc393a3d1e1d6dd80e9769270629b1cd5539e169f81f2a4bd02523,8b3956404398690bbe02d2f590fbbfce2ca696f3e3b691ed979e35e9b8276d71,8b10f26c63efc1e7b779523080bc9e1215bab2b21d36db41ba7894df17ba36f1,0.23272796534001827,0.2231330145150423,0.23317593149840832,0.5686350632458925,0.1914717722684145,0.6927740760147572,0.25564595125615597,2.397563774138689,0.0,0.0,9.528462076559663,975.6157100200653,4117.473034653813,198500,198500,,2.793683898093503,,False,False,ok
BNCI2014_001,resampled_spectral_normalized_power_s1,resampled,spectral,normalized_power,3,6398,398,500,500,1.0,22,253,0.000403539042644447,0.020088281226736324,6.455430938844848,0.6329718726068495,36.70281273931506,36.70281273931506,0.0002111810933479228,2.793683898093503,0.0002676150352587903,0.00011770405074930635,0.0008058912088860814,5.350711720367667e-05,188.24073761048203,5.716247880429664,0.03017952124818757,0.09236224807369398,0.1459989447547685,85401,a7c596a2385521d4c57d171c34105c1ed941525480f1fa8ec08a7b9e75133ba9,three_row_sha256,e823a7993774afb545e7955246cc0d201378dc966a4a60ba2aa2e4e628cdc275,8b3956404398690bbe02d2f590fbbfce2ca696f3e3b691ed979e35e9b8276d71,8b10f26c63efc1e7b779523080bc9e1215bab2b21d36db41ba7894df17ba36f1,0.22829696536064148,0.2522259019315243,0.2231018152087927,0.9260270744562149,0.16163894906640053,0.6657741032540798,0.19626994617283344,2.653334755450487,0.0,0.0,9.219489060342312,978.2690447755158,4126.692523714155,199000,199000,,2.793683898093503,,False,False,ok
BNCI2014_001,resampled_spectral_normalized_power_s1,resampled,spectral,normalized_power,3,6398,399,500,500,1.0,22,253,0.0004007486558137832,0.02001870764594416,6.450541604505667,0.6324924605982957,36.75075394017043,36.75075394017043,0.00020640101752150708,2.793683898093503,0.00027430005719066307,0.00011251511133837084,0.0007825045114479668,5.3806737847691426e-05,188.24073761048203,5.716247880429664,0.03017952124818757,0.09236224807369398,0.1459989447547685,85799,04ebdb52ecdc1897b290fbef23592752c6bcfb34daf8646fb56f538b1f6ff733,three_row_sha256,756ead90089ed37dae1d883eacb512dc58c00d7bce793cb11e7b1bfd5e06e241,8b3956404398690bbe02d2f590fbbfce2ca696f3e3b691ed979e35e9b8276d71,8b10f26c63efc1e7b779523080bc9e1215bab2b21d36db41ba7894df17ba36f1,0.43202703818678856,0.24594692513346672,0.2756030298769474,0.7150338497012854,0.15699095092713833,0.7706619799137115,0.20969496108591557,2.8059587348252535,0.0,0.0,9.745011106133461,981.075003510341,4136.437534820288,199500,199500,,2.793683898093503,,False,False,ok
BNCI2014_001,resampled_spectral_normalized_power_s1,resampled,spectral,normalized_power,3,6398,400,500,500,1.0,22,253,0.0004036984960418075,0.020092249651092024,6.462723175485472,0.6336868954652203,36.63131045347797,36.63131045347797,0.00021707690175556062,2.7936838980935024,0.00026404146164780805,0.00011742627513133698,0.000993261324293972,6.208620504437448e-05,188.24073761048203,5.716247880429664,0.03017952124818757,0.09236224807369398,0.1459989447547685,86198,65689c2a988f2387db552879403b1f61bbe1237e6f4daa1ef4dd6bdca91c2d79,three_row_sha256,706778a4462e770db9968fd111f93e79535b383b5d00d9ec775afd8aac6fe025,8b3956404398690bbe02d2f590fbbfce2ca696f3e3b691ed979e35e9b8276d71,8b10f26c63efc1e7b779523080bc9e1215bab2b21d36db41ba7894df17ba36f1,0.2551490906625986,0.22393092513084412,0.22940104827284813,0.6642010994255543,0.15226402319967747,0.6603689398616552,0.19051297567784786,2.3758281022310257,0.0,0.0,7.7278949320316315,983.4508316125721,4144.16542975232,200000,200000,,2.793683898093503,,False,False,ok
BNCI2014_001,resampled_spectral_normalized_power_s1,resampled,spectral,normalized_power,3,6398,401,500,500,1.0,22,253,0.00039542965693044877,0.019885413169719375,6.453516693873193,0.6327841758851565,36.72158241148435,36.72158241148435,0.00020610624130316794,2.793683898093503,0.0002699169434238124,0.00011156672216024027,0.0007285512306640204,8.410899181184256e-05,188.240737610482,5.716247880429665,0.03017952124818757,0.09236224807369398,0.1459989447547685,86598,5caab922f616e19cccc18c579f9477540094e71d80032f8b17323ed9b12a069d,three_row_sha256,a74d66be18c5c5e58d4240c88e9bcfbfdbc36020dfef54485d6eda024b16bd1f,8b3956404398690bbe02d2f590fbbfce2ca696f3e3b691ed979e35e9b8276d71,8b10f26c63efc1e7b779523080bc9e1215bab2b21d36db41ba7894df17ba36f1,0.3991618286818266,0.23266207426786423,0.23804791271686554,0.6797860842198133,0.1527408603578806,0.5972809158265591,0.19678613170981407,2.4964658077806234,0.0,0.0,8.979515172541142,985.9472974203527,4153.144944924861,200500,200500,,2.793683898093503,,False,False,ok
BNCI2014_001,resampled_spectral_normalized_power_s1,resampled,spectral,normalized_power,3,6398,402,500,500,1.0,22,253,0.0004003926031363018,0.020009812671194647,6.461087906359787,0.6335265530542323,36.647344694576766,36.647344694576766,0.00020808343679517175,2.793683898093503,0.0002703696067201191,0.00011384993775741015,0.0008647568861420191,6.322671021798956e-05,188.240737610482,5.716247880429665,0.03017952124818757,0.09236224807369398,0.1459989447547685,86999,15e89df02d8e62263131675ac55f0d4f400e7cc0ad855e298a86daf1ab2bb58a,three_row_sha256,a1f80648485105c72e72bd79a8694f5e97569fbf12fcedd481ae407da927535d,8b3956404398690bbe02d2f590fbbfce2ca696f3e3b691ed979e35e9b8276d71,8b10f26c63efc1e7b779523080bc9e1215bab2b21d36db41ba7894df17ba36f1,0.22610393352806568,0.22203894332051277,0.22976379841566086,0.5495848599821329,0.1333099789917469,0.8038580417633057,0.17077801749110222,2.335437573492527,0.0,0.0,7.9362590331584215,988.2827349938452,4161.08120395802,201000,201000,,2.793683898093503,,False,False,ok
BNCI2014_001,resampled_spectral_normalized_power_s1,resampled,spectral,normalized_power,3,6398,403,500,500,1.0,22,253,0.0004062467439807939,0.02015556359868892,6.459773133370487,0.6333976361269235,36.66023638730765,36.66023638730765,0.00021513570030189507,2.793683898093503,0.0002692084567694834,0.00011739433866027034,0.001053684701408296,5.4188176670529494e-05,188.24073761048203,5.716247880429664,0.03017952124818757,0.09236224807369398,0.1459989447547685,87401,e3bc1015a064599626c89280e5bbc3832d13690335492e5bc5249258857217c1,three_row_sha256,f6db62a81be1dcff3ac615311adad6fd8b7c66da817788f593336c759b8455d3,8b3956404398690bbe02d2f590fbbfce2ca696f3e3b691ed979e35e9b8276d71,8b10f26c63efc1e7b779523080bc9e1215bab2b21d36db41ba7894df17ba36f1,0.22008083760738373,0.22062286734580994,0.22254581563174725,0.545932911336422,0.13231695629656315,0.909075140953064,0.19222008995711803,2.442794619128108,0.0,0.0,10.136502096429467,990.7255296129733,4171.217706054449,201500,201500,,2.793683898093503,,False,False,ok
BNCI2014_001,resampled_spectral_normalized_power_s1,resampled,spectral,normalized_power,3,6398,404,500,500,1.0,22,253,0.00039155160047996693,0.019787662835210402,6.451840025785649,0.6326197741977763,36.73802258022238,36.73802258022238,0.00020888113530157426,2.7936838980935033,0.0002617162382301733,0.00011248245189119251,0.0008043273968301673,7.780172047473625e-05,188.24073761048203,5.716247880429664,0.03017952124818757,0.09236224807369398,0.1459989447547685,87804,504e107ae3e819f1c6c6b36b64121b29284293939b1a643a4a8a7763d51d0d99,three_row_sha256,bc7f2921fa48a093801cd432a2585bbfa29ec3ff30f4541da220128ae7da8ef8,8b3956404398690bbe02d2f590fbbfce2ca696f3e3b691ed979e35e9b8276d71,8b10f26c63efc1e7b779523080bc9e1215bab2b21d36db41ba7894df17ba36f1,0.2259570173919201,0.22254814393818378,0.22624502889811993,0.5673831328749657,0.13226782903075218,0.5419389344751835,0.16941200010478497,2.08575208671391,0.0,0.0,8.512183791026473,992.8112816996872,4179.729889845476,202000,202000,,2.793683898093503,,False,False,ok
BNCI2014_001,resampled_spectral_normalized_power_s1,resampled,spectral,normalized_power,3,6398,405,500,500,1.0,22,253,0.0003839904091964302,0.019595673226414808,6.440761909686987,0.6315335359654483,36.846646403455175,36.846646403455175,0.0002058203071438176,2.793683898093503,0.00025987269121007016,0.00010745798378118306,0.000770392730968036,5.973834887169757e-05,188.240737610482,5.716247880429664,0.03017952124818757,0.09236224807369398,0.1459989447547685,88208,b1eba7691efdaebd0524a16492ec13781075b4b1b752fb777bd08cc472a50e74,three_row_sha256,1979087fe5049260205fa4118d994f1f4d85bcafe32d490458593ea7f47c0b83,8b3956404398690bbe02d2f590fbbfce2ca696f3e3b691ed979e35e9b8276d71,8b10f26c63efc1e7b779523080bc9e1215bab2b21d36db41ba7894df17ba36f1,0.20921300165355206,0.22053183056414127,0.21866010501980782,0.5276300944387913,0.12992601841688156,0.5294240545481443,0.15872600488364697,1.9941111095249653,0.0,0.0,8.446514839306474,994.8053928092122,4188.176404684782,202500,202500,,2.793683898093503,,False,False,ok
BNCI2014_001,resampled_spectral_normalized_power_s1,resampled,spectral,normalized_power,3,6398,406,500,500,1.0,22,253,0.0003963849244427207,0.0199094179835253,6.4458286858990235,0.632030346613319,36.7969653386681,36.7969653386681,0.00021095559817507574,2.793683898093503,0.00026424818951041633,0.00011302125564455025,0.0008108653746544539,8.2206639931418e-05,188.24073761048203,5.716247880429664,0.03017952124818757,0.09236224807369398,0.1459989447547685,88613,56196b9ce18899a48502f96ca30779088e04ef436d98b3c534ddbd6e947ea4ea,three_row_sha256,22467c7a993a351d9d1517538c701ce926d49200f500867e4a82d4aee1c2f72b,8b3956404398690bbe02d2f590fbbfce2ca696f3e3b691ed979e35e9b8276d71,8b10f26c63efc1e7b779523080bc9e1215bab2b21d36db41ba7894df17ba36f1,0.20736991427838802,0.21935207769274712,0.21969201043248177,0.529502984136343,0.12807990424335003,0.7546560373157263,0.15845405869185925,2.2171069867908955,0.0,0.0,8.656868943944573,997.0224997960031,4196.833273628727,203000,203000,,2.793683898093503,,False,False,ok
BNCI2014_001,resampled_spectral_normalized_power_s1,resampled,spectral,normalized_power,3,6398,407,500,500,1.0,22,253,0.00038952828005676233,0.01973647081057711,6.44845699376142,0.6322880590674075,36.77119409325925,36.77119409325925,0.00020440594153396018,2.793683898093503,0.0002642379418382219,0.00011073785395890361,0.0007285787931047344,7.560450461471009e-05,188.24073761048203,5.716247880429665,0.03017952124818757,0.09236224807369398,0.1459989447547685,89019,ccbbf2bd6f7923a3d1ac474f55b91aa69f3410c9ee4d6d973011525b79f3073e,three_row_sha256,557bc481bfbb42b872c810d148ef69e2ec84f4f45f912869417e5e446f01c7aa,8b3956404398690bbe02d2f590fbbfce2ca696f3e3b691ed979e35e9b8276d71,8b10f26c63efc1e7b779523080bc9e1215bab2b21d36db41ba7894df17ba36f1,0.2109420020133257,0.22137397900223732,0.22079981863498688,0.5375230684876442,0.13034511357545853,0.6255181506276131,0.16230391338467598,2.1088060457259417,0.0,0.0,8.229475934058428,999.131305841729,4205.062749562785,203500,203500,,2.793683898093503,,False,False,ok
BNCI2014_001,resampled_spectral_normalized_power_s1,resampled,spectral,normalized_power,3,6398,408,500,500,1.0,22,253,0.00039051024052711916,0.01976133195225259,6.428560038664864,0.6303371106263271,36.96628893736729,36.96628893736729,0.00020183338021021954,2.793683898093503,0.0002683189153642169,0.00011207392310137017,0.0006532386555936247,7.511175314427177e-05,188.24073761048203,5.716247880429664,0.03017952124818757,0.09236224807369398,0.1459989447547685,89426,c9ccd9cc6f66217ed293b025a1d37fee138baa35b2aad18795b96a8d867ec165,three_row_sha256,d65004ab9521d2c9f70567a0f5b37967ce4129bac50caef025c3758abf108405,8b3956404398690bbe02d2f590fbbfce2ca696f3e3b691ed979e35e9b8276d71,8b10f26c63efc1e7b779523080bc9e1215bab2b21d36db41ba7894df17ba36f1,0.23595895618200302,0.2262138295918703,0.23341504856944084,0.5836789496243,0.13737613335251808,0.595825957134366,0.17750286497175694,2.1899717394262552,0.0,0.0,8.732398971915245,1001.3212775811553,4213.7951485347,204000,204000,,2.793683898093503,,False,False,ok
BNCI2014_001,resampled_spectral_normalized_power_s1,resampled,spectral,normalized_power,3,6398,409,500,500,1.0,22,253,0.0003982782794193849,0.019956910568005883,6.435111405844232,0.6309794892980137,36.90205107019863,36.90205107019863,0.0002091491566494874,2.793683898093503,0.0002634697669058327,0.00011620238290237255,0.000795345529213221,4.434650372912109e-05,188.24073761048203,5.716247880429664,0.03017952124818757,0.09236224807369398,0.1459989447547685,89834,6d43e7ad0e9ebac4e5243bc3e7164710308168c2ae55daf3e6ad311181a3e3e8,three_row_sha256,83b05fa10b7a661829c9f89dcb07c7f8dab0aecf137c83ef672782337db955c5,8b3956404398690bbe02d2f590fbbfce2ca696f3e3b691ed979e35e9b8276d71,8b10f26c63efc1e7b779523080bc9e1215bab2b21d36db41ba7894df17ba36f1,0.2398949582129717,0.22444594651460648,0.23226207122206688,0.5825129337608814,0.21240394562482834,1.1434920597821474,0.36768708378076553,3.0026989988982677,0.0,0.0,9.48540004901588,1004.3239765800536,4223.280548583716,204500,204500,,2.793683898093503,,False,False,ok
BNCI2014_001,resampled_spectral_normalized_power_s1,resampled,spectral,normalized_power,3,6398,410,500,500,1.0,22,253,0.00039591479800395944,0.01989760784627035,6.44828713244136,0.6322714037211014,36.772859627889865,36.772859627889865,0.00020605265877459634,2.793683898093503,0.00026952168177763196,0.00011283696341834163,0.0007426217432642532,6.332857069170952e-05,188.240737610482,5.716247880429664,0.03017952124818757,0.09236224807369398,0.1459989447547685,90243,d1d3a6df8f73cacfc9e3083b5cc5d68763f0a889c19b531d41ee50155bd9b807,three_row_sha256,314a0ef00b80ccfdb62450d217a08d8cdb61fe2aa8a30f2b84dd023f24b33e2f,8b3956404398690bbe02d2f590fbbfce2ca696f3e3b691ed979e35e9b8276d71,8b10f26c63efc1e7b779523080bc9e1215bab2b21d36db41ba7894df17ba36f1,0.22456585429608822,0.22058398462831974,0.22324617020785809,0.5678420420736074,0.13317004777491093,0.7600458338856697,0.16993004828691483,2.299383981153369,0.0,0.0,8.276583859696984,1006.6233605612069,4231.557132443413,205000,205000,,2.793683898093503,,False,False,ok
BNCI2014_001,resampled_spectral_normalized_power_s1,resampled,spectral,normalized_power,3,6398,411,500,500,1.0,22,253,0.0003936274159479046,0.01984004576476336,6.440969981060452,0.6315539379073396,36.84460620926604,36.84460620926604,0.0002052377720073181,2.793683898093503,0.0002647426994129745,0.0001132986329168162,0.0007482103555875172,6.24276990549186e-05,188.24073761048203,5.716247880429664,0.03017952124818757,0.09236224807369398,0.1459989447547685,90653,de289e804d9c1cbd7cbb9e99b211519ca99f1b4e80ee922253737e75281151f1,three_row_sha256,13b6fbe37f8f7745d0c61d8e9eae0c0e66f0c5ecf32de2270f66936063948816,8b3956404398690bbe02d2f590fbbfce2ca696f3e3b691ed979e35e9b8276d71,8b10f26c63efc1e7b779523080bc9e1215bab2b21d36db41ba7894df17ba36f1,0.21332595497369766,0.22064708173274994,0.22246083244681358,0.5416038911789656,0.13792887330055237,0.8763379883021116,0.16312184743583202,2.3754264693707228,0.0,0.0,7.659953087568283,1008.9987870305777,4239.217085530981,205500,205500,,2.793683898093503,,False,False,ok
BNCI2014_001,resampled_spectral_normalized_power_s1,resampled,spectral,normalized_power,3,6398,412,500,500,1.0,22,253,0.0004066291105717278,0.02016504675352199,6.430832178119767,0.630559899837337,36.944010016266304,36.944010016266304,0.00021102126485451095,2.793683898093503,0.000272959159784125,0.0001172640048143515,0.00080466069795468,7.048787401379317e-05,188.24073761048203,5.716247880429664,0.03017952124818757,0.09236224807369398,0.1459989447547685,91064,6d5f882999acea5fdc21c64583844c8b36ae868f3fb9da39e2d47c8c68548969,three_row_sha256,1d636f80c62848123479e62d146debe2dd77aa970d60990bedd043cf5814843f,8b3956404398690bbe02d2f590fbbfce2ca696f3e3b691ed979e35e9b8276d71,8b10f26c63efc1e7b779523080bc9e1215bab2b21d36db41ba7894df17ba36f1,0.20874314941465855,0.22001401521265507,0.21891295909881592,0.5397079512476921,0.12973998673260212,0.7982391398400068,0.16058399342000484,2.2759411949664354,0.0,0.0,9.08097205683589,1011.2747282255441,4248.298057587817,206000,206000,,2.793683898093503,,False,False,ok
BNCI2014_001,resampled_spectral_normalized_power_s1,resampled,spectral,normalized_power,3,6398,413,500,500,1.0,22,253,0.0004213552921546721,0.02052694064283989,6.429723475562643,0.6304511886543973,36.95488113456027,36.95488113456027,0.0002186621116024311,2.793683898093503,0.0002752830817131856,0.00012600901361046674,0.0009264965423141158,5.035680840572846e-05,188.240737610482,5.716247880429664,0.03017952124818757,0.09236224807369398,0.1459989447547685,91476,aa06eacabc7af094b516e88ba930a5eea7ea1a0eb751f458f4dfc3daab4d0906,three_row_sha256,6f1e4635d8488e55a7ddbec100119fa73a6b70de813501e656f721e61ed2262c,8b3956404398690bbe02d2f590fbbfce2ca696f3e3b691ed979e35e9b8276d71,8b10f26c63efc1e7b779523080bc9e1215bab2b21d36db41ba7894df17ba36f1,0.2198780421167612,0.22864900529384613,0.2221250906586647,0.5523031577467918,0.1304361503571272,0.6231889128684998,0.16624690033495426,2.142827259376645,0.0,0.0,8.129931055009365,1013.4175554849207,4256.427988642827,206500,206500,,2.793683898093503,,False,False,ok
BNCI2014_001,resampled_spectral_normalized_power_s1,resampled,spectral,normalized_power,3,6398,414,500,500,1.0,22,253,0.00039768035822713597,0.019941924636983663,6.416060540996562,0.629111502216803,37.08884977831969,37.08884977831969,0.0002100137305399573,2.793683898093503,0.0002685303488373343,0.0001115274275940835,0.0007733469910923741,5.643189550840142e-05,188.24073761048206,5.716247880429664,0.03017952124818757,0.09236224807369398,0.1459989447547685,91889,4819436233992dc7413d341b74a037151317d91ed4ada63259a8ff9afc08eb08,three_row_sha256,03a2a2aacb8d507be9f54b356f2f868364e21af8c01d61a824f141888ace5947,8b3956404398690bbe02d2f590fbbfce2ca696f3e3b691ed979e35e9b8276d71,8b10f26c63efc1e7b779523080bc9e1215bab2b21d36db41ba7894df17ba36f1,0.2141741570085287,0.22088410332798958,0.22970698773860931,0.5551048088818789,0.13058516196906567,0.8436709176748991,0.16310997307300568,2.357236109673977,0.0,0.0,9.07614710740745,1015.7747915945947,4265.504135750234,207000,207000,,2.793683898093503,,False,False,ok
BNCI2014_001,resampled_spectral_normalized_power_s1,resampled,spectral,normalized_power,3,6398,415,500,500,1.0,22,253,0.00039193935422928794,0.019797458276993234,6.415354025707322,0.6290422265464579,37.095777345354215,37.095777345354215,0.00020646413076228976,2.793683898093503,0.00026647513827753093,0.00011008841461509719,0.0007754827255432141,6.198376195456146e-05,188.240737610482,5.716247880429664,0.03017952124818757,0.09236224807369398,0.1459989447547685,92303,99413f938f0643fd49f5d4b31b7e36f6676bb0d65f899ae74fc6e060adbf6c31,three_row_sha256,430131e6a31f6a222df0128009e06f3bb0e9c3658cc0f244c373f1ee057d86a8,8b3956404398690bbe02d2f590fbbfce2ca696f3e3b691ed979e35e9b8276d71,8b10f26c63efc1e7b779523080bc9e1215bab2b21d36db41ba7894df17ba36f1,0.26390887796878815,0.22423593327403069,0.23693894036114216,0.6606539245694876,0.14902884140610695,0.5956331733614206,0.19599986262619495,2.326399553567171,0.0,0.0,8.115892997011542,1018.1011911481619,4273.620028747246,207500,207500,,2.793683898093503,,False,False,ok
BNCI2014_001,resampled_spectral_normalized_power_s1,resampled,spectral,normalized_power,3,6398,416,500,500,1.0,22,253,0.00040238798133862596,0.02005961069758399,6.406769936059937,0.6282005341249597,37.179946587504034,37.179946587504034,0.00020939872696617925,2.793683898093503,0.0002670676694325024,0.00011876075511025513,0.0007399323914040872,4.963719071211652e-05,188.24073761048203,5.716247880429664,0.03017952124818757,0.09236224807369398,0.1459989447547685,92718,1b1ffe504952f7b706c9248ad526ecd08770d3b4799bdd6a37f9616706120750,three_row_sha256,723261f8ae52b42d28553f36d7427127938d1b8f2d5c132ec7a2da443da09381,8b3956404398690bbe02d2f590fbbfce2ca696f3e3b691ed979e35e9b8276d71,8b10f26c63efc1e7b779523080bc9e1215bab2b21d36db41ba7894df17ba36f1,0.21093315444886684,0.22176210768520832,0.22167316637933254,0.5456688813865185,0.13190810568630695,0.6877100095152855,0.1629272010177374,2.182582626119256,0.0,0.0,8.01822287030518,1020.2837737742811,4281.638251617551,208000,208000,,2.793683898093503,,False,False,ok
BNCI2014_001,resampled_spectral_normalized_power_s1,resampled,spectral,normalized_power,3,6398,417,500,500,1.0,22,253,0.000408043476180859,0.020200086043897413,6.40619330450844,0.6281439938945068,37.18560061054932,37.18560061054932,0.00021628609909463874,2.793683898093503,0.0002688892141444488,0.00011807022668400918,0.0009538442143251081,4.807755777234887e-05,188.24073761048203,5.716247880429664,0.03017952124818757,0.09236224807369398,0.1459989447547685,93134,44b1b3bc10c05d8cf59624ffda8b8baa4f9ae0eb05a44fccb2fbcae3a51d62ba,three_row_sha256,fad0674853c3e5c4fcaead6d760be0f95653c0133bd0d9fe41b728e9f71a9d78,8b3956404398690bbe02d2f590fbbfce2ca696f3e3b691ed979e35e9b8276d71,8b10f26c63efc1e7b779523080bc9e1215bab2b21d36db41ba7894df17ba36f1,0.21037692204117775,0.2197781577706337,0.220178859308362,0.53552002646029,0.13035605661571026,0.8876980282366276,0.1633248757570982,2.3672329261898994,0.0,0.0,8.168844971805811,1022.651006700471,4289.807096589357,208500,208500,,2.793683898093503,,False,False,ok
BNCI2014_001,resampled_spectral_normalized_power_s1,resampled,spectral,normalized_power,3,6398,418,500,500,1.0,22,253,0.0004082831656571115,0.020206018055448517,6.402386861015921,0.6277707621632317,37.22292378367683,37.22292378367683,0.00021157725132070512,2.793683898093503,0.0002713167509226917,0.00012000937231925044,0.0008715411282473962,6.837459087538017e-05,188.24073761048203,5.716247880429664,0.03017952124818757,0.09236224807369398,0.1459989447547685,93551,bb15698a87019329804a8f0d288f2f094f70de7933a40417ebe0409a6c48de70,three_row_sha256,7ee5edcab89e7d5f9ea6200514cafd73aa99ceca3dfc3c250c54a2f6956a0691,8b3956404398690bbe02d2f590fbbfce2ca696f3e3b691ed979e35e9b8276d71,8b10f26c63efc1e7b779523080bc9e1215bab2b21d36db41ba7894df17ba36f1,0.2065720036625862,0.22009899839758873,0.21876185201108456,0.5295570008456707,0.12943684123456478,0.9532510302960873,0.1620999537408352,2.4197776801884174,0.0,0.0,8.69992095977068,1025.0707843806595,4298.507017549127,209000,209000,,2.793683898093503,,False,False,ok
BNCI2014_001,resampled_spectral_normalized_power_s1,resampled,spectral,normalized_power,3,6398,419,500,500,1.0,22,253,0.0004157788311914088,0.020390655487046237,6.413486688590831,0.6288591292625413,37.11408707374587,37.11408707374587,0.00022079834808325113,2.793683898093503,0.00026487707736621896,0.0001261128638316144,0.0009780942818776977,7.76473341474437e-05,188.240737610482,5.716247880429665,0.03017952124818757,0.09236224807369398,0.1459989447547685,93969,06f896d0db1858f6e59021e0e7e041b171dbcf7e2fe85bd3812b91cd4fc0c20d,three_row_sha256,b39f12ca5528463137dc802322344d1bcd97d674a47fab23cd1e4629097de641,8b3956404398690bbe02d2f590fbbfce2ca696f3e3b691ed979e35e9b8276d71,8b10f26c63efc1e7b779523080bc9e1215bab2b21d36db41ba7894df17ba36f1,0.21794810891151428,0.22170296870172024,0.22369599901139736,0.564137939363718,0.1358331646770239,0.6568818353116512,0.1676790416240692,2.1878790576010942,0.0,0.0,8.420428028330207,1027.2586634382606,4306.927445577458,209500,209500,,2.793683898093503,,False,False,ok
BNCI2014_001,resampled_spectral_normalized_power_s1,resampled,spectral,normalized_power,3,6398,420,500,500,1.0,22,253,0.00038096906881225076,0.019518428953485236,6.416779619238056,0.6291820097174458,37.081799028255425,37.081799028255425,0.0002054748996537592,2.793683898093503,0.0002561375548876441,0.00010707328541686699,0.0008165554952222489,6.045437108512396e-05,188.240737610482,5.716247880429664,0.03017952124818757,0.09236224807369398,0.1459989447547685,94388,4cdd428d827ecf79bfc1b9803ad010ad6ebf3e4e7f5e6cf5c062d2f21063cc95,three_row_sha256,1e1b9183f36d6ca7eccc43e5e72e0e97eabda411c915678cb9f1ece47c4badb5,8b3956404398690bbe02d2f590fbbfce2ca696f3e3b691ed979e35e9b8276d71,8b10f26c63efc1e7b779523080bc9e1215bab2b21d36db41ba7894df17ba36f1,0.21503609605133533,0.2214028500020504,0.22328807972371578,0.5549881607294083,0.1334699336439371,1.1338300537317991,0.16502710059285164,2.6470422744750977,0.0,0.0,9.55868000164628,1029.9057057127357,4316.486125579104,210000,210000,,2.793683898093503,,False,False,ok
BNCI2014_001,resampled_spectral_normalized_power_s1,resampled,spectral,normalized_power,3,6398,421,500,500,1.0,22,253,0.0003992867250620282,0.0199821601700624,6.411010568457108,0.6286163392129396,37.138366078706035,37.138366078706035,0.00020864655765370356,2.793683898093503,0.0002673830960391814,0.00011679971405649013,0.0007633821736165161,6.252577998552253e-05,188.24073761048203,5.716247880429664,0.03017952124818757,0.09236224807369398,0.1459989447547685,94808,eb6884f80359ebe6c88221d62d7ec046078a331c01d59844f49040d0b56dfc90,three_row_sha256,63ce3afc5b2ff50a11eef4e77281fa7ecc66e413434eb4329335d85767676cab,8b3956404398690bbe02d2f590fbbfce2ca696f3e3b691ed979e35e9b8276d71,8b10f26c63efc1e7b779523080bc9e1215bab2b21d36db41ba7894df17ba36f1,0.27909502387046814,0.23391004651784897,0.24623190984129906,0.6729611195623875,0.16169901937246323,0.6686749402433634,0.21368288435041904,2.4762549437582493,0.0,0.0,8.109878981485963,1032.381960656494,4324.59600456059,210500,210500,,2.793683898093503,,False,False,ok
BNCI2014_001,resampled_spectral_normalized_power_s1,resampled,spectral,normalized_power,3,6398,422,500,500,1.0,22,253,0.00038783015502910384,0.019693403845681523,6.408011213762711,0.62832224464737,37.167775535263004,37.167775535263004,0.00020645149486079052,2.793683898093503,0.0002571819185802772,0.00011491654687172864,0.000725028053624081,6.908870061650601e-05,188.24073761048203,5.716247880429665,0.03017952124818757,0.09236224807369398,0.1459989447547685,95229,0a56eadefc6cc9d35491b548d91f34469134c1c452ce894e23ef103e790ba201,three_row_sha256,ac3595df28486b7a49d39dfed3f1d1afe9c922a1f6e3604e3231f530542e4798,8b3956404398690bbe02d2f590fbbfce2ca696f3e3b691ed979e35e9b8276d71,8b10f26c63efc1e7b779523080bc9e1215bab2b21d36db41ba7894df17ba36f1,0.21738302893936634,0.2205700147897005,0.2205180935561657,0.5493329372256994,0.1325660850852728,0.9093848057091236,0.17956015653908253,2.429315121844411,0.0,0.0,8.150379871949553,1034.8112757783383,4332.746384432539,211000,211000,,2.793683898093503,,False,False,ok
BNCI2014_001,resampled_spectral_normalized_power_s1,resampled,spectral,normalized_power,3,6398,423,500,500,1.0,22,253,0.00038798988198144116,0.01969745876963425,6.427167778402841,0.6302005958694414,36.97994041305586,36.97994041305586,0.00020314692813842462,2.793683898093503,0.0002614471475189029,0.00011100327882504429,0.0007069476630686086,8.369165853313374e-05,188.24073761048203,5.716247880429664,0.03017952124818757,0.09236224807369398,0.1459989447547685,95651,d943d789d76dfff031726da4b4a5d9bc6007ac3a90f09558629b8a1fc4f4bba1,three_row_sha256,ef1fe95285471cca0495d72a0e77016177ca0edc9be36157a651876faf7c22ac,8b3956404398690bbe02d2f590fbbfce2ca696f3e3b691ed979e35e9b8276d71,8b10f26c63efc1e7b779523080bc9e1215bab2b21d36db41ba7894df17ba36f1,0.2149529755115509,0.21967408247292042,0.21897582337260246,0.5363309755921364,0.12818281538784504,0.900136074051261,0.22882409393787384,2.44707684032619,0.0,0.0,8.219781098887324,1037.2583526186645,4340.966165531427,211500,211500,,2.793683898093503,,False,False,ok
BNCI2014_001,resampled_spectral_normalized_power_s1,resampled,spectral,normalized_power,3,6398,424,500,500,1.0,22,253,0.0003936909589203127,0.019841647081840576,6.4173919092629275,0.6292420463543942,37.07579536456058,37.07579536456058,0.00021211911661706828,2.793683898093503,0.0002586514048434934,0.00011442197902579905,0.0009210841497280175,7.094897300995035e-05,188.240737610482,5.716247880429664,0.03017952124818757,0.09236224807369398,0.1459989447547685,96074,dd144ef4df84b7e1545381caac0f37e0b66aad3c527cd7808f345db61bb87ce1,three_row_sha256,819bfa84a753ee1414e9e5cca2fbfc46021de67dd74fcc5fe2f68fc471c3cf2d,8b3956404398690bbe02d2f590fbbfce2ca696f3e3b691ed979e35e9b8276d71,8b10f26c63efc1e7b779523080bc9e1215bab2b21d36db41ba7894df17ba36f1,0.2198810689151287,0.21995394490659237,0.22023706696927547,0.5409889854490757,0.13098795898258686,0.5214798729866743,0.15986990183591843,2.013398800045252,0.0,0.0,8.643247885629535,1039.2717514187098,4349.609413417056,212000,212000,,2.793683898093503,,False,False,ok
BNCI2014_001,resampled_spectral_normalized_power_s1,resampled,spectral,normalized_power,3,6398,425,500,500,1.0,22,253,0.00043106727337740376,0.020762159651091305,6.410176557995514,0.6285345623077802,37.14654376922198,37.14654376922198,0.0002288856067662622,2.793683898093503,0.0002770833232844193,0.00012800847086735928,0.0012282517703530896,7.767741464316871e-05,188.240737610482,5.716247880429664,0.03017952124818757,0.09236224807369398,0.1459989447547685,96498,397f21189a1763aaa347f8146eb5ae5b4720886e71cb6319998a3697a5b09d95,three_row_sha256,e16dd2bded73549978c93914989bd849b39a83fb69bf6fc47c2cf256f9a6e41e,8b3956404398690bbe02d2f590fbbfce2ca696f3e3b691ed979e35e9b8276d71,8b10f26c63efc1e7b779523080bc9e1215bab2b21d36db41ba7894df17ba36f1,0.20443485118448734,0.2190719824284315,0.21811597980558872,0.5315069574862719,0.13028201647102833,1.0748370550572872,0.16582501120865345,2.5440738536417484,0.0,0.0,8.237805217504501,1041.8158252723515,4357.847218634561,212500,212500,,2.793683898093503,,False,False,ok
BNCI2014_001,resampled_spectral_normalized_power_s1,resampled,spectral,normalized_power,3,6398,426,500,500,1.0,22,253,0.00038860179668309366,0.019712985483764087,6.414162688955763,0.6289254128648177,37.10745871351822,37.10745871351822,0.00020525607507344517,2.793683898093503,0.00026266479338252896,0.0001102574335417537,0.0007547022050443805,6.523543222121926e-05,188.24073761048203,5.716247880429664,0.03017952124818757,0.09236224807369398,0.1459989447547685,96923,a9b1454ddaf9c2ae12cbc6b7457e5b6be0f6ed447ce198429fdd1d0aa2fbaf60,three_row_sha256,b88fab47cbad13fa1b8021a6ed4a919a212254cca0f792ef8f1e5d8b870ec714,8b3956404398690bbe02d2f590fbbfce2ca696f3e3b691ed979e35e9b8276d71,8b10f26c63efc1e7b779523080bc9e1215bab2b21d36db41ba7894df17ba36f1,0.2157161943614483,0.22134999744594097,0.22104312665760517,0.5514598451554775,0.1355418935418129,1.0434999130666256,0.16399286687374115,2.5526038371026516,0.0,0.0,11.113021988421679,1044.3684291094542,4368.960240622982,213000,213000,,2.793683898093503,,False,False,ok
BNCI2014_001,resampled_spectral_normalized_power_s1,resampled,spectral,normalized_power,3,6398,427,500,500,1.0,22,253,0.0003970266495435716,0.019925527585074668,6.405409310025121,0.6280671211867168,37.19328788132832,37.19328788132832,0.0002096621581439965,2.793683898093503,0.0002629495673603663,0.00011645704676128666,0.0008112966013754003,6.225603912945637e-05,188.24073761048203,5.716247880429664,0.03017952124818757,0.09236224807369398,0.1459989447547685,97349,beca7ec6d47b261d365a9ff3d773c7556b8b6acb080fd5e4b7e046a0137ba780,three_row_sha256,4212edb18250099903b7280d86d185f8f1e805e0435210b4c90f3b48b585f8aa,8b3956404398690bbe02d2f590fbbfce2ca696f3e3b691ed979e35e9b8276d71,8b10f26c63efc1e7b779523080bc9e1215bab2b21d36db41ba7894df17ba36f1,0.26066694408655167,0.2246310468763113,0.23356988094747066,0.5835629999637604,0.1357579603791237,0.5503280553966761,0.17324206419289112,2.161758951842785,0.0,0.0,8.565811906009912,1046.530188061297,4377.526052528992,213500,213500,,2.793683898093503,,False,False,ok
BNCI2014_001,resampled_spectral_normalized_power_s1,resampled,spectral,normalized_power,3,6398,428,500,500,1.0,22,253,0.00039291763928793846,0.01982215021857968,6.40362686425883,0.6278923477215218,37.21076522784782,37.21076522784782,0.00020773590904090493,2.793683898093503,0.0002659036298226369,0.00011013188790954245,0.0008596901183548682,6.825671790957378e-05,188.24073761048203,5.716247880429664,0.03017952124818757,0.09236224807369398,0.1459989447547685,97776,05f6bfff0c98baee3b9890311e458df1708f3ae21beee348461cca0d89210203,three_row_sha256,0f81e77526fbabdec510ba1b9d665dd0b2ae21d9b1c66dbd39c8774188665fcf,8b3956404398690bbe02d2f590fbbfce2ca696f3e3b691ed979e35e9b8276d71,8b10f26c63efc1e7b779523080bc9e1215bab2b21d36db41ba7894df17ba36f1,0.2226480282843113,0.2229129895567894,0.2267039380967617,0.5654159467667341,0.1354909036308527,0.951297115534544,0.16808114014565945,2.4925500620156527,0.0,0.0,7.9820051323622465,1049.0227381233126,4385.5080576613545,214000,214000,,2.793683898093503,,False,False,ok
BNCI2014_001,resampled_spectral_normalized_power_s1,resampled,spectral,normalized_power,3,6398,429,500,500,1.0,22,253,0.00039583533076750484,0.019895610841778766,6.39956604158231,0.6274941734465227,37.25058265534773,37.25058265534773,0.0002120496900098653,2.793683898093503,0.00026099707899845357,0.00011550869624345362,0.0009347163077849756,7.995349466663521e-05,188.240737610482,5.716247880429664,0.03017952124818757,0.09236224807369398,0.1459989447547685,98204,53cb781f95f7327ffe1a92877f4282c13a83f4078cc3e3110eadddc3b28a70ab,three_row_sha256,7a5a3952bc85de01d757e362192f7f61367fc70f384feba9b174a520d7faab2d,8b3956404398690bbe02d2f590fbbfce2ca696f3e3b691ed979e35e9b8276d71,8b10f26c63efc1e7b779523080bc9e1215bab2b21d36db41ba7894df17ba36f1,0.2086919266730547,0.22864807397127151,0.22039609029889107,0.5383370444178581,0.13091904111206532,0.5949761252850294,0.16239192336797714,2.0843602251261473,0.0,0.0,8.57520685531199,1051.1070983484387,4394.0832645166665,214500,214500,,2.793683898093503,,False,False,ok
BNCI2014_001,resampled_spectral_normalized_power_s1,resampled,spectral,normalized_power,3,6398,430,500,500,1.0,22,253,0.00039023976425361316,0.019754487192878815,6.396501024100942,0.6271936404731034,37.280635952689664,37.280635952689664,0.0002027766538093366,2.793683898093503,0.0002658772155500244,0.00011224702637909595,0.0006982763781482101,5.854847542468792e-05,188.240737610482,5.716247880429664,0.03017952124818757,0.09236224807369398,0.1459989447547685,98633,d90c27a1dcfb86ab3f012ee85a9015de907a657f54636f1b1d34eadba28c334e,three_row_sha256,01483c1ba389a115c14ef5ac3a7cbfe154a0d98d43697d5f27a16318381ae7e5,8b3956404398690bbe02d2f590fbbfce2ca696f3e3b691ed979e35e9b8276d71,8b10f26c63efc1e7b779523080bc9e1215bab2b21d36db41ba7894df17ba36f1,0.2087438479065895,0.2201818861067295,0.219693873077631,0.5340671632438898,0.12998678721487522,0.8840898517519236,0.1618030946701765,2.358566503971815,0.0,0.0,7.66778108663857,1053.4656648524106,4401.751045603305,215000,215000,,2.793683898093503,,False,False,ok
BNCI2014_001,resampled_spectral_normalized_power_s1,resampled,spectral,normalized_power,3,6398,431,500,500,1.0,22,253,0.0004107388069956474,0.020266692058538992,6.373669686811086,0.6249549681899692,37.50450318100308,37.50450318100308,0.00021006446356370209,2.7936838980935033,0.0002718343743071703,0.00012256829554875133,0.000771473604571203,6.491775201183574e-05,188.24073761048203,5.716247880429664,0.03017952124818757,0.09236224807369398,0.1459989447547685,99063,2bd1b810f097187a2ee4a5cff7569eb2e72a3b5ba2e2b8aa5cedd90929ea7a5e,three_row_sha256,00f4662ab0f5af3afcbce10b8b04cda8079bef6ab691b361bd066e9c9f2d0f50,8b3956404398690bbe02d2f590fbbfce2ca696f3e3b691ed979e35e9b8276d71,8b10f26c63efc1e7b779523080bc9e1215bab2b21d36db41ba7894df17ba36f1,0.20368117839097977,0.22041797637939453,0.21829106844961643,0.5226628854870796,0.12895185500383377,0.7571431342512369,0.16088387928903103,2.212031977251172,0.0,0.0,8.265389129519463,1055.6776968296617,4410.016434732825,215500,215500,,2.793683898093503,,False,False,ok
BNCI2014_001,resampled_spectral_normalized_power_s1,resampled,spectral,normalized_power,3,6398,432,500,500,1.0,22,253,0.0004066321360502665,0.020165121771272956,6.370146403791027,0.6246095010829615,37.53904989170385,37.53904989170385,0.0002111283427847614,2.793683898093503,0.0002689626313888029,0.00012012463147283212,0.0007874254292252312,7.891413653975057e-05,188.24073761048203,5.716247880429664,0.03017952124818757,0.09236224807369398,0.1459989447547685,99494,f6384da75c0988da738995c37d57f77dd4c4de8f4fd0840e9d070f3abe13ded5,three_row_sha256,7c0866dacc1bd058fc9ca3c2005c3dca2a8757898dfb4d050abe40881cd27b33,8b3956404398690bbe02d2f590fbbfce2ca696f3e3b691ed979e35e9b8276d71,8b10f26c63efc1e7b779523080bc9e1215bab2b21d36db41ba7894df17ba36f1,0.20722206681966782,0.21958793513476849,0.21856208331882954,0.5338890478014946,0.12940284796059132,0.8659278973937035,0.16321707516908646,2.3378089535981417,0.0,0.0,8.818306028842926,1058.0155057832599,4418.8347407616675,216000,216000,,2.793683898093503,,False,False,ok
BNCI2014_001,resampled_spectral_normalized_power_s1,resampled,spectral,normalized_power,3,6398,433,500,500,1.0,22,253,0.0003814567420672997,0.019530917594094234,6.380578753180339,0.6256324202019481,37.43675797980519,37.43675797980519,0.000202489965456233,2.793683898093503,0.00026053627855840016,0.00010640208280151823,0.0007973487485900452,5.9434536816705055e-05,188.240737610482,5.716247880429664,0.03017952124818757,0.09236224807369398,0.1459989447547685,99926,fb71d5a4af372042761e4967c98069ac0af973c655cc1a85a7f2c990d58808bb,three_row_sha256,9ff0bc8fa94a4d20c786a44f80c0cc81ed6007d502ae36f8802c5975bbcc12d3,8b3956404398690bbe02d2f590fbbfce2ca696f3e3b691ed979e35e9b8276d71,8b10f26c63efc1e7b779523080bc9e1215bab2b21d36db41ba7894df17ba36f1,0.26391888968646526,0.22465107031166553,0.24175690487027168,0.6681059021502733,0.15251804143190384,0.6069329101592302,0.19451999105513096,2.352403709664941,0.0,0.0,7.6392050832509995,1060.3679094929248,4426.4739458449185,216500,216500,,2.793683898093503,,False,False,ok
BNCI2014_001,resampled_spectral_normalized_power_s1,resampled,spectral,normalized_power,3,6398,434,500,500,1.0,22,253,0.00041568467434158305,0.02038834653280111,6.374284477708177,0.625015250043974,37.4984749956026,37.4984749956026,0.00022837898688869712,2.793683898093503,0.0002625274261262188,0.00012687997235571246,0.0013385421354207205,6.456219067757846e-05,188.240737610482,5.716247880429664,0.03017952124818757,0.09236224807369398,0.1459989447547685,100359,b7fd3283b12a90b505c76672dcf2a8c61a3e2572bfbad60e1995aad59b55c903,three_row_sha256,b328a645f291c3e9d72b486d4d10aa0add81b7f3f5e8eca6f095c39b689792a2,8b3956404398690bbe02d2f590fbbfce2ca696f3e3b691ed979e35e9b8276d71,8b10f26c63efc1e7b779523080bc9e1215bab2b21d36db41ba7894df17ba36f1,0.20867004059255123,0.21995208226144314,0.22799684666097164,0.5396830383688211,0.13053417205810547,0.8586880285292864,0.16257795505225658,2.3481021635234356,0.0,0.0,8.248334983363748,1062.7160116564482,4434.722280828282,217000,217000,,2.793683898093503,,False,False,ok
BNCI2014_001,resampled_spectral_normalized_power_s1,resampled,spectral,normalized_power,3,6398,435,500,500,1.0,22,253,0.0003889361645268613,0.019721464563435986,6.389955849628204,0.6265518690124844,37.344813098751565,37.344813098751565,0.00020190522594526987,2.793683898093503,0.00026495485917890583,0.00011224045646105497,0.0006641718853493148,5.8926605442662637e-05,188.24073761048206,5.716247880429664,0.03017952124818757,0.09236224807369398,0.1459989447547685,100793,b47f9b0a6b0c44d2b53c62a3780195103122260d8e7ad1213c119f58f4639a66,three_row_sha256,cc7e2ca59cd4d0835593829a9f9f6072f6e4d74f776923f7aeffc0884dd0c7d7,8b3956404398690bbe02d2f590fbbfce2ca696f3e3b691ed979e35e9b8276d71,8b10f26c63efc1e7b779523080bc9e1215bab2b21d36db41ba7894df17ba36f1,0.2137820702046156,0.2213539555668831,0.22366992197930813,0.5470558535307646,0.13402500189840794,0.8651269599795341,0.16375398263335228,2.3687677457928658,0.0,0.0,8.250697050243616,1065.084779402241,4442.972977878526,217500,217500,,2.793683898093503,,False,False,ok
BNCI2014_001,resampled_spectral_normalized_power_s1,resampled,spectral,normalized_power,3,6398,436,500,500,1.0,22,253,0.0003979390787770113,0.019948410432337995,6.37996817147154,0.6255725510698545,37.44274489301454,37.44274489301454,0.00020912242662672728,2.793683898093503,0.00026545321160723913,0.0001155983596924782,0.0007885940625818668,6.514654560272118e-05,188.24073761048203,5.716247880429664,0.03017952124818757,0.09236224807369398,0.1459989447547685,101228,4d3ed703d0686ac84ff1f01117e7bff71cbbd9028fe52451b05078195937794b,three_row_sha256,843cf062a75df03e04fa142cd7181dd767c6a425799f5bd12f8c57b86e4a23f3,8b3956404398690bbe02d2f590fbbfce2ca696f3e3b691ed979e35e9b8276d71,8b10f26c63efc1e7b779523080bc9e1215bab2b21d36db41ba7894df17ba36f1,0.20506279543042183,0.22063404321670532,0.21953298710286617,0.5316089373081923,0.13883388601243496,0.7082910742610693,0.16502896323800087,2.1889926865696907,0.0,0.0,8.109407033771276,1067.2737720888108,4451.082384912297,218000,218000,,2.793683898093503,,False,False,ok
BNCI2014_001,resampled_spectral_normalized_power_s1,resampled,spectral,normalized_power,3,6398,437,500,500,1.0,22,253,0.0004065785133792214,0.020163792137869837,6.368917687570666,0.624489022246727,37.5510977753273,37.5510977753273,0.00021021028770030608,2.793683898093503,0.0002694915716383517,0.00011906560091856054,0.0008185933130717795,5.6387717478463286e-05,188.24073761048203,5.716247880429664,0.03017952124818757,0.09236224807369398,0.1459989447547685,101664,f5e74e369ab29a3021aef894c66574828686401b7b3164c2b19e4c59138ba7ac,three_row_sha256,3faab47aac70c489d0b0247ffcf529543e8d8ac97b252390b07aefc169d4d37b,8b3956404398690bbe02d2f590fbbfce2ca696f3e3b691ed979e35e9b8276d71,8b10f26c63efc1e7b779523080bc9e1215bab2b21d36db41ba7894df17ba36f1,0.21491199731826782,0.2188161015510559,0.2179010771214962,0.5323970690369606,0.12773904018104076,0.8670380339026451,0.1607618760317564,2.339565195143223,0.0,0.0,7.905703969299793,1069.613337283954,4458.988088881597,218500,218500,,2.793683898093503,,False,False,ok
BNCI2014_001,resampled_spectral_normalized_power_s1,resampled,spectral,normalized_power,3,6398,438,500,500,1.0,22,253,0.000402287108292811,0.02005709620789637,6.3842875121152005,0.6259960737070798,37.40039262929202,37.40039262929202,0.00020897218006938272,2.793683898093503,0.0002672623373647563,0.00011737474558593363,0.0007707073506353604,5.913120758207843e-05,188.240737610482,5.716247880429665,0.03017952124818757,0.09236224807369398,0.1459989447547685,102101,b1b2ac0dc782db7aa18d6ffc8820d84c69b6761ec1d0441d9f7b2e9371b7fae8,three_row_sha256,db62ef831124c4dce0b866834d3bd8b467b8b3dadea180b584f369b0a648eab9,8b3956404398690bbe02d2f590fbbfce2ca696f3e3b691ed979e35e9b8276d71,8b10f26c63efc1e7b779523080bc9e1215bab2b21d36db41ba7894df17ba36f1,0.21401187404990196,0.22193207405507565,0.22283918224275112,0.533033162355423,0.13151578605175018,0.5586228799074888,0.16124406829476357,2.0431990269571543,0.0,0.0,9.632196044549346,1071.6565363109112,4468.620284926146,219000,219000,,2.793683898093503,,False,False,ok
BNCI2014_001,resampled_spectral_normalized_power_s1,resampled,spectral,normalized_power,3,6398,439,500,500,1.0,22,253,0.00040326226571161703,0.020081391030295114,6.377083440229206,0.6252896956332887,37.47103043667113,37.47103043667113,0.0002082652668946101,2.793683898093503,0.0002731343687549782,0.00011421832605343268,0.0007508745136775214,7.026671264140228e-05,188.240737610482,5.716247880429664,0.03017952124818757,0.09236224807369398,0.1459989447547685,102539,60cefd613d71a5708d8e8710d9b35b094224b8152c59352285ee3ca4c3c13e40,three_row_sha256,5c64290ca0c04be900ec6f199398d92bf2f191facd42f7fee71cf4f3584800df,8b3956404398690bbe02d2f590fbbfce2ca696f3e3b691ed979e35e9b8276d71,8b10f26c63efc1e7b779523080bc9e1215bab2b21d36db41ba7894df17ba36f1,0.25914283469319344,0.22466410882771015,0.23898296058177948,0.6613009609282017,0.15451200306415558,0.6263721734285355,0.204161973670125,2.369137015193701,0.0,0.0,9.517900878563523,1074.0256733261049,4478.13818580471,219500,219500,,2.793683898093503,,False,False,ok
BNCI2014_001,resampled_spectral_normalized_power_s1,resampled,spectral,normalized_power,3,6398,440,500,500,1.0,22,253,0.0003791689401215731,0.01947226078609192,6.3728220000210465,0.6248718502850673,37.51281497149326,37.51281497149326,0.00020598261670080347,2.793683898093503,0.0002542567986917532,0.00010743748498854467,0.0008627287694806271,6.789697181655883e-05,188.24073761048203,5.716247880429664,0.03017952124818757,0.09236224807369398,0.1459989447547685,102978,0dba8347de6284eca0680abd8957623c396d3b4a49c5c6829e45e9d1e33963fa,three_row_sha256,df3abea23a352b104dcd44daef9b02787b115c10c3763fa0667d6bc70f3cb43f,8b3956404398690bbe02d2f590fbbfce2ca696f3e3b691ed979e35e9b8276d71,8b10f26c63efc1e7b779523080bc9e1215bab2b21d36db41ba7894df17ba36f1,0.2371738664805889,0.22473186254501343,0.23235008120536804,0.5724621005356312,0.13425806537270546,0.5595739930868149,0.18158601596951485,2.1421359851956367,0.0,0.0,8.594023995101452,1076.1678093113005,4486.732209799811,220000,220000,,2.793683898093503,,False,False,ok
BNCI2014_001,resampled_spectral_normalized_power_s1,resampled,spectral,normalized_power,3,6398,441,500,500,1.0,22,253,0.00037732547072775915,0.01942486732844678,6.384033599397413,0.625971176901587,37.4028823098413,37.4028823098413,0.00020226005307814483,2.793683898093503,0.00025807856187969405,0.00010422585830966622,0.0007534579459116351,6.611850314737665e-05,188.240737610482,5.716247880429664,0.03017952124818757,0.09236224807369398,0.1459989447547685,103418,4c92a329dd018933a4dba1ad38a1f89e6447b5f5a0eb9e13110cd1518a399a52,three_row_sha256,944654e616f9ff2091c0f781668d8dd923c22fdcab1860227cba3a30a85478e6,8b3956404398690bbe02d2f590fbbfce2ca696f3e3b691ed979e35e9b8276d71,8b10f26c63efc1e7b779523080bc9e1215bab2b21d36db41ba7894df17ba36f1,0.21792110055685043,0.22157211787998676,0.22383220493793488,0.5609260406345129,0.13580499216914177,0.7366091012954712,0.17195590771734715,2.268621465191245,0.0,0.0,8.280660025775433,1078.4364307764918,4495.012869825587,220500,220500,,2.793683898093503,,False,False,ok
BNCI2014_001,resampled_spectral_normalized_power_s1,resampled,spectral,normalized_power,3,6398,442,500,500,1.0,22,253,0.0004061046265352134,0.020152037776245198,6.382636836643174,0.6258342206635737,37.41657793364262,37.41657793364262,0.00021596838099827083,2.793683898093503,0.00026934672942082507,0.000116715714324951,0.0010133187662137292,5.109211371985586e-05,188.24073761048203,5.716247880429664,0.03017952124818757,0.09236224807369398,0.1459989447547685,103859,b16fe3baa76c4a1f7f5e84324fc3a6fec533c1176be2d4ddad59ff62200bb52b,three_row_sha256,7f90311db8428fec33734146a73e30a77b43ed1b625131aa1f512d196f653995,8b3956404398690bbe02d2f590fbbfce2ca696f3e3b691ed979e35e9b8276d71,8b10f26c63efc1e7b779523080bc9e1215bab2b21d36db41ba7894df17ba36f1,0.21680397912859917,0.22212299518287182,0.22293301299214363,0.5445519927889109,0.13357889838516712,0.7993869949132204,0.17245695926249027,2.3118348326534033,0.0,0.0,8.069705916568637,1080.7482656091452,4503.082575742155,221000,221000,,2.793683898093503,,False,False,ok
BNCI2014_001,resampled_spectral_normalized_power_s1,resampled,spectral,normalized_power,3,6398,443,500,500,1.0,22,253,0.0003833115214544954,0.019578343174397966,6.367372887937969,0.6243375506059374,37.56624493940625,37.56624493940625,0.0002027537903284073,2.793683898093503,0.00025962709173953655,0.0001092213683498112,0.0007091986842704897,6.555526951443225e-05,188.24073761048203,5.716247880429664,0.03017952124818757,0.09236224807369398,0.1459989447547685,104301,6e63fc9212aa5fec652b08f9e5c74c5246212588702d172b164ad5f31b9a0ea8,three_row_sha256,a82c74c57723f615f66ecd59de29790faba8bc10d3d87f66c44a63d05a9bb854,8b3956404398690bbe02d2f590fbbfce2ca696f3e3b691ed979e35e9b8276d71,8b10f26c63efc1e7b779523080bc9e1215bab2b21d36db41ba7894df17ba36f1,0.2135180402547121,0.21901912987232208,0.21935487166047096,0.5377370398491621,0.1286070328205824,0.6959070451557636,0.15962612815201283,2.173769287765026,0.0,0.0,7.926471997052431,1082.9220348969102,4511.009047739208,221500,221500,,2.793683898093503,,False,False,ok
BNCI2014_001,resampled_spectral_normalized_power_s1,resampled,spectral,normalized_power,3,6398,444,500,500,1.0,22,253,0.0003904007179674593,0.019758560624890148,6.362533253502812,0.6238630118028468,37.613698819715324,37.613698819715324,0.00020353870163734256,2.793683898093503,0.0002648396987648753,0.00011047941964555126,0.0007157215497438932,6.139826843591974e-05,188.240737610482,5.716247880429664,0.03017952124818757,0.09236224807369398,0.1459989447547685,104744,31d5574422460dfddc52fb75e96e8bb690985e917e93057d411e4e5888bc316a,three_row_sha256,bfa5bd302a50b33aaeb87fc7afcbb77c46b6a83d26ddc2c6d0a34d163f4d7095,8b3956404398690bbe02d2f590fbbfce2ca696f3e3b691ed979e35e9b8276d71,8b10f26c63efc1e7b779523080bc9e1215bab2b21d36db41ba7894df17ba36f1,0.2073140349239111,0.22027711383998394,0.21967384964227676,0.535663915798068,0.12844707816839218,0.8295190054923296,0.16265502199530602,2.3035500198602676,0.0,0.0,8.176584029570222,1085.2255849167705,4519.185631768778,222000,222000,,2.793683898093503,,False,False,ok
BNCI2014_001,resampled_spectral_normalized_power_s1,resampled,spectral,normalized_power,3,6398,445,500,500,1.0,22,253,0.0004026025509084908,0.020064958283248207,6.368191150960706,0.6244177834335664,37.55822165664337,37.55822165664337,0.000214604859836215,2.793683898093503,0.0002626773368505296,0.00011935097354362975,0.00092910881360625,7.112598144302403e-05,188.24073761048203,5.716247880429664,0.03017952124818757,0.09236224807369398,0.1459989447547685,105188,be64c177ee3d28a436dbead81ecfb36f716ef67cb62d4a8ddc4225ef8fbb58b3,three_row_sha256,98a3471b35384974b8590eb3cf1891d6a9285c533e45c81391e25a3f84190866,8b3956404398690bbe02d2f590fbbfce2ca696f3e3b691ed979e35e9b8276d71,8b10f26c63efc1e7b779523080bc9e1215bab2b21d36db41ba7894df17ba36f1,0.21348311565816402,0.21912087686359882,0.21932902745902538,0.5345169920474291,0.12800400145351887,0.955505995079875,0.16085500828921795,2.430815016850829,0.0,0.0,10.063593043014407,1087.6563999336213,4529.249224811792,222500,222500,,2.793683898093503,,False,False,ok
BNCI2014_001,resampled_spectral_normalized_power_s1,resampled,spectral,normalized_power,3,6398,446,500,500,1.0,22,253,0.00040636904962767985,0.02015859741221298,6.3715972133672265,0.6247517567531008,37.524824324689924,37.524824324689924,0.00020995017868613857,2.793683898093503,0.0002716502981794698,0.0001176044872850352,0.0008585660930960364,7.749184183970388e-05,188.240737610482,5.716247880429664,0.03017952124818757,0.09236224807369398,0.1459989447547685,105633,ceb527278e0227dc649771df6d726552bb83bbe0186fd9efe923ac4d458de579,three_row_sha256,1ceb413831f10f75edbac7e3d787d276463ec606ac5b09b8ac3b4712a0e49135,8b3956404398690bbe02d2f590fbbfce2ca696f3e3b691ed979e35e9b8276d71,8b10f26c63efc1e7b779523080bc9e1215bab2b21d36db41ba7894df17ba36f1,0.22605201229453087,0.22225314751267433,0.2251928672194481,0.5650632083415985,0.13506505638360977,0.6089969538152218,0.1746220514178276,2.157245296984911,0.0,0.0,8.063988061621785,1089.8136452306062,4537.313212873414,223000,223000,,2.793683898093503,,False,False,ok
BNCI2014_001,resampled_spectral_normalized_power_s1,resampled,spectral,normalized_power,3,6398,447,500,500,1.0,22,253,0.00039639829704800746,0.019909753816860908,6.362042059649641,0.6238148489619768,37.618515103802316,37.618515103802316,0.00020945555772970513,2.793683898093503,0.00026481942372633805,0.0001142315541897037,0.0008676894369176316,5.060928327674351e-05,188.24073761048206,5.716247880429665,0.03017952124818757,0.09236224807369398,0.1459989447547685,106079,5dbc2905310da38e62c504db1f27899fac04e205e15b376cecbbb4079ee5e4e6,three_row_sha256,8790ce6ae2c8117aeb4e8001498a12ffd8cb276d0e5336641da829e5c1c6fc74,8b3956404398690bbe02d2f590fbbfce2ca696f3e3b691ed979e35e9b8276d71,8b10f26c63efc1e7b779523080bc9e1215bab2b21d36db41ba7894df17ba36f1,0.21673995070159435,0.2192759420722723,0.21971692331135273,0.5378969945013523,0.1296249683946371,0.6845260504633188,0.1594561617821455,2.167236991226673,0.0,0.0,7.624719059094787,1091.9808822218329,4544.937931932509,223500,223500,,2.793683898093503,,False,False,ok
BNCI2014_001,resampled_spectral_normalized_power_s1,resampled,spectral,normalized_power,3,6398,448,500,500,1.0,22,253,0.0003867780685344511,0.01966667405878409,6.368410696794823,0.6244393104763092,37.55606895236908,37.55606895236908,0.0002062047937907597,2.793683898093503,0.000259107795187576,0.00011007544908456502,0.0007904325604676111,6.909414856046489e-05,188.240737610482,5.716247880429665,0.03017952124818757,0.09236224807369398,0.1459989447547685,106526,3e6812e091d05c3ffc23af821e4c89e7f946000fba50d46dfab1bee251cd2976,three_row_sha256,36798046aee08e728f5e0fdd8e967b1ff569196f226e8b2a24358db530cc7734,8b3956404398690bbe02d2f590fbbfce2ca696f3e3b691ed979e35e9b8276d71,8b10f26c63efc1e7b779523080bc9e1215bab2b21d36db41ba7894df17ba36f1,0.22369087673723698,0.22059399634599686,0.22166618146002293,0.5520260892808437,0.1320492010563612,0.7322330493479967,0.16373000107705593,2.2459893953055143,0.0,0.0,7.601052988320589,1094.2268716171384,4552.5389849208295,224000,224000,,2.793683898093503,,False,False,ok
BNCI2014_001,resampled_spectral_normalized_power_s1,resampled,spectral,normalized_power,3,6398,449,500,500,1.0,22,253,0.00039958723229589744,0.019989678143879593,6.349882088228699,0.6226225319882417,37.73774680117583,37.73774680117583,0.00020918708556124554,2.793683898093503,0.0002692596503216151,0.00011466973089178994,0.0007773534310010014,5.2105948403027014e-05,188.24073761048203,5.716247880429664,0.03017952124818757,0.09236224807369398,0.1459989447547685,106974,8e89ccffdf8d7b6e7c81ff91d18a004591746468644db78cc0217b4518cae07f,three_row_sha256,44fa0e0afa6589c6f43e5149ec2ce0891a509d9fedf4603da06d76771b6a9ee3,8b3956404398690bbe02d2f590fbbfce2ca696f3e3b691ed979e35e9b8276d71,8b10f26c63efc1e7b779523080bc9e1215bab2b21d36db41ba7894df17ba36f1,0.21527288481593132,0.21966313943266869,0.21857395768165588,0.5331141874194145,0.12649293057620525,0.7440170738846064,0.15797116793692112,2.215105341747403,0.0,0.0,8.608049945905805,1096.4419769588858,4561.147034866735,224500,224500,,2.793683898093503,,False,False,ok
BNCI2014_001,resampled_spectral_normalized_power_s1,resampled,spectral,normalized_power,3,6398,450,500,500,1.0,22,253,0.00040999170292208844,0.020248251848544566,6.339576053960778,0.6216119983969888,37.838800160301126,37.838800160301126,0.00021922136686608397,2.793683898093503,0.00026338584590969514,0.00012357675917937824,0.0009773918035712163,6.532527724832363e-05,188.24073761048203,5.716247880429664,0.03017952124818757,0.09236224807369398,0.1459989447547685,107423,89250bf0db8576287e128d5d58327bcdcf1f3f931f42604de6144b20cc0531cb,three_row_sha256,99b3550e59d65fecaaf98a1b65035e2d3769e373f842f0a88c99a4c47812d0f7,8b3956404398690bbe02d2f590fbbfce2ca696f3e3b691ed979e35e9b8276d71,8b10f26c63efc1e7b779523080bc9e1215bab2b21d36db41ba7894df17ba36f1,0.20853406749665737,0.2186410129070282,0.2184309996664524,0.5292450077831745,0.12680888175964355,0.8515208028256893,0.16006710939109325,2.3132478818297386,0.0,0.0,9.218855993822217,1098.7552248407155,4570.365890860558,225000,225000,,2.793683898093503,,False,False,ok
BNCI2014_001,resampled_spectral_normalized_power_s1,resampled,spectral,normalized_power,3,6398,451,500,500,1.0,22,253,0.00040722678493862246,0.020179860875105718,6.353476512741016,0.6229749747044692,37.70250252955308,37.70250252955308,0.0002184544976078953,2.793683898093503,0.0002618402900736769,0.00012218410951314783,0.0009828018981570246,7.099596269288791e-05,188.24073761048203,5.716247880429664,0.03017952124818757,0.09236224807369398,0.1459989447547685,107873,abfd2709844257e0b03abae74627e5d3d764de7d3e0a50ed8556ce6b3f94895e,three_row_sha256,5ce95e8242e8299409b182a91016b76ed66f57758f919a346abc9739ae98b5de,8b3956404398690bbe02d2f590fbbfce2ca696f3e3b691ed979e35e9b8276d71,8b10f26c63efc1e7b779523080bc9e1215bab2b21d36db41ba7894df17ba36f1,0.2093929797410965,0.2210121601819992,0.2216249704360962,0.5475219804793596,0.1325660850852728,0.7752678357064724,0.17162994481623173,2.2790159564465284,0.0,0.0,10.371327167376876,1101.034240797162,4580.737218027934,225500,225500,,2.793683898093503,,False,False,ok
BNCI2014_001,resampled_spectral_normalized_power_s1,resampled,spectral,normalized_power,3,6398,452,500,500,1.0,22,253,0.00039182931839257555,0.01979467904242389,6.3568304323945615,0.6233038352908171,37.669616470918285,37.669616470918285,0.0002095705096773189,2.793683898093503,0.00026151667881241735,0.00011166729271905237,0.0008542297672207793,5.537174640213359e-05,188.24073761048203,5.716247880429664,0.03017952124818757,0.09236224807369398,0.1459989447547685,108324,30ef778eb0ac0036180050ed42fe717a4364726b0409c488c0be5a819fbfbcaa,three_row_sha256,57cae665e9254e18927ad3c3ab8ddd5dfb883250b9b815ee6bad27fe058af606,8b3956404398690bbe02d2f590fbbfce2ca696f3e3b691ed979e35e9b8276d71,8b10f26c63efc1e7b779523080bc9e1215bab2b21d36db41ba7894df17ba36f1,0.24009309709072113,0.22545503452420235,0.23588095791637897,0.5827781278640032,0.13632699847221375,0.5739899352192879,0.19283615984022617,2.1873603109270334,0.0,0.0,8.421450154855847,1103.221601108089,4589.15866818279,226000,226000,,2.793683898093503,,False,False,ok
BNCI2014_001,resampled_spectral_normalized_power_s1,resampled,spectral,normalized_power,3,6398,453,500,500,1.0,22,253,0.00039422508542158566,0.019855102251602374,6.354850400040176,0.6231096879443346,37.689031205566536,37.689031205566536,0.00020392825209121154,2.793683898093503,0.00027033305180950345,0.00011237227504140477,0.0007196113692546818,7.600453762970642e-05,188.240737610482,5.716247880429665,0.03017952124818757,0.09236224807369398,0.1459989447547685,108776,4777c38a0c9ea9eeb1c6f68056b08c2b26348fed52acbedf8fe63fdebc18b3e4,three_row_sha256,56a9f377f6e96b6805e8153779a815568a32cb04206575466e651d8866138590,8b3956404398690bbe02d2f590fbbfce2ca696f3e3b691ed979e35e9b8276d71,8b10f26c63efc1e7b779523080bc9e1215bab2b21d36db41ba7894df17ba36f1,0.24211895652115345,0.22774189710617065,0.23782998323440552,0.597609905526042,0.14147721230983734,0.8270570542663336,0.19143382087349892,2.4652688298374414,0.0,0.0,8.495880989357829,1105.6868699379265,4597.654549172148,226500,226500,,2.793683898093503,,False,False,ok
BNCI2014_001,resampled_spectral_normalized_power_s1,resampled,spectral,normalized_power,3,6398,454,500,500,1.0,22,253,0.0004061371841593331,0.020152845559854148,6.337050832757966,0.6213643938592541,37.863560614074586,37.863560614074586,0.00021663014357925929,2.793683898093503,0.00026767233518927114,0.0001183178707183294,0.0009157877067008397,7.5548478578423e-05,188.240737610482,5.716247880429664,0.03017952124818757,0.09236224807369398,0.1459989447547685,109229,8a60abaeb83c155d8fe2dbeeba310e17c87cffc83dbd848edf618552e6af8802,three_row_sha256,fc294e2c2c41635a3d21f3c101cccb2cc2913f7ae4ed83b89b5864c820164120,8b3956404398690bbe02d2f590fbbfce2ca696f3e3b691ed979e35e9b8276d71,8b10f26c63efc1e7b779523080bc9e1215bab2b21d36db41ba7894df17ba36f1,0.253103906288743,0.22454001009464264,0.23882719688117504,0.5873760674148798,0.13849185779690742,0.8760669734328985,0.178581103682518,2.4969871155917645,0.0,0.0,7.977463072165847,1108.1838570535183,4605.632012244314,227000,227000,,2.793683898093503,,False,False,ok
BNCI2014_001,resampled_spectral_normalized_power_s1,resampled,spectral,normalized_power,3,6398,455,500,500,1.0,22,253,0.00039562555849719536,0.019890338320330183,6.339406607635287,0.6215953837419845,37.840461625801545,37.840461625801545,0.00021277308224492423,2.793683898093503,0.00026164198417574845,0.0001133881003798713,0.0009006256937911042,6.617599195907044e-05,188.24073761048203,5.716247880429664,0.03017952124818757,0.09236224807369398,0.1459989447547685,109683,9ca8b50c3991a4323ba0d48cc8c265cf7a27434b10fc44357662914b9e98cc92,three_row_sha256,1f2244a44e93a232377510c5324fa03ecfc1cad84c466f132ee8f649685b75f5,8b3956404398690bbe02d2f590fbbfce2ca696f3e3b691ed979e35e9b8276d71,8b10f26c63efc1e7b779523080bc9e1215bab2b21d36db41ba7894df17ba36f1,0.2292790450155735,0.22391206584870815,0.22844900377094746,0.5744230002164841,0.13557495549321175,0.6454570684581995,0.18098996952176094,2.2180851083248854,0.0,0.0,8.116826880723238,1110.4019421618432,4613.748839125037,227500,227500,,2.793683898093503,,False,False,ok
BNCI2014_001,resampled_spectral_normalized_power_s1,resampled,spectral,normalized_power,3,6398,456,500,500,1.0,22,253,0.00040575669265395064,0.020143403204373155,6.341885510642307,0.621838446659585,37.816155334041504,37.816155334041504,0.00021235695758686516,2.793683898093503,0.00026873276226657336,0.00011887818498610672,0.0008062684129189796,6.800300986432478e-05,188.24073761048203,5.716247880429664,0.03017952124818757,0.09236224807369398,0.1459989447547685,110138,15459b97e58f5ceb168b26691797837888cf140504e4e2179f76dc7910de79b8,three_row_sha256,93e2720b7f9b78430bd064ed001c6eacbb78a0f33c3f3902a4641134fb0db54c,8b3956404398690bbe02d2f590fbbfce2ca696f3e3b691ed979e35e9b8276d71,8b10f26c63efc1e7b779523080bc9e1215bab2b21d36db41ba7894df17ba36f1,0.22309599444270134,0.22530090063810349,0.2245039213448763,0.578003004193306,0.13557588681578636,0.5933891516178846,0.1717719715088606,2.1516408305615187,0.0,0.0,8.594919927418232,1112.5535829924047,4622.343759052455,228000,228000,,2.793683898093503,,False,False,ok
BNCI2014_001,resampled_spectral_normalized_power_s1,resampled,spectral,normalized_power,3,6398,457,500,500,1.0,22,253,0.0004160936672279425,0.020398374131972933,6.3302373916709165,0.6206963181560792,37.93036818439209,37.93036818439209,0.00022561664894836734,2.793683898093503,0.0002692773653653263,0.00012113429304800886,0.0012108763804711813,7.807761876300567e-05,188.24073761048203,5.716247880429664,0.03017952124818757,0.09236224807369398,0.1459989447547685,110594,dc2452e2226d45fe36448d22d05b088416086362c8740b7ba9bdede8e8b55090,three_row_sha256,69cff7c2f4ec91c7de9bce7e5aac5f91b7c62d29e84558a5caaa5224eb1b67ad,8b3956404398690bbe02d2f590fbbfce2ca696f3e3b691ed979e35e9b8276d71,8b10f26c63efc1e7b779523080bc9e1215bab2b21d36db41ba7894df17ba36f1,0.2532750368118286,0.22765318863093853,0.24238298647105694,0.600077910348773,0.1375088468194008,0.6213691085577011,0.1867339015007019,2.269000979140401,0.0,0.0,11.210828088223934,1114.822583971545,4633.554587140679,228500,228500,,2.793683898093503,,False,False,ok
BNCI2014_001,resampled_spectral_normalized_power_s1,resampled,spectral,normalized_power,3,6398,458,500,500,1.0,22,253,0.00039876993406797,0.0199692246736815,6.335169347288339,0.6211799092923407,37.88200907076593,37.88200907076593,0.00020989162119788732,2.793683898093503,0.0002641965990904136,0.00011680776868651125,0.000874546250386535,6.557549551075689e-05,188.240737610482,5.716247880429664,0.03017952124818757,0.09236224807369398,0.1459989447547685,111051,e7a11655d0e99c592706af19d5a2c497d83a412923e20c215cfed7049168fc1c,three_row_sha256,a1f04e5c392856945cf364821af8d4379959ed3d59777f42b3c6de02163f6927,8b3956404398690bbe02d2f590fbbfce2ca696f3e3b691ed979e35e9b8276d71,8b10f26c63efc1e7b779523080bc9e1215bab2b21d36db41ba7894df17ba36f1,0.2663589548319578,0.22840406745672226,0.24732016026973724,0.5989850033074617,0.1415798906236887,0.6273312028497458,0.18639001064002514,2.2963692899793386,0.0,0.0,8.0307861790061,1117.1189532615244,4641.5853733196855,229000,229000,,2.793683898093503,,False,False,ok
BNCI2014_001,resampled_spectral_normalized_power_s1,resampled,spectral,normalized_power,3,6398,459,500,500,1.0,22,253,0.00038905107094987647,0.019724377580797738,6.334253800360543,0.6210901375236025,37.890986247639745,37.890986247639745,0.00020293192168900485,2.793683898093503,0.0002655554261848249,0.00011057973216742903,0.0006969605235834884,8.508811071201655e-05,188.24073761048203,5.716247880429664,0.03017952124818757,0.09236224807369398,0.1459989447547685,111509,b2b18d0134bce36b9fcb6993902f9f482376723fed1cf3a9ad578bcc19c5bdc2,three_row_sha256,f2f65aabf1348ef0ba17e6811264548d917b7ee6d71bfff133a1e3a91b956c4a,8b3956404398690bbe02d2f590fbbfce2ca696f3e3b691ed979e35e9b8276d71,8b10f26c63efc1e7b779523080bc9e1215bab2b21d36db41ba7894df17ba36f1,0.21848897449672222,0.2224280033260584,0.22317911498248577,0.5653658881783485,0.13423594646155834,1.2516230344772339,0.172747066244483,2.78806802816689,0.0,0.0,9.086509933695197,1119.9070212896913,4650.671883253381,229500,229500,,2.793683898093503,,False,False,ok
BNCI2014_001,resampled_spectral_normalized_power_s1,resampled,spectral,normalized_power,3,6398,460,500,500,1.0,22,253,0.00037495305907016144,0.01936370468350934,6.335219382679417,0.6211848153931863,37.88151846068138,37.88151846068138,0.00019927500785308622,2.793683898093503,0.0002576062421680628,0.00010480343994262128,0.0007168728906357699,6.009302549774947e-05,188.240737610482,5.716247880429664,0.03017952124818757,0.09236224807369398,0.1459989447547685,111968,f09d620f77aba44a167469cb9820d0a02a701bb01e27aef63c5839d95d4cc3cb,three_row_sha256,a8dbd7df345a8134c322b18454752bff24aac659ad907fe219978f65f1a35f7c,8b3956404398690bbe02d2f590fbbfce2ca696f3e3b691ed979e35e9b8276d71,8b10f26c63efc1e7b779523080bc9e1215bab2b21d36db41ba7894df17ba36f1,0.2463189885020256,0.23515289649367332,0.23745722137391567,0.6037720013409853,0.13742595911026,0.6187090184539557,0.18328195437788963,2.262118039652705,0.0,0.0,8.67435010150075,1122.169139329344,4659.346233354881,230000,230000,,2.793683898093503,,False,False,ok
BNCI2014_001,resampled_spectral_normalized_power_s1,resampled,spectral,normalized_power,3,6398,461,500,500,1.0,22,253,0.00041101848631508507,0.020273590858924946,6.33289441233227,0.6209568459751365,37.90431540248636,37.90431540248636,0.0002152473544001125,2.793683898093503,0.000270757828728215,0.00012086087715862165,0.0008989937605357692,5.287087683484072e-05,188.24073761048203,5.716247880429664,0.03017952124818757,0.09236224807369398,0.1459989447547685,112428,0b2c83898783b2eac0c780bb0853ffdc66b4d4e3762bcd9bcf09ef926a4621a1,three_row_sha256,f35d2bcb96aaadcf9aec10c2cdc5e4ad27171f88e889b9d5153ef77e1d22615d,8b3956404398690bbe02d2f590fbbfce2ca696f3e3b691ed979e35e9b8276d71,8b10f26c63efc1e7b779523080bc9e1215bab2b21d36db41ba7894df17ba36f1,0.24653784930706024,0.23126904852688313,0.23439712822437286,0.7339050062000751,0.2780761569738388,0.7531449664384127,0.1856628805398941,2.662993036210537,0.0,0.0,8.19355808198452,1124.8321323655546,4667.539791436866,230500,230500,,2.793683898093503,,False,False,ok
BNCI2014_001,resampled_spectral_normalized_power_s1,resampled,spectral,normalized_power,3,6398,462,500,500,1.0,22,253,0.0003797208913191095,0.019486428387960414,6.331000256997451,0.6207711190948326,37.92288809051674,37.92288809051674,0.0002072955947863248,2.793683898093503,0.0002543512659017825,0.00010756621833134441,0.0008811932930899646,6.39543439264588e-05,188.24073761048203,5.716247880429664,0.03017952124818757,0.09236224807369398,0.1459989447547685,112889,a6948deab376777f9fb0c77d5be45967d7242eefa865cb4613d0f8b78ecd3a6a,three_row_sha256,c155ea77c9a069d66a32ffe31d0c9e0c19b0ad7d0d46dfa8d783dccda3544a39,8b3956404398690bbe02d2f590fbbfce2ca696f3e3b691ed979e35e9b8276d71,8b10f26c63efc1e7b779523080bc9e1215bab2b21d36db41ba7894df17ba36f1,0.24863798171281815,0.22680405527353287,0.24225306697189808,0.6015230901539326,0.13863318599760532,0.6068910006433725,0.18340605311095715,2.2481484338641167,0.0,0.0,8.423606865108013,1127.0802807994187,4675.963398301974,231000,231000,,2.793683898093503,,False,False,ok
BNCI2014_001,resampled_spectral_normalized_power_s1,resampled,spectral,normalized_power,3,6398,463,500,500,1.0,22,253,0.00038725122763279377,0.019678699846097398,6.314707069648367,0.6191735294986019,38.082647050139805,38.082647050139805,0.00020532104444040904,2.793683898093503,0.00026492172669692106,0.00010837068440934985,0.0008049058144323902,5.933410266644228e-05,188.24073761048203,5.716247880429664,0.03017952124818757,0.09236224807369398,0.1459989447547685,113351,bf912210c7f2e5eb4327820afac0f60a9ed99aadc06ac5baaa946e01b7ad0849,three_row_sha256,6aa3ec7a5f7d7459407f325f4f005bc36a3cfec0145b4c79cd07d86037d1897d,8b3956404398690bbe02d2f590fbbfce2ca696f3e3b691ed979e35e9b8276d71,8b10f26c63efc1e7b779523080bc9e1215bab2b21d36db41ba7894df17ba36f1,0.22693886421620846,0.22326200269162655,0.2319980412721634,0.5788549315184355,0.13662106357514858,0.7805679924786091,0.31524081714451313,2.4934837128967047,0.0,0.0,9.73034999333322,1129.5737645123154,4685.693748295307,231500,231500,,2.793683898093503,,False,False,ok
BNCI2014_001,resampled_spectral_normalized_power_s1,resampled,spectral,normalized_power,3,6398,464,500,500,1.0,22,253,0.00039233961272959093,0.01980756453301594,6.325385188075644,0.620220546913994,37.9779453086006,37.9779453086006,0.00020437729142040004,2.793683898093503,0.000264929084837115,0.00011434631565028973,0.0007211450635490912,5.841467817309608e-05,188.24073761048206,5.716247880429664,0.03017952124818757,0.09236224807369398,0.1459989447547685,113814,d2dfc319b3834ad03eebb1544dd70b132ec6d90d6744ea08dd9d4b5705d0159c,three_row_sha256,201dc760622f45c66d2e816f84150fea7e942da6b3d704321229fed0cada52b0,8b3956404398690bbe02d2f590fbbfce2ca696f3e3b691ed979e35e9b8276d71,8b10f26c63efc1e7b779523080bc9e1215bab2b21d36db41ba7894df17ba36f1,0.2487199380993843,0.22749090567231178,0.24206098169088364,0.5888219457119703,0.14390191063284874,0.5650089588016272,0.1796940341591835,2.1956986747682095,0.0,0.0,7.840930018573999,1131.7694631870836,4693.534678313881,232000,232000,,2.793683898093503,,False,False,ok
BNCI2014_001,resampled_spectral_normalized_power_s1,resampled,spectral,normalized_power,3,6398,465,500,500,1.0,22,253,0.00040807234512598643,0.020200800606064762,6.331400594193471,0.6208103732030461,37.91896267969538,37.91896267969538,0.00021580677068506763,2.793683898093503,0.0002686425067056922,0.00011929779521370266,0.0010302749065420008,6.357844829526797e-05,188.24073761048203,5.716247880429664,0.03017952124818757,0.09236224807369398,0.1459989447547685,114278,051596f87c73b114e78fc037c3883de63787e4b0a19cebd14d2a5fd655f53f73,three_row_sha256,f9dea265b52079f6d4a8cfdb4ac6bd681540aba36bdee4d7168a8117b5da68a3,8b3956404398690bbe02d2f590fbbfce2ca696f3e3b691ed979e35e9b8276d71,8b10f26c63efc1e7b779523080bc9e1215bab2b21d36db41ba7894df17ba36f1,0.21531805396080017,0.2221760805696249,0.22924505174160004,0.5575099494308233,0.13411813415586948,0.9427429176867008,0.16159191727638245,2.462702104821801,0.0,0.0,8.13039904460311,1134.2321652919054,4701.665077358484,232500,232500,,2.793683898093503,,False,False,ok
BNCI2014_001,resampled_spectral_normalized_power_s1,resampled,spectral,normalized_power,3,6398,466,500,500,1.0,22,253,0.00040097629845909147,0.02002439258652036,6.323211832553406,0.6200074437257198,37.99925562742801,37.99925562742801,0.0002089701463403716,2.793683898093503,0.00027087214724729516,0.00011644541471909819,0.0009000773182079356,4.595708623341092e-05,188.24073761048206,5.716247880429664,0.03017952124818757,0.09236224807369398,0.1459989447547685,114743,5f4644cfc1eabeac448ca66b10cccca970a8f5d6132e1dddb92156a47cc207f4,three_row_sha256,fcf493b53ee641f3d69dc30ce0b5220928d38aff4172e91d3aed9b0517b452e5,8b3956404398690bbe02d2f590fbbfce2ca696f3e3b691ed979e35e9b8276d71,8b10f26c63efc1e7b779523080bc9e1215bab2b21d36db41ba7894df17ba36f1,0.21287798881530762,0.2217218279838562,0.22261892445385456,0.5435070488601923,0.13091694563627243,0.6574178114533424,0.16314582899212837,2.152206376194954,0.0,0.0,9.950767969712615,1136.3843716681004,4711.615845328197,233000,233000,,2.793683898093503,,False,False,ok
BNCI2014_001,resampled_spectral_normalized_power_s1,resampled,spectral,normalized_power,3,6398,467,500,500,1.0,22,253,0.00041534631119785246,0.02038004688900034,6.298281818229688,0.6175629906752433,38.24370093247566,38.24370093247566,0.0002155447050674477,2.793683898093503,0.000273698666468428,0.00012181117402131829,0.0009069130187350667,5.282917926931978e-05,188.240737610482,5.716247880429665,0.03017952124818757,0.09236224807369398,0.1459989447547685,115209,2af8ba24008fb0e860615a19184465403cf7ffef35cca3abd2fbf43e72fe114d,three_row_sha256,7d55c94179733d3fbef4e19589aa38b0c7f6ce27c2b973e1324a329a8f714442,8b3956404398690bbe02d2f590fbbfce2ca696f3e3b691ed979e35e9b8276d71,8b10f26c63efc1e7b779523080bc9e1215bab2b21d36db41ba7894df17ba36f1,0.23692590184509754,0.22411090321838856,0.23725605569779873,0.5693580023944378,0.13518496416509151,0.8734171278774738,0.17367000691592693,2.449922962114215,0.0,0.0,9.020406054332852,1138.8342946302146,4720.63625138253,233500,233500,,2.793683898093503,,False,False,ok
BNCI2014_001,resampled_spectral_normalized_power_s1,resampled,spectral,normalized_power,3,6398,468,500,500,1.0,22,253,0.00038109549692988745,0.01952166737063941,6.303520512273793,0.6180766583157967,38.19233416842033,38.19233416842033,0.0002030034358514783,2.793683898093503,0.00025734793781205956,0.00010941285015922775,0.0007378389733155586,6.70484043176622e-05,188.240737610482,5.716247880429664,0.03017952124818757,0.09236224807369398,0.1459989447547685,115676,e5c06935fdf90943127751793684e5681d386ac1770324cb4cc8bed8c527b0f8,three_row_sha256,50c64e7e780155cbca9f8c45719a376f812621bbdf8dd1b43be04d3529f26f6c,8b3956404398690bbe02d2f590fbbfce2ca696f3e3b691ed979e35e9b8276d71,8b10f26c63efc1e7b779523080bc9e1215bab2b21d36db41ba7894df17ba36f1,0.24995394051074982,0.23012910969555378,0.24001509882509708,0.7461218629032373,0.2086111344397068,0.7511149160563946,0.19078701734542847,2.616733079776168,0.0,0.0,9.174638893455267,1141.4510277099907,4729.810890275985,234000,234000,,2.793683898093503,,False,False,ok
BNCI2014_001,resampled_spectral_normalized_power_s1,resampled,spectral,normalized_power,3,6398,469,500,500,1.0,22,253,0.0003791449516536151,0.019471644811202136,6.296069666471325,0.6173460834146366,38.265391658536345,38.265391658536345,0.00020678239890202803,2.793683898093503,0.00025258101276929174,0.00010792986232767727,0.0008535092186827975,7.077672934323495e-05,188.240737610482,5.716247880429664,0.03017952124818757,0.09236224807369398,0.1459989447547685,116144,13630c9991a6a7ba020d9261e1a07c57e1057c1b38aa64c53d32b5d84891c340,three_row_sha256,8cec013f718a5a5922d830b091b083412d8bb5f6897068383b88560df7160127,8b3956404398690bbe02d2f590fbbfce2ca696f3e3b691ed979e35e9b8276d71,8b10f26c63efc1e7b779523080bc9e1215bab2b21d36db41ba7894df17ba36f1,0.2806109841912985,0.22339588031172752,0.23919297382235527,0.6833600345999002,0.15213899314403534,0.8991020731627941,0.3794438671320677,2.8572448063641787,0.0,0.0,9.656901936978102,1144.308272516355,4739.467792212963,234500,234500,,2.793683898093503,,False,False,ok
BNCI2014_001,resampled_spectral_normalized_power_s1,resampled,spectral,normalized_power,3,6398,470,500,500,1.0,22,253,0.00039083301298879335,0.019769497034289804,6.303354123789112,0.6180603434900745,38.193965650992546,38.193965650992546,0.0002076797287556604,2.793683898093503,0.0002615379711013418,0.00011213630628621434,0.0008102565165829473,5.3422681243303974e-05,188.24073761048203,5.716247880429664,0.03017952124818757,0.09236224807369398,0.1459989447547685,116613,af96f49ec40b4d42660b90074b0f7ad0beaec0fc83c508b583670d4ef5610fb9,three_row_sha256,f8d610c14abb7a3558fb979dfc4c0a51d1845e29918d3af593300a093419a27c,8b3956404398690bbe02d2f590fbbfce2ca696f3e3b691ed979e35e9b8276d71,8b10f26c63efc1e7b779523080bc9e1215bab2b21d36db41ba7894df17ba36f1,0.23887515999376774,0.22366107441484928,0.2324911765754223,0.5904699210077524,0.13795890845358372,0.7511689327657223,0.175821827724576,2.3504470009356737,0.0,0.0,8.104033069685102,1146.6587195172906,4747.571825282648,235000,235000,,2.793683898093503,,False,False,ok
BNCI2014_001,resampled_spectral_normalized_power_s1,resampled,spectral,normalized_power,3,6398,471,500,500,1.0,22,253,0.00040978028973736366,0.02024303064606097,6.310460820498029,0.6187571736732965,38.12428263267035,38.12428263267035,0.00022253567399288518,2.793683898093503,0.00026051056989743505,0.000124516577897324,0.0010801090468998715,5.7362113108333135e-05,188.24073761048203,5.716247880429664,0.03017952124818757,0.09236224807369398,0.1459989447547685,117083,a024dc84f32e89458eca26f8ffd9ef18d156f55c9213028efefe6a05dbfbd35a,three_row_sha256,90d617367179f2c48cd59f89ee6e9128b02c35670c88f1cedb47d859dbe9b377,8b3956404398690bbe02d2f590fbbfce2ca696f3e3b691ed979e35e9b8276d71,8b10f26c63efc1e7b779523080bc9e1215bab2b21d36db41ba7894df17ba36f1,0.22891187109053135,0.223072012886405,0.22765505127608776,0.5681188777089119,0.14201505109667778,0.7171519100666046,0.17266208305954933,2.2795868571847677,0.0,0.0,8.151706075295806,1148.9383063744754,4755.723531357944,235500,235500,,2.793683898093503,,False,False,ok
BNCI2014_001,resampled_spectral_normalized_power_s1,resampled,spectral,normalized_power,3,6398,472,500,500,1.0,22,253,0.00037454044811635303,0.019353047514961384,6.300607111520351,0.6177909917587487,38.220900824125124,38.220900824125124,0.00019900086684341106,2.793683898093503,0.0002569288861209996,0.00010519404867413198,0.0006798797871225968,4.2227627761357126e-05,188.24073761048203,5.716247880429664,0.03017952124818757,0.09236224807369398,0.1459989447547685,117554,ee58d3aa1b341b6a378a5a3705f63f272f844f488c345813e58c0ab2d906b722,three_row_sha256,2d884dc687afe30156102dd5c5d295d677e4bd461a0d3e8314b124bf32ec8f74,8b3956404398690bbe02d2f590fbbfce2ca696f3e3b691ed979e35e9b8276d71,8b10f26c63efc1e7b779523080bc9e1215bab2b21d36db41ba7894df17ba36f1,0.2151881344616413,0.22077909670770168,0.21927501074969769,0.5570610519498587,0.13180100359022617,0.7945280522108078,0.16129203140735626,2.2999243810772896,0.0,0.0,8.39812308549881,1151.2382307555526,4764.121654443443,236000,236000,,2.793683898093503,,False,False,ok
BNCI2014_001,resampled_spectral_normalized_power_s1,resampled,spectral,normalized_power,3,6398,473,500,500,1.0,22,253,0.0004027909928597894,0.020069653531134747,6.3047194814127,0.6181942203729609,38.180577962703914,38.180577962703914,0.0002112286488948267,2.793683898093503,0.00026630654092200246,0.00011762032469149895,0.000839905167199943,7.401295708436412e-05,188.24073761048203,5.716247880429664,0.03017952124818757,0.09236224807369398,0.1459989447547685,118026,7e33a53a24904adc733d90f4724bef58d882850e4f4726edcee727ab7b4ee88b,three_row_sha256,b03f50cd728ed99b617733d4dbcdc1e905ce10bfb74361060649a4ff7ba2ad16,8b3956404398690bbe02d2f590fbbfce2ca696f3e3b691ed979e35e9b8276d71,8b10f26c63efc1e7b779523080bc9e1215bab2b21d36db41ba7894df17ba36f1,0.2488850150257349,0.22655120119452477,0.231259036809206,0.5966799799352884,0.13884110376238823,0.7540110964328051,0.1862498465925455,2.382477279752493,0.0,0.0,7.835528114810586,1153.6207080353051,4771.957182558253,236500,236500,,2.793683898093503,,False,False,ok
BNCI2014_001,resampled_spectral_normalized_power_s1,resampled,spectral,normalized_power,3,6398,474,500,500,1.0,22,253,0.0003893569655276819,0.019732130283567507,6.290776505164803,0.6168270751166717,38.31729248833284,38.31729248833284,0.00021067358209565356,2.793683898093503,0.0002585631752576036,0.0001113342698771849,0.0008304546897257938,8.349851947258981e-05,188.240737610482,5.716247880429664,0.03017952124818757,0.09236224807369398,0.1459989447547685,118499,51a583673d66ef15e70f3e1b5e34fa9c5dc55a8af0aa059dddb6b3e7a39dcec0,three_row_sha256,c7fbcf95c31c0e1487423023eb81e56643afd82abeb8f6d5b8c9aa1eb1672c3d,8b3956404398690bbe02d2f590fbbfce2ca696f3e3b691ed979e35e9b8276d71,8b10f26c63efc1e7b779523080bc9e1215bab2b21d36db41ba7894df17ba36f1,0.2398141659796238,0.22497796453535557,0.23454404436051846,0.5874920170754194,0.13723410665988922,0.7154380436986685,0.1750551164150238,2.3145554587244987,0.0,0.0,10.431650094687939,1155.9352634940296,4782.388832652941,237000,237000,,2.793683898093503,,False,False,ok
BNCI2014_001,resampled_spectral_normalized_power_s1,resampled,spectral,normalized_power,3,6398,475,500,500,1.0,22,253,0.00038696869852958954,0.019671519985237276,6.300869763517449,0.6178167454734151,38.21832545265849,38.21832545265849,0.00020682939702787535,2.793683898093503,0.0002586833595776692,0.00011026747773539655,0.0007633385417488015,5.1851857489177797e-05,188.24073761048203,5.716247880429664,0.03017952124818757,0.09236224807369398,0.1459989447547685,118973,7131970d7dc71227439225c55406fce4ec3e5ed8b9ad4d26d3ee517ed0776b19,three_row_sha256,b620633ac4319e306234b130c89bb44808e4076d3cee279655a61dcd58ad77ca,8b3956404398690bbe02d2f590fbbfce2ca696f3e3b691ed979e35e9b8276d71,8b10f26c63efc1e7b779523080bc9e1215bab2b21d36db41ba7894df17ba36f1,0.2350041177123785,0.22375094704329967,0.23309700191020966,0.5830309819430113,0.13510999269783497,0.8350620046257973,0.17505604773759842,2.4201110936701298,0.0,0.0,8.208346087485552,1158.3553745876998,4790.597178740427,237500,237500,,2.793683898093503,,False,False,ok
BNCI2014_001,resampled_spectral_normalized_power_s1,resampled,spectral,normalized_power,3,6398,476,500,500,1.0,22,253,0.0003874102573333772,0.019682740087024905,6.295211429240443,0.6172619310114401,38.27380689885599,38.27380689885599,0.000207529028875182,2.793683898093503,0.0002594223191587648,0.00011000104810751582,0.0008063875756017609,5.9950768168775436e-05,188.24073761048203,5.716247880429664,0.03017952124818757,0.09236224807369398,0.1459989447547685,119448,c5dfec55592fd06679698e64040416679f9d1a22718c7e0cbd53b1ab6591ceb4,three_row_sha256,87d92b6a90603d02d8d51fd1646002d0e2e1d3876d88bde4fade38090091c51b,8b3956404398690bbe02d2f590fbbfce2ca696f3e3b691ed979e35e9b8276d71,8b10f26c63efc1e7b779523080bc9e1215bab2b21d36db41ba7894df17ba36f1,0.2215628046542406,0.22169598378241062,0.22128387354314327,0.5577050615102053,0.1394019927829504,0.7087420672178268,0.1725940965116024,2.2429858800023794,0.0,0.0,9.09440591931343,1160.5983604677022,4799.69158465974,238000,238000,,2.793683898093503,,False,False,ok
BNCI2014_001,resampled_spectral_normalized_power_s1,resampled,spectral,normalized_power,3,6398,477,500,500,1.0,22,253,0.00039919697492388207,0.019979914287200584,6.290616237046268,0.6168113604088437,38.31886395911564,38.31886395911564,0.00021096388663904495,2.793683898093503,0.0002628460912288075,0.000117485593695697,0.0008033310076267588,6.780051518534181e-05,188.24073761048203,5.716247880429664,0.03017952124818757,0.09236224807369398,0.1459989447547685,119924,59139e763296ffef1d3f89aed6fe9a6313e02435fae129735aba63de207b8860,three_row_sha256,412c7c848126d2416bdabd5eadbb6bf0566692b781897d0a3841fa47c335cf70,8b3956404398690bbe02d2f590fbbfce2ca696f3e3b691ed979e35e9b8276d71,8b10f26c63efc1e7b779523080bc9e1215bab2b21d36db41ba7894df17ba36f1,0.2370669972151518,0.22271997295320034,0.22704410366714,0.5677230656147003,0.1337849535048008,0.7023790385574102,0.1681928988546133,2.258911030367017,0.0,0.0,8.647493086755276,1162.8572714980692,4808.339077746496,238500,238500,,2.793683898093503,,False,False,ok
BNCI2014_001,resampled_spectral_normalized_power_s1,resampled,spectral,normalized_power,3,6398,478,500,500,1.0,22,253,0.00040077483325144105,0.02001936145963305,6.2925162152315535,0.6169976582348518,38.30023417651483,38.30023417651483,0.0002164463728952475,2.793683898093503,0.0002628070228194168,0.00011647179239519196,0.0009472608880866378,5.733426100082943e-05,188.24073761048206,5.716247880429664,0.03017952124818757,0.09236224807369398,0.1459989447547685,120401,681b29c26d5157abb924c3725800a415339d8a50bde94bf51ca7cfd8f4d1644f,three_row_sha256,524a019e1c4d26e8d1f94dc22989f8876cc257d9d9f490ba0e7af9c52dc6cbd2,8b3956404398690bbe02d2f590fbbfce2ca696f3e3b691ed979e35e9b8276d71,8b10f26c63efc1e7b779523080bc9e1215bab2b21d36db41ba7894df17ba36f1,0.23306487128138542,0.22396491840481758,0.22797519341111183,0.5612049717456102,0.13463781215250492,0.5978208500891924,0.17170701175928116,2.1503756288439035,0.0,0.0,8.418603101745248,1165.007647126913,4816.757680848241,239000,239000,,2.793683898093503,,False,False,ok
BNCI2014_001,resampled_spectral_normalized_power_s1,resampled,spectral,normalized_power,3,6398,479,500,500,1.0,22,253,0.0003866704915532471,0.019663938861612825,6.286513696561563,0.6164090955937368,38.35909044062632,38.35909044062632,0.00020587978106540136,2.793683898093503,0.0002554346942899179,0.00011509724533621055,0.0007532493291244316,7.123314485003622e-05,188.24073761048203,5.716247880429664,0.03017952124818757,0.09236224807369398,0.1459989447547685,120879,55dfbf9026f6b8cff5ad61ba4263e50816cb19c5eb6e03e0e2a40289f5113b5f,three_row_sha256,0c3bfdc5c53ffe6a7721efc12404102d4081124a9d2e5b4f8dd5216e18f66a33,8b3956404398690bbe02d2f590fbbfce2ca696f3e3b691ed979e35e9b8276d71,8b10f26c63efc1e7b779523080bc9e1215bab2b21d36db41ba7894df17ba36f1,0.25025405921041965,0.2245609648525715,0.23939902894198895,0.6034469697624445,0.1381679903715849,0.7822080515325069,0.18046703189611435,2.4185040965676308,0.0,0.0,8.47626500762999,1167.4261512234807,4825.233945855871,239500,239500,,2.793683898093503,,False,False,ok
BNCI2014_001,resampled_spectral_normalized_power_s1,resampled,spectral,normalized_power,3,6398,480,500,500,1.0,22,253,0.0004027454593660296,0.02006851911243153,6.291450501366754,0.6168931622055307,38.31068377944693,38.31068377944693,0.0002191566388012046,2.793683898093503,0.0002622229474348383,0.00011650248999305217,0.0011044168111919283,5.3538723368859924e-05,188.24073761048203,5.716247880429664,0.03017952124818757,0.09236224807369398,0.1459989447547685,121358,727196f289b32db3071cc4b16f1b3dfca8cf6e3ae12627d89ff67382d1c2d2bb,three_row_sha256,501171cddb58e1cee7d57d8cad71bad2fa2a8f2d5e395c87579963b2f440187a,8b3956404398690bbe02d2f590fbbfce2ca696f3e3b691ed979e35e9b8276d71,8b10f26c63efc1e7b779523080bc9e1215bab2b21d36db41ba7894df17ba36f1,0.22922013886272907,0.22779894061386585,0.2250939141958952,0.6924401968717575,0.14232192188501358,0.6887209601700306,0.1842810306698084,2.3898771032691,0.0,0.0,8.44453601166606,1169.8160283267498,4833.678481867537,240000,240000,,2.793683898093503,,False,False,ok
BNCI2014_001,resampled_spectral_normalized_power_s1,resampled,spectral,normalized_power,3,6398,481,500,500,1.0,22,253,0.0003791393766858052,0.01947150165461835,6.297519789557736,0.6174882717726581,38.25117282273419,38.25117282273419,0.00020324868089300217,2.793683898093503,0.0002560409943682355,0.00010909081956124656,0.000741970577775515,4.174563306467788e-05,188.240737610482,5.716247880429664,0.03017952124818757,0.09236224807369398,0.1459989447547685,121838,ac4c4daacc67b77b10aea869ff1fab0454b1829b3b3baf6234031915520bf82a,three_row_sha256,0fb174cee99f9e376e8e94986300d9d7c3aa25247d0203ce93d9ed364d2cf382,8b3956404398690bbe02d2f590fbbfce2ca696f3e3b691ed979e35e9b8276d71,8b10f26c63efc1e7b779523080bc9e1215bab2b21d36db41ba7894df17ba36f1,0.2723890356719494,0.2690039109438658,0.23752893321216106,0.8931790944188833,0.14296104200184345,0.6181199569255114,0.17478805966675282,2.607970032840967,0.0,0.0,8.808962069451809,1172.4239983595908,4842.487443936989,240500,240500,,2.793683898093503,,False,False,ok
BNCI2014_001,resampled_spectral_normalized_power_s1,resampled,spectral,normalized_power,3,6398,482,500,500,1.0,22,253,0.0004071731951106425,0.02017853302672527,6.275988006699667,0.6153770241975002,38.46229758024999,38.46229758024999,0.00021563862539182723,2.793683898093503,0.0002681718286067847,0.00011874052393827836,0.000914559513816804,7.661615235889872e-05,188.240737610482,5.716247880429664,0.03017952124818757,0.09236224807369398,0.1459989447547685,122319,8788b6a2ca7da7b563410c5637f387c3541103c6007ba685f54a433d891fe468,three_row_sha256,49085119afa837f99b0d590057fd3ebdc10f139113586ecc1a6b391775733a91,8b3956404398690bbe02d2f590fbbfce2ca696f3e3b691ed979e35e9b8276d71,8b10f26c63efc1e7b779523080bc9e1215bab2b21d36db41ba7894df17ba36f1,0.2422700636088848,0.22210204042494297,0.22854004055261612,0.5561590660363436,0.19265501759946346,0.5900280084460974,0.16554188914597034,2.1972961258143187,0.0,0.0,9.566585998982191,1174.621294485405,4852.054029935971,241000,241000,,2.793683898093503,,False,False,ok
BNCI2014_001,resampled_spectral_normalized_power_s1,resampled,spectral,normalized_power,3,6398,483,500,500,1.0,22,253,0.00039547272176607574,0.019886495965002877,6.263967998271111,0.6141984309609138,38.58015690390863,38.58015690390863,0.00020934812068332744,2.793683898093503,0.0002656237011493621,0.00011331365457847017,0.0008241688531617371,6.995720589133906e-05,188.240737610482,5.716247880429664,0.03017952124818757,0.09236224807369398,0.1459989447547685,122801,db4ec211401c5125b9d589b0ff26fbae4414759566757d6c90bede532254fbe1,three_row_sha256,b083807abc74cb54ff00a3edcd6be9261cb67ec7ec25cc1616d4a13467532a84,8b3956404398690bbe02d2f590fbbfce2ca696f3e3b691ed979e35e9b8276d71,8b10f26c63efc1e7b779523080bc9e1215bab2b21d36db41ba7894df17ba36f1,0.2528298646211624,0.227777985855937,0.24316995404660702,0.5922401323914528,0.14564814046025276,0.6224550306797028,0.18517603166401386,2.2692971397191286,0.0,0.0,8.037528023123741,1176.8905916251242,4860.091557959095,241500,241500,,2.793683898093503,,False,False,ok
BNCI2014_001,resampled_spectral_normalized_power_s1,resampled,spectral,normalized_power,3,6398,484,500,500,1.0,22,253,0.000425956006947061,0.02063870167784449,6.255424489159212,0.6133607175669633,38.66392824330367,38.66392824330367,0.00022676837832173616,2.793683898093503,0.0002743763685749021,0.00012524801206413266,0.0012122934908189752,8.010012974350074e-05,188.24073761048203,5.716247880429664,0.03017952124818757,0.09236224807369398,0.1459989447547685,123284,cb37af152f1e41f35da0cd3be81f3ef77c1188364445bf33b09b46340a010b9d,three_row_sha256,6f42360b2ce72db4a2aaac5b16136e95995cf5621fc263d3673a8860af4f1682,8b3956404398690bbe02d2f590fbbfce2ca696f3e3b691ed979e35e9b8276d71,8b10f26c63efc1e7b779523080bc9e1215bab2b21d36db41ba7894df17ba36f1,0.23085600696504116,0.2216980792582035,0.22889580577611923,0.5767059046775103,0.13244221918284893,0.5972699727863073,0.16940198838710785,2.1572699770331383,0.0,0.0,8.425502805039287,1179.0478616021574,4868.517060764134,242000,242000,,2.793683898093503,,False,False,ok
BNCI2014_001,resampled_spectral_normalized_power_s1,resampled,spectral,normalized_power,3,6398,485,500,500,1.0,22,253,0.0004009862842695081,0.020024641926124624,6.27348673290306,0.6151317677655223,38.48682322344777,38.48682322344777,0.00020600958434107582,2.793683898093503,0.0002669765506069486,0.00012036811040695753,0.0006800276069487848,6.183074898436854e-05,188.24073761048203,5.716247880429664,0.03017952124818757,0.09236224807369398,0.1459989447547685,123768,49cb0bfcb252d420781f58060662d40e43a787e93276d2d3d2d82bb8eff1cfa0,three_row_sha256,fd72f2515e4a71384449b4b7b7113f8b124580d3dbc0a1a7458f97b250456b42,8b3956404398690bbe02d2f590fbbfce2ca696f3e3b691ed979e35e9b8276d71,8b10f26c63efc1e7b779523080bc9e1215bab2b21d36db41ba7894df17ba36f1,0.23869704455137253,0.2241909969598055,0.23295311257243156,0.6432998925447464,0.13647391460835934,0.6124961655586958,0.17625698819756508,2.264368114992976,0.0,0.0,8.443716913461685,1181.3122297171503,4876.960777677596,242500,242500,,2.793683898093503,,False,False,ok
BNCI2014_001,resampled_spectral_normalized_power_s1,resampled,spectral,normalized_power,3,6398,486,500,500,1.0,22,253,0.0004044161308901945,0.020110100220789417,6.267602388162044,0.6145547923869502,38.54452076130497,38.54452076130497,0.00021477141597504512,2.793683898093503,0.0002658779955441541,0.00011804140569391057,0.0009939266189274206,6.134155498615584e-05,188.24073761048203,5.716247880429664,0.03017952124818757,0.09236224807369398,0.1459989447547685,124253,9c3cc9aac1e5751268c34cfad3783ebe5c296920a341368f16024fabd0603b57,three_row_sha256,c77c7c758312776036912ca9451898a9b750a3dd79cfb3b1a28396d1bdfe7e47,8b3956404398690bbe02d2f590fbbfce2ca696f3e3b691ed979e35e9b8276d71,8b10f26c63efc1e7b779523080bc9e1215bab2b21d36db41ba7894df17ba36f1,0.3389760386198759,0.2592999953776598,0.2554960083216429,0.982802826911211,0.24832412600517273,0.6794219370931387,0.30437600798904896,3.06869694031775,0.0,0.0,10.018299100920558,1184.380926657468,4886.979076778516,243000,243000,,2.793683898093503,,False,False,ok
BNCI2014_001,resampled_spectral_normalized_power_s1,resampled,spectral,normalized_power,3,6398,487,500,500,1.0,22,253,0.00039442431355796463,0.01986011866928203,6.258282434344044,0.6136409465605949,38.63590534394052,38.63590534394052,0.00020511506937407603,2.793683898093503,0.00026307156748174365,0.00011625613836725044,0.0007137841687116105,7.14763132676388e-05,188.24073761048203,5.716247880429664,0.03017952124818757,0.09236224807369398,0.1459989447547685,124739,3f8a0df53e81f0954e9ed87b1641fc4ab4cdad5225d5e989a5dbf64cbb50c918,three_row_sha256,392733d64f299044da9acad3ae3769f14a1db5741d0a9ccbb98868b9b71d0e58,8b3956404398690bbe02d2f590fbbfce2ca696f3e3b691ed979e35e9b8276d71,8b10f26c63efc1e7b779523080bc9e1215bab2b21d36db41ba7894df17ba36f1,0.22464105859398842,0.22257096134126186,0.2248440869152546,0.7539179641753435,0.20217383280396461,0.6053380202502012,0.23619108833372593,2.46967701241374,0.0,0.0,10.390917072072625,1186.8506036698818,4897.369993850589,243500,243500,,2.793683898093503,,False,False,ok
BNCI2014_001,resampled_spectral_normalized_power_s1,resampled,spectral,normalized_power,3,6398,488,500,500,1.0,22,253,0.00038367001131774537,0.01958749630038881,6.269333502551857,0.6147245326765447,38.527546732345535,38.527546732345535,0.00020344071445378158,2.793683898093503,0.0002650136094051649,0.00010406544703870782,0.0007142291467274534,9.410098015214847e-05,188.24073761048203,5.716247880429664,0.03017952124818757,0.09236224807369398,0.1459989447547685,125226,04980f2088d5281c49080ea8cac7a20729e8a718f88d8104905522c2ffc54111,three_row_sha256,e0ab18e5a44bd4f802b20cdb9818895b512da82dbcacace10661da5475217d5a,8b3956404398690bbe02d2f590fbbfce2ca696f3e3b691ed979e35e9b8276d71,8b10f26c63efc1e7b779523080bc9e1215bab2b21d36db41ba7894df17ba36f1,0.2624019980430603,0.22122683003544807,0.22938684560358524,0.5593770183622837,0.13231905177235603,0.8985300082713366,0.16860384494066238,2.4718455970287323,0.0,0.0,12.17821310274303,1189.3224492669106,4909.548206953332,244000,244000,,2.793683898093503,,False,False,ok
BNCI2014_001,resampled_spectral_normalized_power_s1,resampled,spectral,normalized_power,3,6398,489,500,500,1.0,22,253,0.0003766476625712167,0.01940741256765612,6.248687102166466,0.612700099166476,38.7299900833524,38.7299900833524,0.00019864199577889957,2.793683898093503,0.00025850797300547035,0.0001064318626023169,0.000629586674177286,5.6310767744290364e-05,188.240737610482,5.716247880429664,0.03017952124818757,0.09236224807369398,0.1459989447547685,125714,bfe279b777ef7e70f66cee26348679b0addd70300b701d1d6ce81c80b7d5771c,three_row_sha256,ff412b87aed9e7807b1374f9b0e50062fa61d8a494f23bb867733ac226a8fd79,8b3956404398690bbe02d2f590fbbfce2ca696f3e3b691ed979e35e9b8276d71,8b10f26c63efc1e7b779523080bc9e1215bab2b21d36db41ba7894df17ba36f1,0.26034004986286163,0.22607995197176933,0.2386320848017931,0.6144850049167871,0.14067301526665688,1.0793060064315796,0.19333907403051853,2.752855187281966,0.0,0.0,11.56748691573739,1192.0753044541925,4921.115693869069,244500,244500,,2.793683898093503,,False,False,ok
BNCI2014_001,resampled_spectral_normalized_power_s1,resampled,spectral,normalized_power,3,6398,490,500,500,1.0,22,253,0.00039031677125622304,0.01975643619826772,6.264482190655774,0.6142488488678952,38.57511511321048,38.57511511321048,0.00020825009584256248,2.793683898093503,0.0002576508046759499,0.00011351463867123365,0.0008274835998482121,5.4880788075873985e-05,188.24073761048206,5.716247880429664,0.03017952124818757,0.09236224807369398,0.1459989447547685,126203,7d712005ac048ae99b6a27e1dc402e6850766c5dcb4f9ab546a21b7a726b04a2,three_row_sha256,d2ff49a3999e12082fac7da5345bf5d855d17d7dcf95915588449b184cb6ee33,8b3956404398690bbe02d2f590fbbfce2ca696f3e3b691ed979e35e9b8276d71,8b10f26c63efc1e7b779523080bc9e1215bab2b21d36db41ba7894df17ba36f1,0.26822788640856743,0.2226100768893957,0.22727507166564465,0.5745911039412022,0.13467087410390377,0.73629105463624,0.168265076354146,2.3319311439990997,0.0,0.0,10.90830098837614,1194.4072355981916,4932.023994857445,245000,245000,,2.793683898093503,,False,False,ok
BNCI2014_001,resampled_spectral_normalized_power_s1,resampled,spectral,normalized_power,3,6398,491,500,500,1.0,22,253,0.0003827951714354239,0.01956515196555917,6.281033767088395,0.6158717741889779,38.41282258110221,38.41282258110221,0.00020285419479438056,2.793683898093503,0.00026456146213962216,0.00010520315897468102,0.0007414616957474935,6.981460302793915e-05,188.24073761048203,5.716247880429664,0.03017952124818757,0.09236224807369398,0.1459989447547685,126693,dc992da05fc457183ffab69b823f8a402394bbced9120114e0cefb59da2eeddb,three_row_sha256,0d8cbf7bf06fadaebf17eaa9450d4e89a3aae0d03c679eda15a0fc0108f7c747,8b3956404398690bbe02d2f590fbbfce2ca696f3e3b691ed979e35e9b8276d71,8b10f26c63efc1e7b779523080bc9e1215bab2b21d36db41ba7894df17ba36f1,0.25019608438014984,0.2263940405100584,0.23798411712050438,0.5797760095447302,0.1434099394828081,0.6463429890573025,0.17571309581398964,2.259816275909543,0.0,0.0,8.130006026476622,1196.6670518741012,4940.154000883922,245500,245500,,2.793683898093503,,False,False,ok
BNCI2014_001,resampled_spectral_normalized_power_s1,resampled,spectral,normalized_power,3,6398,492,500,500,1.0,22,253,0.0003759841688065428,0.019390311209636187,6.277996891661421,0.6155740006175314,38.44259993824686,38.44259993824686,0.00019846368192113034,2.793683898093503,0.00025814692365610197,0.0001061946430346944,0.0006601418661602134,6.216504681665603e-05,188.24073761048203,5.716247880429664,0.03017952124818757,0.09236224807369398,0.1459989447547685,127184,86448a74c5ff0e1f30e8e9570c6e44bfebbdce72c0298d5a90ba15a8a951353b,three_row_sha256,6d0d324d14e1d6ea0a4a71e5e27fb3765062d0b83082f14b637a24ef3c1aa7a1,8b3956404398690bbe02d2f590fbbfce2ca696f3e3b691ed979e35e9b8276d71,8b10f26c63efc1e7b779523080bc9e1215bab2b21d36db41ba7894df17ba36f1,0.23430213332176208,0.22231205366551876,0.22758380509912968,0.5818330682814121,0.1353470142930746,0.6268599536269903,0.16881688497960567,2.1970549132674932,0.0,0.0,8.033190155401826,1198.8641067873687,4948.187191039324,246000,246000,,2.793683898093503,,False,False,ok
BNCI2014_001,resampled_spectral_normalized_power_s1,resampled,spectral,normalized_power,3,6398,493,500,500,1.0,22,253,0.00040467734793289803,0.020116593845203964,6.268923114014843,0.6146842930080809,38.53157069919191,38.53157069919191,0.00021087659727499065,2.793683898093503,0.00026580487483705064,0.00011942177204653443,0.0007839671543694293,4.4273057918797e-05,188.24073761048203,5.716247880429664,0.03017952124818757,0.09236224807369398,0.1459989447547685,127676,bba2be6054005a4127165ea96c89095505451357c3a7fa6fb5649e1a625d78bc,three_row_sha256,7b6b5b5c8166b89d59667d57ba6786402d1b36de86a832a5482de2a6a51f6612,8b3956404398690bbe02d2f590fbbfce2ca696f3e3b691ed979e35e9b8276d71,8b10f26c63efc1e7b779523080bc9e1215bab2b21d36db41ba7894df17ba36f1,0.28338399715721607,0.22451719269156456,0.2405908890068531,0.5786009132862091,0.13882992789149284,0.7416100706905127,0.18388894386589527,2.3914219345897436,0.0,0.0,8.569489000365138,1201.2555287219584,4956.756680039689,246500,246500,,2.793683898093503,,False,False,ok
BNCI2014_001,resampled_spectral_normalized_power_s1,resampled,spectral,normalized_power,3,6398,494,500,500,1.0,22,253,0.0003755557981596777,0.019379262064373806,6.259024374768739,0.6137136957580428,38.62863042419572,38.62863042419572,0.0001988204872166724,2.793683898093503,0.00025927317888479773,0.00010485868261293603,0.0007116073514802702,7.599599993698829e-05,188.240737610482,5.716247880429664,0.03017952124818757,0.09236224807369398,0.1459989447547685,128169,e4f4a7b5e495b61e71bfe2c45cd9768a431bb11fc6ad1d7bdb8966c0364d297f,three_row_sha256,611db0943d4620321660862b59ee24ba637d6d4c4b0aa09f4209ce1ba7df5fe0,8b3956404398690bbe02d2f590fbbfce2ca696f3e3b691ed979e35e9b8276d71,8b10f26c63efc1e7b779523080bc9e1215bab2b21d36db41ba7894df17ba36f1,0.21728291176259518,0.22078515030443668,0.2214477863162756,0.5568468477576971,0.13437308371067047,0.6269339937716722,0.1640289556235075,2.141698729246855,0.0,0.0,8.997982135042548,1203.3972274512053,4965.7546621747315,247000,247000,,2.793683898093503,,False,False,ok
BNCI2014_001,resampled_spectral_normalized_power_s1,resampled,spectral,normalized_power,3,6398,495,500,500,1.0,22,253,0.0004274059943158737,0.020673799706775572,6.247094790164132,0.6125439688136862,38.74560311863137,38.74560311863137,0.0002296298724676132,2.7936838980935024,0.0002724392564509962,0.00012760331158011114,0.0012838144218330096,4.589403779079677e-05,188.24073761048203,5.716247880429664,0.03017952124818757,0.09236224807369398,0.1459989447547685,128663,0155e534b8efa477b81db250db43882775bf24d125bee92e53a393a53065a44e,three_row_sha256,417e3f4600872c0596fb86976a5ce466c70de8297033474c4ef9d835b1a6406d,8b3956404398690bbe02d2f590fbbfce2ca696f3e3b691ed979e35e9b8276d71,8b10f26c63efc1e7b779523080bc9e1215bab2b21d36db41ba7894df17ba36f1,0.22173486649990082,0.22167107090353966,0.22251508198678493,0.5645451601594687,0.13280403800308704,0.6530880928039551,0.1681151334196329,2.184473443776369,0.0,0.0,8.575503015890718,1205.5817008949816,4974.330165190622,247500,247500,,2.793683898093503,,False,False,ok
BNCI2014_001,resampled_spectral_normalized_power_s1,resampled,spectral,normalized_power,3,6398,496,500,500,1.0,22,253,0.0003688545917734322,0.019205587514404036,6.260139562782572,0.6138230428569603,38.61769571430397,38.61769571430397,0.00019722769916304456,2.793683898093503,0.00024899994614797856,0.00010725923299340473,0.0006817720589043378,5.6327986326496746e-05,188.240737610482,5.716247880429664,0.03017952124818757,0.09236224807369398,0.1459989447547685,129158,c8787b433b11217ad655cb41fddb7c673dc4c2a7b65f87a2b7cef48fbb3c291a,three_row_sha256,b42ec4b92342d0cc76b231a0bb57d721970e5f863564495a0d9ed17db1a6776c,8b3956404398690bbe02d2f590fbbfce2ca696f3e3b691ed979e35e9b8276d71,8b10f26c63efc1e7b779523080bc9e1215bab2b21d36db41ba7894df17ba36f1,0.277139013633132,0.22625201381742954,0.24607405066490173,0.6760191172361374,0.15369104221463203,0.8201741147786379,0.20624720491468906,2.6055965572595596,0.0,0.0,8.326106006279588,1208.1872974522412,4982.656271196902,248000,248000,,2.793683898093503,,False,False,ok
BNCI2014_001,resampled_spectral_normalized_power_s1,resampled,spectral,normalized_power,3,6398,497,500,500,1.0,22,253,0.000407821768459418,0.02019459750674467,6.262845962485224,0.6140884124200521,38.59115875799479,38.59115875799479,0.000214189010292973,2.793683898093503,0.00027225860067745417,0.00011686558085729984,0.0008461808041453677,4.9556600702145576e-05,188.24073761048203,5.716247880429664,0.03017952124818757,0.09236224807369398,0.1459989447547685,129654,63a156cc91b66d42a5f06c15be9c686c4bca11cecf1c478dc9feac7df57451e9,three_row_sha256,262881295e425ddc5d9eea09c15af6479a401e24026a11f7602054bd88d34a7f,8b3956404398690bbe02d2f590fbbfce2ca696f3e3b691ed979e35e9b8276d71,8b10f26c63efc1e7b779523080bc9e1215bab2b21d36db41ba7894df17ba36f1,0.21985010243952274,0.22072112187743187,0.22235186770558357,0.5628890357911587,0.13441499322652817,0.7427488453686237,0.16626203432679176,2.2692380007356405,0.0,0.0,8.161134785041213,1210.4565354529768,4990.817405981943,248500,248500,,2.793683898093503,,False,False,ok
BNCI2014_001,resampled_spectral_normalized_power_s1,resampled,spectral,normalized_power,3,6398,498,500,500,1.0,22,253,0.0004067023066169224,0.02016686159562073,6.248244513717598,0.6126567022125115,38.73432977874885,38.73432977874885,0.00021699963674719281,2.793683898093503,0.0002684931183876532,0.00011733099251069549,0.0009218036508928927,5.174222247284811e-05,188.240737610482,5.716247880429664,0.03017952124818757,0.09236224807369398,0.1459989447547685,130151,d29b97b8216bd2db510986dcf49263f08078b917b4be4277d5016890d03ecfc3,three_row_sha256,289886ffc504c5a2c3c016a62039ab4fa4c2c055c759797bb91b0b1274f8a47a,8b3956404398690bbe02d2f590fbbfce2ca696f3e3b691ed979e35e9b8276d71,8b10f26c63efc1e7b779523080bc9e1215bab2b21d36db41ba7894df17ba36f1,0.22580986842513084,0.22299005649983883,0.2291160635650158,0.5593851674348116,0.13920990750193596,0.5950881168246269,0.16934098675847054,2.1409401670098305,0.0,0.0,8.094558957964182,1212.5974756199867,4998.911964939907,249000,249000,,2.793683898093503,,False,False,ok
BNCI2014_001,resampled_spectral_normalized_power_s1,resampled,spectral,normalized_power,3,6398,499,500,500,1.0,22,253,0.00038418517470556213,0.0196006422013556,6.241658382395311,0.6120109148257675,38.79890851742324,38.79890851742324,0.00020011195046122442,2.793683898093503,0.0002623443264540888,0.00011035421659171458,0.0006532123762405744,7.873659592071798e-05,188.24073761048203,5.716247880429664,0.03017952124818757,0.09236224807369398,0.1459989447547685,130649,2756a4881727184a91100352625fa2a666d1e0204d5416c9443b49d6da46e258,three_row_sha256,6695a5d99dd4a116baf40a6bfb15cf1e4f9ded80c3ef1977ac4ddd7a7c67682f,8b3956404398690bbe02d2f590fbbfce2ca696f3e3b691ed979e35e9b8276d71,8b10f26c63efc1e7b779523080bc9e1215bab2b21d36db41ba7894df17ba36f1,0.24953391402959824,0.22321799769997597,0.2308008261024952,0.5514838267117739,0.13103801757097244,0.6805399898439646,0.16067293472588062,2.227287506684661,0.0,0.0,7.956045912578702,1214.8247631266713,5006.868010852486,249500,249500,,2.793683898093503,,False,False,ok
BNCI2014_001,resampled_spectral_normalized_power_s1,resampled,spectral,normalized_power,3,6398,500,500,500,1.0,22,253,0.00036758205728328964,0.01917242961346552,6.224335645564207,0.6103123752124507,38.96876247875493,38.96876247875493,0.00019778349117355952,2.793683898093503,0.0002522292264787324,0.00010396272839559545,0.0006995792701109138,7.161956169181209e-05,188.240737610482,5.716247880429664,0.03017952124818757,0.09236224807369398,0.1459989447547685,131148,6a12a0c742941df1405570a9044870cd24e53f1c2f0148482f4d2e7ce995fca0,three_row_sha256,c3729180e61402be2dbde9f6d9d0f55a6c0d6454a8de4195b627dac9390ff013,8b3956404398690bbe02d2f590fbbfce2ca696f3e3b691ed979e35e9b8276d71,8b10f26c63efc1e7b779523080bc9e1215bab2b21d36db41ba7894df17ba36f1,0.2103680744767189,0.22090203128755093,0.2188221551477909,0.5343558732420206,0.13056187890470028,0.5714830476790667,0.16021006740629673,2.046703128144145,0.0,0.0,7.991506019607186,1216.8714662548155,5014.859516872093,250000,250000,,2.793683898093503,,False,False,ok
